HYDCOND  OBS
5
ID
X
Y
HYDCOND
LOG HYD  COND
1         375        9375         0.00009     -9.315700888
2        3375        9375         0.00009     -9.315700888
3        4875        9375         0.00009     -9.315700888
4        1375        9125         0.00009     -9.315700888
5         375        8375         0.00009     -9.315700888
6        3375        8375         0.00009     -9.315700888
7        1375        8125         0.00009     -9.315700888
8        4625        8125         0.00009     -9.315700888
9        2625        7875         0.00009     -9.315700888
10       2375        6875         0.00009     -9.315700888
11       3875        6625         0.00009     -9.315700888
12       4875        6625         0.00009     -9.315700888
13        375        5875         0.00009     -9.315700888
14       3625        5625         0.00009     -9.315700888
15       2375        5375         0.00009     -9.315700888
16       4875        4875         0.00009     -9.315700888
17        375        4625         0.00009     -9.315700888
18       4125        4625         0.00009     -9.315700888
19       2125        4125         0.00009     -9.315700888
20        625        3625         0.00009     -9.315700888
21       3375        3375         0.00009     -9.315700888
22       4625        2875         0.00009     -9.315700888
23        375        2625         0.00009     -9.315700888
24       2875        2625         0.00009     -9.315700888
25       2125        1875         0.00009     -9.315700888
26       3375        1875         0.00009     -9.315700888
27        875        1625         0.00009     -9.315700888
28       4875        1375         0.00009     -9.315700888
29       1375         875         0.00009     -9.315700888
30       4125         875         0.00009     -9.315700888
