@ [ MODPATH Version 4.00 (V4, Release 3, 7-2003) (TREF=   0.000000E+00 ) ]
      1  1.19020E+04  1.49250E+04  5.00000E-01  8.24335E+02  0.00000E+00  120  158    1       1
      1  1.19176E+04  1.49000E+04  5.00000E-01  8.24335E+02  1.85176E+10  120  159    1       1
      1  1.19281E+04  1.48000E+04  5.00000E-01  8.24795E+02  8.80214E+10  120  160    1       1
      1  1.19428E+04  1.47000E+04  5.00000E-01  8.25295E+02  1.64618E+11  120  161    1       1
      1  1.19540E+04  1.46000E+04  5.00000E-01  8.25845E+02  2.53167E+11  120  162    1       1
      1  1.19748E+04  1.45000E+04  5.00000E-01  8.26405E+02  3.44418E+11  120  163    1       1
      1  1.19752E+04  1.44000E+04  5.00000E-01  8.27255E+02  4.22176E+11  120  164    1       1
      1  1.19825E+04  1.43000E+04  5.00000E-01  8.28395E+02  4.81675E+11  120  165    1       1
      1  1.20000E+04  1.42505E+04  5.00000E-01  8.29585E+02  5.09135E+11  121  165    1       1
      1  1.20282E+04  1.42000E+04  5.00000E-01  8.27735E+02  5.56461E+11  121  166    1       1
      1  1.20610E+04  1.41000E+04  5.00000E-01  8.28835E+02  6.24499E+11  121  167    1       1
      1  1.20727E+04  1.40000E+04  5.00000E-01  8.30065E+02  6.74983E+11  121  168    1       1
      1  1.21000E+04  1.39444E+04  5.00000E-01  8.31315E+02  7.01333E+11  122  168    1       1
      1  1.21311E+04  1.39000E+04  5.00000E-01  8.29295E+02  7.35472E+11  122  169    1       1
      1  1.21956E+04  1.38000E+04  5.00000E-01  8.30445E+02  8.11962E+11  122  170    1       1
      1  1.22000E+04  1.37922E+04  5.00000E-01  8.31595E+02  8.18883E+11  123  170    1       1
      1  1.22425E+04  1.37000E+04  5.00000E-01  8.29275E+02  8.86021E+11  123  171    1       1
      1  1.22752E+04  1.36000E+04  5.00000E-01  8.30375E+02  9.75153E+11  123  172    1       1
      1  1.22986E+04  1.35000E+04  5.00000E-01  8.31605E+02  1.08204E+12  123  173    1       1
      1  1.23000E+04  1.34991E+04  5.00000E-01  8.32925E+02  1.08295E+12  124  173    1       1
      1  1.23832E+04  1.34000E+04  5.00000E-01  8.30205E+02  1.18260E+12  124  174    1       1
      1  1.24000E+04  1.33784E+04  5.00000E-01  8.31645E+02  1.19518E+12  125  174    1       1
      1  1.24786E+04  1.33000E+04  5.00000E-01  8.28765E+02  1.25050E+12  125  175    1       1
      1  1.25000E+04  1.32533E+04  5.00000E-01  8.30145E+02  1.28228E+12  126  175    1       1
      1  1.25171E+04  1.32000E+04  5.00000E-01  8.27235E+02  1.31044E+12  126  176    1       1
      1  1.26000E+04  1.31065E+04  5.00000E-01  8.28315E+02  1.36040E+12  127  176    1       1
      1  1.26093E+04  1.31000E+04  5.00000E-01  8.25385E+02  1.36584E+12  127  177    1       1
      1  1.26266E+04  1.30000E+04  5.00000E-01  8.26305E+02  1.45017E+12  127  178    1       1
      1  1.26268E+04  1.29000E+04  5.00000E-01  8.27415E+02  1.53730E+12  127  179    1       1
      1  1.26314E+04  1.28000E+04  5.00000E-01  8.28525E+02  1.63132E+12  127  180    1       1
      1  1.27000E+04  1.27146E+04  5.00000E-01  8.29645E+02  1.72278E+12  128  180    1       1
      1  1.27067E+04  1.27000E+04  5.00000E-01  8.26295E+02  1.73137E+12  128  181    1       1
      1  1.27262E+04  1.26000E+04  5.00000E-01  8.27305E+02  1.78490E+12  128  182    1       1
      1  1.27569E+04  1.25000E+04  5.00000E-01  8.28135E+02  1.82882E+12  128  183    1       1
      1  1.27969E+04  1.24000E+04  5.00000E-01  8.29015E+02  1.87071E+12  128  184    1       1
      1  1.28000E+04  1.23869E+04  5.00000E-01  8.29735E+02  1.87651E+12  129  184    1       1
      1  1.28296E+04  1.23000E+04  5.00000E-01  8.26135E+02  1.93249E+12  129  185    1       1
      1  1.29000E+04  1.22008E+04  5.00000E-01  8.26915E+02  2.04866E+12  130  185    1       1
      1  1.29009E+04  1.22000E+04  5.00000E-01  8.23575E+02  2.04951E+12  130  186    1       1
      1  1.29205E+04  1.21000E+04  5.00000E-01  8.24205E+02  2.17003E+12  130  187    1       1
      1  1.30000E+04  1.20133E+04  5.00000E-01  8.24855E+02  2.27220E+12  131  187    1       1
      1  1.30069E+04  1.20000E+04  5.00000E-01  8.21735E+02  2.28272E+12  131  188    1       1
      1  1.30178E+04  1.19000E+04  5.00000E-01  8.22495E+02  2.34974E+12  131  189    1       1
      1  1.30154E+04  1.18000E+04  5.00000E-01  8.23355E+02  2.40571E+12  131  190    1       1
      1  1.30044E+04  1.17000E+04  5.00000E-01  8.24325E+02  2.45865E+12  131  191    1       1
      1  1.30000E+04  1.16484E+04  5.00000E-01  8.25295E+02  2.48628E+12  130  191    1       1
      1  1.29956E+04  1.16000E+04  5.00000E-01  8.28355E+02  2.51361E+12  130  192    1       1
      1  1.29737E+04  1.15000E+04  5.00000E-01  8.29035E+02  2.58133E+12  130  193    1       1
      1  1.29561E+04  1.14000E+04  5.00000E-01  8.29525E+02  2.65371E+12  130  194    1       1
      1  1.29718E+04  1.13000E+04  5.00000E-01  8.30025E+02  2.69916E+12  130  195    1       1
      1  1.29884E+04  1.12000E+04  5.00000E-01  8.30425E+02  2.73407E+12  130  196    1       1
      1  1.30000E+04  1.11616E+04  5.00000E-01  8.30775E+02  2.74949E+12  131  196    1       1
      1  1.30120E+04  1.11000E+04  5.00000E-01  8.28115E+02  2.76529E+12  131  197    1       1
      1  1.30089E+04  1.10000E+04  5.00000E-01  8.28535E+02  2.78825E+12  131  198    1       1
      1  1.30000E+04  1.09424E+04  5.00000E-01  8.28935E+02  2.80219E+12  130  198    1       1
      1  1.29797E+04  1.09000E+04  5.00000E-01  8.31295E+02  2.83344E+12  130  199    1       1
      1  1.29642E+04  1.08000E+04  5.00000E-01  8.31535E+02  2.90342E+12  130  200    1       1
      1  1.29604E+04  1.07000E+04  5.00000E-01  8.31765E+02  2.97962E+12  130  201    1       1
      1  1.29000E+04  1.06149E+04  5.00000E-01  8.31915E+02  3.06465E+12  129  201    1       1
      1  1.28911E+04  1.06000E+04  5.00000E-01  8.34065E+02  3.07555E+12  129  202    1       1
      1  1.28750E+04  1.05000E+04  5.00000E-01  8.33805E+02  3.13394E+12  129  203    1       1
      1  1.29000E+04  1.04017E+04  5.00000E-01  8.33395E+02  3.19536E+12  130  203    1       1
      1  1.29006E+04  1.04000E+04  5.00000E-01  8.31735E+02  3.19647E+12  130  204    1       1
      1  1.29052E+04  1.03000E+04  5.00000E-01  8.31595E+02  3.25861E+12  130  205    1       1
      1  1.29056E+04  1.02000E+04  5.00000E-01  8.31555E+02  3.31932E+12  130  206    1       1
      1  1.29047E+04  1.01000E+04  5.00000E-01  8.31635E+02  3.37851E+12  130  207    1       1
      1  1.29113E+04  1.00000E+04  5.00000E-01  8.31875E+02  3.42447E+12  130  208    1       1
      1  1.29256E+04  9.90000E+03  5.00000E-01  8.32125E+02  3.46040E+12  130  209    1       1
      1  1.29477E+04  9.80000E+03  5.00000E-01  8.32315E+02  3.50555E+12  130  210    1       1
      1  1.29375E+04  9.70000E+03  5.00000E-01  8.32385E+02  3.58042E+12  130  211    1       1
      1  1.29597E+04  9.60000E+03  5.00000E-01  8.32355E+02  3.69092E+12  130  212    1       1
      1  1.29773E+04  9.50000E+03  5.00000E-01  8.32195E+02  3.81239E+12  130  213    1       1
      1  1.29705E+04  9.40000E+03  5.00000E-01  8.31875E+02  3.89847E+12  130  214    1       1
      1  1.29823E+04  9.30000E+03  5.00000E-01  8.31365E+02  3.95860E+12  130  215    1       1
      1  1.30000E+04  9.23696E+03  5.00000E-01  8.30665E+02  3.99271E+12  131  215    1       1
      1  1.30186E+04  9.20000E+03  5.00000E-01  8.30005E+02  4.03129E+12  131  216    1       1
      1  1.30649E+04  9.10000E+03  5.00000E-01  8.29245E+02  4.10134E+12  131  217    1       1
      1  1.30755E+04  9.00000E+03  5.00000E-01  8.28435E+02  4.15299E+12  131  218    1       1
      1  1.30805E+04  8.90000E+03  5.00000E-01  8.27615E+02  4.20484E+12  131  219    1       1
      1  1.30796E+04  8.80000E+03  5.00000E-01  8.26865E+02  4.25876E+12  131  220    1       1
      1  1.30836E+04  8.70000E+03  5.00000E-01  8.26335E+02  4.31977E+12  131  221    1       1
      1  1.30890E+04  8.60000E+03  5.00000E-01  8.25835E+02  4.39250E+12  131  222    1       1
      1  1.30797E+04  8.50000E+03  5.00000E-01  8.25495E+02  4.47124E+12  131  223    1       1
      1  1.30646E+04  8.40000E+03  5.00000E-01  8.25105E+02  4.55605E+12  131  224    1       1
      1  1.30782E+04  8.30000E+03  5.00000E-01  8.24825E+02  4.65351E+12  131  225    1       1
      1  1.30843E+04  8.20000E+03  5.00000E-01  8.24535E+02  4.74899E+12  131  226    1       1
      1  1.30815E+04  8.10000E+03  5.00000E-01  8.24255E+02  4.83502E+12  131  227    1       1
      1  1.30558E+04  8.00000E+03  5.00000E-01  8.24115E+02  4.92293E+12  131  228    1       1
      1  1.30136E+04  7.90000E+03  5.00000E-01  8.23945E+02  5.00959E+12  131  229    1       1
      1  1.30000E+04  7.86332E+03  5.00000E-01  8.23675E+02  5.04288E+12  130  229    1       1
      1  1.29531E+04  7.80000E+03  5.00000E-01  8.24965E+02  5.15384E+12  130  230    1       1
      1  1.29082E+04  7.70000E+03  5.00000E-01  8.24585E+02  5.32311E+12  130  231    1       1
      1  1.29000E+04  7.64863E+03  5.00000E-01  8.24345E+02  5.41525E+12  129  231    1       1
      1  1.28888E+04  7.60000E+03  5.00000E-01  8.25365E+02  5.52420E+12  129  232    1       1
      1  1.28518E+04  7.50000E+03  5.00000E-01  8.25205E+02  5.77705E+12  129  233    1       1
      1  1.28000E+04  7.41262E+03  5.00000E-01  8.25455E+02  5.97643E+12  128  233    1       1
      1  1.27963E+04  7.40000E+03  5.00000E-01  8.26315E+02  5.99229E+12  128  234    1       1
      1  1.27815E+04  7.30000E+03  5.00000E-01  8.26945E+02  6.14636E+12  128  235    1       1
      1  1.27657E+04  7.20000E+03  5.00000E-01  8.28005E+02  6.34493E+12  128  236    1       1
      1  1.27490E+04  7.10000E+03  5.00000E-01  8.29315E+02  6.50906E+12  128  237    1       1
      1  1.27304E+04  7.00000E+03  5.00000E-01  8.30655E+02  6.63452E+12  128  238    1       1
      1  1.27100E+04  6.90000E+03  5.00000E-01  8.31885E+02  6.74207E+12  128  239    1       1
      1  1.27024E+04  6.80000E+03  5.00000E-01  8.32925E+02  6.83636E+12  128  240    1       1
      1  1.27049E+04  6.70000E+03  5.00000E-01  8.33805E+02  6.92908E+12  128  241    1       1
      1  1.27097E+04  6.60000E+03  5.00000E-01  8.34575E+02  7.01883E+12  128  242    1       1
      1  1.27209E+04  6.50000E+03  5.00000E-01  8.35235E+02  7.10172E+12  128  243    1       1
      1  1.27318E+04  6.40000E+03  5.00000E-01  8.35885E+02  7.17237E+12  128  244    1       1
      1  1.27470E+04  6.30000E+03  5.00000E-01  8.36345E+02  7.22823E+12  128  245    1       1
      1  1.27760E+04  6.20000E+03  5.00000E-01  8.36855E+02  7.28321E+12  128  246    1       1
      1  1.27978E+04  6.10000E+03  5.00000E-01  8.37425E+02  7.33423E+12  128  247    1       1
      1  1.28000E+04  6.09583E+03  5.00000E-01  8.38005E+02  7.33607E+12  129  247    1       1
      1  1.28732E+04  6.00000E+03  5.00000E-01  8.36775E+02  7.40124E+12  129  248    1       1
      1  1.29000E+04  5.94035E+03  5.00000E-01  8.37245E+02  7.44345E+12  130  248    1       1
      1  1.29126E+04  5.90000E+03  5.00000E-01  8.36285E+02  7.46145E+12  130  249    1       1
      1  1.29339E+04  5.80000E+03  5.00000E-01  8.36535E+02  7.51446E+12  130  250    1       1
      1  1.29564E+04  5.70000E+03  5.00000E-01  8.36895E+02  7.58901E+12  130  251    1       1
      1  1.29852E+04  5.60000E+03  5.00000E-01  8.37295E+02  7.69542E+12  130  252    1       1
      1  1.30000E+04  5.57765E+03  5.00000E-01  8.37665E+02  7.72484E+12  131  252    1       1
      1  1.30331E+04  5.50000E+03  5.00000E-01  8.36635E+02  7.79486E+12  131  253    1       1
      1  1.30882E+04  5.40000E+03  5.00000E-01  8.36955E+02  7.87414E+12  131  254    1       1
      1  1.30993E+04  5.30000E+03  5.00000E-01  8.37335E+02  7.95052E+12  131  255    1       1
      1  1.31000E+04  5.29779E+03  5.00000E-01  8.37775E+02  7.95223E+12  132  255    1       1
      1  1.31224E+04  5.20000E+03  5.00000E-01  8.36805E+02  8.01250E+12  132  256    1       1
      1  1.31636E+04  5.10000E+03  5.00000E-01  8.37235E+02  8.08068E+12  132  257    1       1
      1  1.31947E+04  5.00000E+03  5.00000E-01  8.37655E+02  8.16489E+12  132  258    1       1
      1  1.32000E+04  4.98220E+03  5.00000E-01  8.38025E+02  8.18006E+12  133  258    1       1
      1  1.33000E+04  4.90347E+03  5.00000E-01  8.37065E+02  8.43471E+12  134  258    1       1
      1  1.33013E+04  4.90000E+03  5.00000E-01  8.36265E+02  8.43771E+12  134  259    1       1
      1  1.33146E+04  4.80000E+03  5.00000E-01  8.36455E+02  8.52236E+12  134  260    1       1
      1  1.33147E+04  4.70000E+03  5.00000E-01  8.36635E+02  8.61675E+12  134  261    1       1
      1  1.33143E+04  4.60000E+03  5.00000E-01  8.36835E+02  8.73917E+12  134  262    1       1
      1  1.33228E+04  4.50000E+03  5.00000E-01  8.36965E+02  8.88913E+12  134  263    1       1
      1  1.33202E+04  4.40000E+03  5.00000E-01  8.37085E+02  9.03762E+12  134  264    1       1
      1  1.33092E+04  4.30000E+03  5.00000E-01  8.37165E+02  9.18201E+12  134  265    1       1
      1  1.33000E+04  4.26239E+03  5.00000E-01  8.37305E+02  9.24250E+12  133  265    1       1
      1  1.32789E+04  4.20000E+03  5.00000E-01  8.37655E+02  9.38015E+12  133  266    1       1
      1  1.32316E+04  4.10000E+03  5.00000E-01  8.37665E+02  9.62813E+12  133  267    1       1
      1  1.32000E+04  4.03203E+03  5.00000E-01  8.37185E+02  9.83513E+12  132  267    1       1
      1  1.31919E+04  4.00000E+03  5.00000E-01  8.36375E+02  9.88748E+12  132  268    1       1
      1  1.31864E+04  3.90000E+03  5.00000E-01  8.33555E+02  1.00629E+13  132  269    1       1
      1  1.31765E+04  3.80000E+03  5.00000E-01  8.26485E+02  1.03045E+13  132  270    1       1
      1  1.31402E+04  3.70000E+03  5.00000E-01  8.16695E+02  1.06022E+13  132  271    1       1
      1  1.31000E+04  3.64047E+03  5.00000E-01  8.09135E+02  1.07925E+13  131  271    1       1
      1  1.30785E+04  3.60000E+03  5.00000E-01  8.03245E+02  1.08893E+13  131  272    1       1
      1  1.30564E+04  3.50000E+03  5.00000E-01  8.01235E+02  1.11249E+13  131  273    1       1
      1  1.30360E+04  3.40000E+03  5.00000E-01  8.04145E+02  1.14090E+13  131  274    1       1
      1  1.30000E+04  3.30095E+03  5.00000E-01  8.11875E+02  1.17487E+13  130  274    1       1
      1  1.29998E+04  3.30000E+03  5.00000E-01  8.11025E+02  1.17503E+13  130  275    1       1
      1  1.29646E+04  3.20000E+03  5.00000E-01  8.21865E+02  1.19140E+13  130  276    1       1
      1  1.29170E+04  3.10000E+03  5.00000E-01  8.30045E+02  1.20920E+13  130  277    1       1
      1  1.29000E+04  3.06465E+03  5.00000E-01  8.34895E+02  1.21643E+13  129  277    1       1
      1  1.28847E+04  3.00000E+03  5.00000E-01  8.36355E+02  1.22288E+13  129  278    1       1
      1  1.28672E+04  2.90000E+03  5.00000E-01  8.37525E+02  1.23304E+13  129  279    1       1
      1  1.28447E+04  2.80000E+03  5.00000E-01  8.37585E+02  1.24606E+13  129  280    1       1
      1  1.28000E+04  2.72499E+03  5.00000E-01  8.37545E+02  1.25972E+13  128  280    1       1
      1  1.27892E+04  2.70000E+03  5.00000E-01  8.37945E+02  1.26269E+13  128  281    1       1
      1  1.27531E+04  2.60000E+03  5.00000E-01  8.37935E+02  1.27460E+13  128  282    1       1
      1  1.27000E+04  2.53118E+03  5.00000E-01  8.37495E+02  1.28585E+13  127  282    1       1
      1  1.26813E+04  2.50000E+03  5.00000E-01  8.37185E+02  1.28895E+13  127  283    1       1
      1  1.26482E+04  2.40000E+03  5.00000E-01  8.35975E+02  1.30115E+13  127  284    1       1
      1  1.26000E+04  2.31944E+03  5.00000E-01  8.34335E+02  1.31386E+13  126  284    1       1
      1  1.25998E+04  2.30000E+03  5.00000E-01  8.32555E+02  1.31393E+13  126  285    1       1
      1  1.26000E+04  2.29966E+03  5.00000E-01  8.33005E+02  1.31393E+13  127  285    1       1
      1  1.26965E+04  2.20000E+03  5.00000E-01  8.34155E+02  1.31553E+13  127  286    1       1
      1  1.27000E+04  2.19469E+03  5.00000E-01  8.35675E+02  1.31556E+13  128  286    1       1
      1  1.27935E+04  2.10000E+03  5.00000E-01  8.36065E+02  1.31752E+13  128  287    1       1
      1  1.27966E+04  2.00000E+03  5.00000E-01  8.36665E+02  1.31806E+13  128  288    1       1
      1  1.28000E+04  1.99248E+03  5.00000E-01  8.36875E+02  1.31809E+13  129  288    1       1
      1  1.28898E+04  1.90000E+03  5.00000E-01  8.36885E+02  1.32023E+13  129  289    1       1
      1  1.29000E+04  1.88681E+03  5.00000E-01  8.36875E+02  1.32035E+13  130  289    1       1
      1  1.29850E+04  1.80000E+03  5.00000E-01  8.36865E+02  1.32264E+13  130  290    1       1
      1  1.29947E+04  1.70000E+03  5.00000E-01  8.36785E+02  1.32330E+13  130  291    1       1
      1  1.29973E+04  1.60000E+03  5.00000E-01  8.36585E+02  1.32359E+13  130  292    1       1
      1  1.30000E+04  1.59758E+03  5.00000E-01  8.36325E+02  1.32360E+13  131  292    1       1
      1  1.30974E+04  1.50000E+03  5.00000E-01  8.36455E+02  1.32431E+13  131  293    1       1
      1  1.30978E+04  1.40000E+03  5.00000E-01  8.36245E+02  1.32449E+13  131  294    1       1
      1  1.31000E+04  1.39659E+03  5.00000E-01  8.36005E+02  1.32450E+13  132  294    1       1
      1  1.31967E+04  1.30000E+03  5.00000E-01  8.36045E+02  1.32536E+13  132  295    1       1
      1  1.32000E+04  1.29616E+03  5.00000E-01  8.35785E+02  1.32537E+13  133  295    1       1
      1  1.32955E+04  1.20000E+03  5.00000E-01  8.35815E+02  1.32629E+13  133  296    1       1
      1  1.33000E+04  1.18878E+03  5.00000E-01  8.35505E+02  1.32632E+13  134  296    1       1
      1  1.33880E+04  1.10000E+03  5.00000E-01  8.35355E+02  1.32790E+13  134  297    1       1
      1  1.34000E+04  1.09154E+03  5.00000E-01  8.35015E+02  1.32796E+13  135  297    1       1
      1  1.35000E+04  1.08235E+03  5.00000E-01  8.34645E+02  1.32869E+13  136  297    1       1
      1  1.35815E+04  1.00000E+03  5.00000E-01  8.34085E+02  1.33048E+13  136  298    1       1
      1  1.36000E+04  9.83512E+02  5.00000E-01  8.33785E+02  1.33065E+13  137  298    1       1
      1  1.36834E+04  9.00000E+02  5.00000E-01  8.33115E+02  1.33233E+13  137  299    1       1
      1  1.37000E+04  8.87123E+02  5.00000E-01  8.32855E+02  1.33245E+13  138  299    1       1
      1  1.37869E+04  8.00000E+02  5.00000E-01  8.32195E+02  1.33393E+13  138  300    1       1
      1  1.38000E+04  7.79101E+02  5.00000E-01  8.31985E+02  1.33406E+13  139  300    1       1
      1  1.38792E+04  7.00000E+02  5.00000E-01  8.31445E+02  1.33587E+13  139  301    1       1
      1  1.38933E+04  6.00000E+02  5.00000E-01  8.31275E+02  1.33652E+13  139  302    1       1
      1  1.39000E+04  5.90840E+02  5.00000E-01  8.31125E+02  1.33656E+13  140  302    1       1
      1  1.39900E+04  5.00000E+02  5.00000E-01  8.30715E+02  1.33783E+13  140  303    1       1
      1  1.39950E+04  4.00000E+02  5.00000E-01  8.30605E+02  1.33822E+13  140  304    1       1
      1  1.40000E+04  3.93359E+02  5.00000E-01  8.30485E+02  1.33823E+13  141  304    1       1
      1  1.40934E+04  3.00000E+02  5.00000E-01  8.30135E+02  1.33924E+13  141  305    1       1
      1  1.40947E+04  2.00000E+02  5.00000E-01  8.30005E+02  1.33958E+13  141  306    1       1
      1  1.41000E+04  1.90497E+02  5.00000E-01  8.29885E+02  1.33961E+13  142  306    1       1
      1  1.41901E+04  1.00000E+02  5.00000E-01  8.29425E+02  1.34089E+13  142  307    1       1
