78016.3
96595.47
342185.4
351113.3
370573.7
377926.3
391877.2
434380.3
449148.2
454888.8
504254.4
548023.8
570690.6
594992.1
723910.3
732587.6
772943.9
808052.4
842070.9
858988.8
930824.6
955369.4
957232.4
970047.3
991283.4
999975.9
1002447
1064073
1110039
1123707
1136672
1140401
1148973
1152577
1186178
1189274
1200787
1208856
1211953
1234528
1236898
1256905
1272260
1286009
1286337
1288500
1324749
1352426
1361509
1394171
1398056
1398219
1398268
1424907
1461819
1466196
1498126
1501486
1553410
1572016
1574683
1583029
1589139
1647788
1657395
1692887
1707199
1780345
1782803
1791999
1792953
1837656
1926090
1939294
1966043
1996542
2013477
2036588
2141791
2147507
2187550
2190077
2222639
2226107
2240476
2337094
2352562
2391571
2494564
2633274
2728311
2755878
2790144
2846812
3476224
3505174
3541790
4448956
5292624
6570295
