5
24
1
genes_interpgrid.out_Ind0
1
4
3.8690463440169265
2.7197799669004885
3.089027542156755
116.51680036697293
0
2.6077743302702023
0.1602067969880414
2
8.841397199215578
30.34972321090055
1.781139550421651
0.2967460394136989
2
5.27574199514686
23.27947710903031
7.743874532190981
6.574870774601381
1
4.242065876669009
29.415812373842872
0.8152135972636032
3.551971845565104


genes_interpgrid.out_Ind1
1
4
3.8690463440169265
2.472698812812461
3.089027542156755
116.51680036697293
0
2.6077743302702023
0.1602067969880414
2
8.841397199215578
30.34972321090055
1.781139550421651
0.2967460394136989
2
5.27574199514686
23.27947710903031
7.743874532190981
6.574870774601381
3
4.242065876669009
29.415812373842872
2.7654667323075257
3.6243279451466637


genes_interpgrid.out_Ind2
1
4
3.8690463440169265
2.472698812812461
3.089027542156755
116.51680036697293
0
2.6077743302702023
0.1602067969880414
2
8.841397199215578
30.34972321090055
1.781139550421651
0.2967460394136989
2
5.27574199514686
23.27947710903031
7.743874532190981
6.574870774601381
3
4.242065876669009
29.415812373842872
2.7654667323075257
3.6243279451466637


genes_interpgrid.out_Ind3
9
4
7.187765278160532
5.785952308424972
4.410251006105701
50.192038121664226
0
2.3762432523634853
0.1602067969880414
1
5.266402630301606
134.70795450423583
1.1694456340501291
0.2967460394136989
2
4.622835425310409
23.27947710903031
7.743874532190981
0.49670700836789927
2
9.622272162206178
29.415812373842872
5.23593921535889
5.064179813478748


genes_interpgrid.out_Ind4
9
4
7.187765278160532
5.785952308424972
4.410251006105701
50.192038121664226
1
2.3762432523634853
0.1602067969880414
1
5.266402630301606
86.04807141368865
1.1694456340501291
0.2967460394136989
2
4.622835425310409
85.86805202732842
7.743874532190981
0.49670700836789927
1
9.622272162206178
29.415812373842872
5.23593921535889
3.551971845565104


