81corN						
7						
x						
y						
v						
d						
c						
vm						
dm						
11.111	11.111	1.28875	0.4552	90.91867	1.180736557	0.417048521
33.333	11.111	1.21088	0.66643	131.98803	1.610522922	0.886380806
55.556	11.111	0.94164	0.22042	89.0687	0.845164545	0.197836932
77.778	11.111	0.9506	0.26186	88.90879	0.851674741	0.234609244
100	11.111	1.14425	0.16112	91.53822	1.05549126	0.148622025
122.222	11.111	0.95662	0.16805	82.07869	0.791227057	0.138995324
144.444	11.111	1.12572	0.0994	70.81682	0.803337537	0.070933937
166.667	11.111	1.01534	0.30033	83.46676	0.853996929	0.252605923
188.889	11.111	1.26003	0.10976	56.03299	0.711468932	0.061975374
11.111	33.333	1.28548	0.10573	67.38231	0.872855749	0.07179189
33.333	33.333	1.28926	0.35835	96.20464	1.249878464	0.347403896
55.556	33.333	1.05705	0.29846	96.16797	1.024370909	0.289232999
77.778	33.333	1.44236	0.22202	89.33997	1.298526239	0.199879916
100	33.333	1.30134	0.14926	77.62231	1.017908169	0.116751174
122.222	33.333	1.23927	0.073	68.04273	0.849726033	0.050053661
144.444	33.333	1.31819	0.41075	109.05271	1.448590833	0.451383097
166.667	33.333	1.12107	0.12565	57.84641	0.653492187	0.073243681
188.889	33.333	1.16903	0.11562	84.61011	0.996733772	0.098579471
11.111	55.556	1.20317	0.41111	125.31968	1.519418918	0.519168788
33.333	55.556	1.16886	0.10677	86.15189	1.01474884	0.092692652
55.556	55.556	1.15751	0.12335	85.09228	0.992535775	0.105769529
77.778	55.556	1.33666	0.50305	98.85443	1.331521997	0.50111632
100	55.556	1.19335	0.24322	86.29578	1.03774023	0.211504738
122.222	55.556	1.16259	0.12348	81.82645	0.95863118	0.101817303
144.444	55.556	1.32998	0.4079	119.42568	1.600567855	0.490888305
166.667	55.556	1.16911	0.19542	92.32472	1.087688738	0.181810209
188.889	55.556	1.26128	0.10458	51.75198	0.657763449	0.054538962
11.111	77.778	1.17261	0.68866	92.24686	1.090024961	0.640158782
33.333	77.778	1.25609	0.07663	68.10572	0.862056248	0.052591272
55.556	77.778	0.90088	0.76781	103.94282	0.943610355	0.804228606
77.778	77.778	1.01701	0.53864	106.18963	1.088274839	0.576384066
100	77.778	1.19153	0.52044	113.01532	1.356980347	0.592705892
122.222	77.778	1.19829	0.37676	108.34912	1.308333859	0.411359408
144.444	77.778	1.24616	0.67445	107.8427	1.35424056	0.732945645
166.667	77.778	1.35147	0.52489	139.58057	1.900914724	0.738285814
188.889	77.778	1.61648	0.18776	75.09151	1.2231858	0.142077456
11.111	100	1.30852	0.35662	92.31224	1.217225135	0.33173878
33.333	100	1.33568	0.7328	109.69524	1.476459244	0.810036336
55.556	100	1.30669	0.3293	96.50479	1.270728279	0.320237258
77.778	100	1.28107	0.60135	122.01439	1.575125533	0.739383281
100	100	1.10204	0.75159	125.25097	1.390944218	0.948622341
122.222	100	1.33345	0.6375	149.71717	2.011775906	0.961796198
144.444	100	1.6003	0.73529	108.83287	1.755063138	0.806399034
166.667	100	1.25459	0.45998	98.00523	1.239031453	0.45427565
188.889	100	1.41709	0.20149	74.12929	1.058567439	0.150513202
11.111	122.222	1.23901	0.37433	98.91094	1.234952911	0.373104271
33.333	122.222	1.29652	0.32581	99.80225	1.303919591	0.327669486
55.556	122.222	1.20582	0.12701	79.83096	0.970029836	0.10217403
77.778	122.222	1.03833	5.69774	149.70862	1.566438925	8.595688964
100	122.222	1.27363	1.2746	161.61347	2.074206986	2.075786708
122.222	122.222	1.07097	2.41921	112.86012	1.218004999	2.751346791
144.444	122.222	1.32891	0.64596	99.57534	1.333455801	0.648169634
166.667	122.222	1.24569	0.80861	180.59437	2.266968276	1.471548473
188.889	122.222	1.05434	0.08243	80.63421	0.85670495	0.066978573
11.111	144.444	1.06437	0.26126	88.31286	0.947213398	0.232502769
33.333	144.444	1.44234	0.75678	69.51405	1.010349189	0.530119153
55.556	144.444	1.20339	0.96706	163.31187	1.980411353	1.591484559
77.778	144.444	1.25224	1.03372	153.21123	1.933345308	1.595970191
100	144.444	1.0397	0.46734	104.94506	1.099515362	0.494226709
122.222	144.444	1.44276	0.21719	101.88771	1.481314083	0.222993849
144.444	144.444	1.22073	0.119	63.43695	0.780356711	0.076071243
166.667	144.444	1.56072	0.28937	70.33154	1.106130532	0.205085468
188.889	144.444	1.21345	0.10718	67.95226	0.83091586	0.073392033
11.111	166.667	1.0398	1.22235	103.31992	1.082592793	1.272655608
33.333	166.667	1.10297	0.20894	91.94583	1.021943757	0.193590876
55.556	166.667	1.19505	0.31758	120.15729	1.446996426	0.384533806
77.778	166.667	1.25187	0.45702	107.39406	1.354786157	0.494591587
100	166.667	1.11063	0.21076	81.16583	0.908393236	0.172382304
122.222	166.667	1.26665	0.47189	121.44575	1.550137441	0.577503144
144.444	166.667	1.27628	0.16125	77.91052	1.002012926	0.12659807
166.667	166.667	1.56175	0.39	125.50623	1.975186262	0.493243248
188.889	166.667	1.39268	0.51846	132.71059	1.862465241	0.693349318
11.111	188.889	1.28556	0.73975	141.11786	1.828123748	1.051957546
33.333	188.889	1.25096	0.08649	59.96364	0.755897082	0.052261894
55.556	188.889	1.38527	0.27617	84.41657	1.178401776	0.234928367
77.778	188.889	1.39138	0.38548	99.83968	1.399845786	0.387825435
100	188.889	1.07751	0.16249	90.17389	0.979114251	0.147651785
122.222	188.889	1.43036	0.59242	112.3107	1.618816969	0.67047425
144.444	188.889	1.46896	0.47265	118.14005	1.748792886	0.56268854
166.667	188.889	1.60875	0.31623	127.7152	2.070438835	0.406983604
188.889	188.889	1.21242	0.04787	47.48302	0.580126471	0.022905144
