81mclvdc											
12											
x											
y											
wv											
wd											
wc											
wvm											
wdm											
cv											
cd											
cc											
cvm											
cdm											
11.111	11.111	1.22624	0.37891	1156.85457	1.174747642	0.362998784	1.2231	0.37159	1072.62681	1.024531922	0.311263034
33.333	11.111	1.22682	0.40893	1219.47374	1.238921064	0.412963589	1.20714	0.37675	1384.65669	1.3053129	0.407389893
55.556	11.111	0.99835	0.77683	1662.19528	1.374216642	1.069297054	0.93093	0.26584	1689.72698	1.228424431	0.35079367
77.778	11.111	0.98998	0.41662	1304.30224	1.06928875	0.449996039	0.96614	0.42865	1466.15117	1.106200104	0.490790853
100	11.111	1.06923	0.30216	1014.50827	0.898291032	0.253853351	1.11389	0.25847	1128.12831	0.981331374	0.227710744
122.222	11.111	1.04679	0.33591	1414.57078	1.226237476	0.393493853	1.00182	0.48138	2001.04467	1.565529883	0.752245688
144.444	11.111	1.08678	0.45837	1320.53487	1.188452553	0.50125232	1.0556	0.45688	1325.67976	1.092830703	0.472994024
166.667	11.111	1.00933	0.33154	1179.27276	0.985684178	0.323772931	0.9589	0.3688	1300.95342	0.974204085	0.374686064
188.889	11.111	1.07426	0.36949	1258.41913	1.119502463	0.385051072	1.11901	0.24076	1237.47066	1.081393511	0.232666644
11.111	33.333	1.18471	0.34371	1034.96406	1.015377791	0.294583063	1.18148	0.31019	1190.79799	1.098700565	0.28845679
33.333	33.333	1.18935	0.48982	1302.18391	1.282544192	0.528200947	1.27544	0.37522	1293.22723	1.288100516	0.37894458
55.556	33.333	1.05033	0.73496	1265.10898	1.100383438	0.769984492	0.99327	0.42404	1024.36076	0.794575432	0.339214681
77.778	33.333	1.26868	0.38054	1153.79822	1.21219446	0.363597187	1.3379	0.1427	863.68577	0.902390051	0.096248644
100	33.333	1.27888	0.24934	1078.6336	1.142336561	0.222718471	1.3081	0.26079	1383.61905	1.413423668	0.281787905
122.222	33.333	1.16923	0.43917	1337.32747	1.294875614	0.486363268	1.23807	0.35811	1617.36907	1.563756812	0.452314451
144.444	33.333	1.18765	0.40541	1208.29943	1.188374654	0.405657364	1.23779	0.21236	861.57553	0.832827786	0.142883129
166.667	33.333	1.07364	0.45766	1147.41215	1.020160407	0.43486328	0.97838	0.41028	1180.61608	0.902051101	0.378271761
188.889	33.333	1.10586	0.20138	1058.70486	0.969539244	0.176555634	1.11365	0.17053	1332.86837	1.159179959	0.177501871
11.111	55.556	1.23563	0.40453	1141.16476	1.167688848	0.382286906	1.25236	0.21682	982.97879	0.961364798	0.166440253
33.333	55.556	1.127	0.29786	1290.88196	1.204760678	0.318411726	1.08244	0.19143	1433.12505	1.211442486	0.214244148
55.556	55.556	1.15628	0.38915	1518.74929	1.454251225	0.489433238	1.11808	0.2267	1506.54139	1.315433287	0.266715017
77.778	55.556	1.26734	0.29012	921.20598	0.966807983	0.221322086	1.26963	0.23103	974.14761	0.965865883	0.175755137
100	55.556	1.13097	0.40046	1103.81078	1.033798869	0.366053118	1.12139	0.34797	1215.25998	1.064242886	0.330237114
122.222	55.556	1.04456	0.40644	1028.4691	0.889641381	0.346160913	1.06546	0.23153	1036.07415	0.862070669	0.18733244
144.444	55.556	1.2199	0.62906	1122.69793	1.134168262	0.584851124	1.31976	0.29437	739.13535	0.761787453	0.169915267
166.667	55.556	1.12775	0.46844	1302.89547	1.216781916	0.505421699	1.14601	0.27035	1379.12044	1.234256671	0.29116787
188.889	55.556	1.11162	0.73927	986.41399	0.908041948	0.603882775	1.06709	0.289	780.33133	0.650271881	0.176113143
11.111	77.778	1.11148	0.29791	1056.27966	0.972234227	0.260587953	1.08762	0.37617	1519.9264	1.290965464	0.446500137
33.333	77.778	1.05523	0.24769	951.05168	0.831077612	0.195075589	1.04987	0.19157	1139.15106	0.933967417	0.170421231
55.556	77.778	0.9878	0.30798	1173.66784	0.960073678	0.299335383	0.93824	0.50966	1689.65728	1.238019396	0.672502734
77.778	77.778	1.15314	0.79037	923.68385	0.882055118	0.604566578	1.11238	0.89136	1340.54596	1.164527532	0.933146282
100	77.778	1.13497	0.62617	1201.07519	1.128872556	0.622806002	1.23235	0.46551	1137.25277	1.094475271	0.413428964
122.222	77.778	1.13258	0.40858	1149.37017	1.078000957	0.388890525	1.19187	0.31345	1060.61838	0.987194934	0.259622486
144.444	77.778	1.38406	1.31485	1463.87355	1.677833332	1.59393318	1.37054	1.35626	1742.70222	1.865218784	1.845784601
166.667	77.778	1.41081	0.50329	1182.74142	1.381811085	0.492944975	1.43828	0.31164	1199.74931	1.347562233	0.291983685
188.889	77.778	1.47063	0.22814	928.03114	1.130202613	0.175329229	1.47181	0.1904	1028.70449	1.182380519	0.152958093
11.111	100	1.24536	0.33981	1084.05969	1.117991354	0.305056082	1.34621	0.40707	1346.06858	1.41512525	0.427908748
33.333	100	1.26287	0.51028	1147.20485	1.199747787	0.484774601	1.34334	0.54692	1379.24428	1.446911668	0.589087595
55.556	100	1.17256	0.95221	1075.60225	1.044424651	0.848154121	1.23813	0.47125	1096.12056	1.059837913	0.40338948
77.778	100	1.2454	0.70702	934.62181	0.963906945	0.547214942	1.26573	0.42217	985.32449	0.973946793	0.324848994
100	100	1.04688	1.70004	1408.95656	1.221475732	1.983567939	0.8931	0.67029	1317.47134	0.918874388	0.689634211
122.222	100	1.23915	0.73202	1073.9692	1.102062042	0.651036159	1.34582	0.33995	833.03907	0.875522334	0.221154254
144.444	100	1.53711	0.943	1261.16119	1.605335768	0.984855755	1.59031	0.62462	1177.62685	1.462528607	0.574431789
166.667	100	1.37469	0.97219	1654.62579	1.883626967	1.332113641	1.33444	0.86631	1768.88485	1.843374157	1.196706833
188.889	100	1.34714	0.29758	1111.43579	1.239902244	0.273891436	1.34614	0.31462	1194.17373	1.255372536	0.293405818
11.111	122.222	1.12017	0.3872	933.78617	0.866207045	0.299414703	1.12528	0.21675	676.07011	0.594110484	0.114436805
33.333	122.222	1.15911	0.29395	921.57051	0.884593122	0.22433259	1.16597	0.1951	750.99943	0.683820104	0.114422586
55.556	122.222	1.36824	0.58792	1378.95818	1.562441317	0.671366499	1.31895	0.77536	1713.13409	1.764552443	1.037312546
77.778	122.222	1.3842	0.61506	835.72691	0.95797366	0.42566918	1.11853	2.42454	1464.43342	1.279181438	2.772770122
100	122.222	1.25412	0.7018	1182.27042	1.227852657	0.687100911	1.27463	0.72971	1263.13149	1.257325081	0.719803147
122.222	122.222	1.34031	0.847	1165.7074	1.293853628	0.817642204	1.32625	1.4464	1544.19633	1.599347344	1.744238265
144.444	122.222	1.39678	0.74779	1238.97777	1.433117697	0.767244006	1.32283	1.07378	1635.87269	1.689928843	1.371764923
166.667	122.222	1.39338	0.38442	1251.94892	1.44459637	0.398550099	1.38808	0.27545	1228.45948	1.331650369	0.264252128
188.889	122.222	1.16268	0.64391	1789.30392	1.722799163	0.954112575	1.1145	0.72709	2157.30778	1.877617236	1.224940974
11.111	144.444	1.12934	0.44758	1308.89717	1.224110367	0.485139389	1.07961	0.40945	1360.9274	1.147404998	0.43516175
33.333	144.444	1.2392	0.72983	1556.25675	1.597029688	0.940574707	1.34693	0.45262	1311.2471	1.37925462	0.463482309
55.556	144.444	1.19792	0.61668	1502.88412	1.490883293	0.767495249	1.32536	0.47011	1136.0007	1.175783439	0.417054651
77.778	144.444	1.1886	0.7135	1011.51368	0.995629654	0.597662593	1.28341	0.33014	881.02879	0.883019715	0.227144972
100	144.444	1.16232	0.94463	1209.67705	1.164355204	0.946284033	1.14271	0.84577	1784.26591	1.592247174	1.178492261
122.222	144.444	1.31261	0.30292	854.55272	0.928891323	0.214366613	1.33759	0.18449	928.78396	0.970180632	0.133814267
144.444	144.444	1.21361	0.32824	1073.55782	1.078934109	0.291814777	1.18534	0.32398	1203.75801	1.114286864	0.304559585
166.667	144.444	1.38516	0.28813	901.04932	1.033567493	0.214994514	1.36633	0.34111	1139.02821	1.215360074	0.303419726
188.889	144.444	1.2366	0.60983	1605.28423	1.643885324	0.810682991	1.25495	0.54736	1866.19997	1.828940099	0.797711982
11.111	166.667	1.07675	0.92006	1420.88679	1.266965222	1.082594866	1.06964	1.04794	1918.47682	1.602540715	1.570029652
33.333	166.667	1.21007	1.22883	1546.64389	1.549855329	1.573883101	1.30115	1.14972	1750.9252	1.779138837	1.572079702
55.556	166.667	1.10249	0.28332	923.68549	0.843313625	0.216716357	1.12957	0.1633	785.53021	0.692932486	0.100176062
77.778	166.667	1.22404	0.73026	1108.51881	1.123644716	0.670364359	1.18367	0.24611	754.74615	0.697664183	0.145059123
100	166.667	1.37563	1.67535	1704.70264	1.94196147	2.365072838	1.26422	1.84326	1886.80277	1.86279062	2.715988862
122.222	166.667	1.32075	0.66927	1465.60468	1.602978876	0.812285196	1.3288	0.3919	1316.59842	1.366242622	0.402942868
144.444	166.667	1.27693	0.63784	1387.8676	1.467592434	0.733077896	1.27487	0.55187	1488.32554	1.481762899	0.641430492
166.667	166.667	1.46094	0.2474	911.16294	1.102348115	0.186674965	1.4975	0.17398	870.05672	1.017487957	0.118212057
188.889	166.667	1.32438	0.78381	1549.23447	1.699104545	1.005583846	1.38793	0.3583	1241.44521	1.34558148	0.34736755
11.111	188.889	1.22651	0.65716	942.99755	0.957793741	0.513182717	1.24329	0.70093	967.08923	0.938974651	0.529366039
33.333	188.889	1.1564	1.08207	1191.37468	1.140897913	1.067564341	1.1392	0.55766	1394.38471	1.240502	0.60724925
55.556	188.889	1.15985	0.55362	878.3616	0.843656204	0.402694269	1.216	0.48179	1037.29432	0.985032263	0.390278531
77.778	188.889	1.37852	0.48787	895.98573	1.022832457	0.361989141	1.30915	0.47214	1034.07363	1.057196591	0.381273955
100	188.889	1.34638	1.14183	1982.57405	2.210484153	1.874654348	1.2627	1.23404	2376.65285	2.34358555	2.290392264
122.222	188.889	1.39482	0.99548	1665.01952	1.923214975	1.372594345	1.41346	0.82498	1642.95197	1.813523848	1.058481247
144.444	188.889	1.44137	0.63311	1187.75757	1.417730303	0.622726456	1.46261	0.57996	964.74842	1.101938851	0.436945225
166.667	188.889	1.48494	0.33886	1062.60548	1.306686168	0.298182873	1.54524	0.2093	1081.58685	1.305185442	0.176785039
188.889	188.889	1.02061	0.28874	951.40098	0.804106829	0.227489252	0.9959	0.17402	807.75434	0.628217331	0.109772447
