81mnvdc											
12											
x											
y											
wv											
wd											
wc											
wvm											
wdm											
cv											
cd											
cc											
cvm											
cdm											
11.111	11.111	1.22441	0.65351	118.87919	1.33987082	0.715135436	1.28875	0.4552	90.91867	1.180736557	0.417048521
33.333	11.111	1.2182	0.48735	121.84566	1.366340318	0.54661464	1.21088	0.66643	131.98803	1.610522922	0.886380806
55.556	11.111	1.01199	0.4049	102.03036	0.95046442	0.380283445	0.94164	0.22042	89.0687	0.845164545	0.197836932
77.778	11.111	0.99256	0.23832	115.16802	1.052249901	0.252651927	0.9506	0.26186	88.90879	0.851674741	0.234609244
100	11.111	1.14171	0.1907	104.27641	1.09590296	0.183048843	1.14425	0.16112	91.53822	1.05549126	0.148622025
122.222	11.111	1.04823	0.20107	113.31025	1.093341937	0.209723308	0.95662	0.16805	82.07869	0.791227057	0.138995324
144.444	11.111	1.0969	0.17878	103.87918	1.048879925	0.170953371	1.12572	0.0994	70.81682	0.803337537	0.070933937
166.667	11.111	1.08389	0.14814	90.40565	0.902009282	0.123281565	1.01534	0.30033	83.46676	0.853996929	0.252605923
188.889	11.111	1.1412	0.31297	96.35144	1.012162392	0.2775819	1.26003	0.10976	56.03299	0.711468932	0.061975374
11.111	33.333	1.2323	0.3162	104.57997	1.186301789	0.304397164	1.28548	0.10573	67.38231	0.872855749	0.07179189
33.333	33.333	1.20958	0.19815	96.85656	1.07843472	0.176666148	1.28926	0.35835	96.20464	1.249878464	0.347403896
55.556	33.333	1.12756	0.33418	93.30977	0.968494154	0.287036944	1.05705	0.29846	96.16797	1.024370909	0.289232999
77.778	33.333	1.33657	0.15987	80.06067	0.985011165	0.117819295	1.44236	0.22202	89.33997	1.298526239	0.199879916
100	33.333	1.31047	0.23146	110.28756	1.3304049	0.234980975	1.30134	0.14926	77.62231	1.017908169	0.116751174
122.222	33.333	1.21332	0.15153	86.42378	0.965247839	0.120548582	1.23927	0.073	68.04273	0.849726033	0.050053661
144.444	33.333	1.21698	0.29896	108.91631	1.220131345	0.299734151	1.31819	0.41075	109.05271	1.448590833	0.451383097
166.667	33.333	1.15977	0.1194	84.45972	0.901678536	0.09282911	1.12107	0.12565	57.84641	0.653492187	0.073243681
188.889	33.333	1.17194	0.18049	105.59543	1.139149502	0.175439949	1.16903	0.11562	84.61011	0.996733772	0.098579471
11.111	55.556	1.21645	0.37857	126.40157	1.415392711	0.440482732	1.20317	0.41111	125.31968	1.519418918	0.519168788
33.333	55.556	1.16181	0.19194	107.78945	1.152767145	0.19044605	1.16886	0.10677	86.15189	1.01474884	0.092692652
55.556	55.556	1.14176	0.22836	115.74439	1.216480071	0.243304538	1.15751	0.12335	85.09228	0.992535775	0.105769529
77.778	55.556	1.31095	0.54767	106.98256	1.291009202	0.539339418	1.33666	0.50305	98.85443	1.331521997	0.50111632
100	55.556	1.2022	0.20245	87.9387	0.973166137	0.163880789	1.19335	0.24322	86.29578	1.03774023	0.211504738
122.222	55.556	1.13088	0.1974	96.27513	1.002214914	0.174940952	1.16259	0.12348	81.82645	0.95863118	0.101817303
144.444	55.556	1.23324	0.41732	114.35754	1.298203067	0.439303059	1.32998	0.4079	119.42568	1.600567855	0.490888305
166.667	55.556	1.14795	0.21203	93.88866	0.992124871	0.183248605	1.16911	0.19542	92.32472	1.087688738	0.181810209
188.889	55.556	1.22417	0.68495	111.06508	1.251553704	0.700271784	1.26128	0.10458	51.75198	0.657763449	0.054538962
11.111	77.778	1.16113	0.25515	102.77562	1.098502818	0.241388125	1.17261	0.68866	92.24686	1.090024961	0.640158782
33.333	77.778	1.23621	0.14435	86.10404	0.979819335	0.114411727	1.25609	0.07663	68.10572	0.862056248	0.052591272
55.556	77.778	0.98625	0.61384	130.79243	1.187407667	0.739040124	0.90088	0.76781	103.94282	0.943610355	0.804228606
77.778	77.778	1.0888	0.98878	113.6494	1.139057068	1.034420323	1.01701	0.53864	106.18963	1.088274839	0.576384066
100	77.778	1.11572	0.40436	116.28186	1.194255945	0.432823051	1.19153	0.52044	113.01532	1.356980347	0.592705892
122.222	77.778	1.15577	0.27634	107.57541	1.144496981	0.273644666	1.19829	0.37676	108.34912	1.308333859	0.411359408
144.444	77.778	1.28899	0.56201	111.39547	1.321743862	0.576290947	1.24616	0.67445	107.8427	1.35424056	0.732945645
166.667	77.778	1.34809	0.38087	128.6893	1.596950849	0.451179572	1.35147	0.52489	139.58057	1.900914724	0.738285814
188.889	77.778	1.53451	0.45102	91.78931	1.296558307	0.381081731	1.61648	0.18776	75.09151	1.2231858	0.142077456
11.111	100	1.28563	0.3052	106.3851	1.259003763	0.298879109	1.30852	0.35662	92.31224	1.217225135	0.33173878
33.333	100	1.27755	0.34819	113.17336	1.330921191	0.362736057	1.33568	0.7328	109.69524	1.476459244	0.810036336
55.556	100	1.21182	0.466	106.05075	1.182992753	0.45491461	1.30669	0.3293	96.50479	1.270728279	0.320237258
77.778	100	1.2545	0.62523	118.90337	1.373077508	0.68432782	1.28107	0.60135	122.01439	1.575125533	0.739383281
100	100	0.93807	1.58676	118.70552	1.025029551	1.733853433	1.10204	0.75159	125.25097	1.390944218	0.948622341
122.222	100	1.26956	0.70794	124.38477	1.453619238	0.810576265	1.33345	0.6375	149.71717	2.011775906	0.961796198
144.444	100	1.52518	0.76065	104.47495	1.466774994	0.731521787	1.6003	0.73529	108.83287	1.755063138	0.806399034
166.667	100	1.33458	0.43246	100.77374	1.23800447	0.40116547	1.25459	0.45998	98.00523	1.239031453	0.45427565
188.889	100	1.37999	0.47556	96.41508	1.224760381	0.422066136	1.41709	0.20149	74.12929	1.058567439	0.150513202
11.111	122.222	1.24343	0.34423	98.25167	1.124582979	0.311328502	1.23901	0.37433	98.91094	1.234952911	0.373104271
33.333	122.222	1.23778	0.28224	103.76031	1.182238085	0.269575269	1.29652	0.32581	99.80225	1.303919591	0.327669486
55.556	122.222	1.30486	0.53672	125.48794	1.50728762	0.619983302	1.20582	0.12701	79.83096	0.970029836	0.10217403
77.778	122.222	1.45537	0.929	89.09731	1.193625902	0.761922029	1.03833	5.69774	149.70862	1.566438925	8.595688964
100	122.222	1.23589	1.21802	133.43227	1.517997012	1.496047966	1.27363	1.2746	161.61347	2.074206986	2.075786708
122.222	122.222	1.29885	0.96458	114.74696	1.37192513	1.018848629	1.07097	2.41921	112.86012	1.218004999	2.751346791
144.444	122.222	1.3588	0.84163	125.28445	1.567050285	0.970618584	1.32891	0.64596	99.57534	1.333455801	0.648169634
166.667	122.222	1.26016	0.61109	146.43594	1.698648787	0.82372658	1.24569	0.80861	180.59437	2.266968276	1.471548473
188.889	122.222	1.1106	0.17076	98.63801	1.008398509	0.155046038	1.05434	0.08243	80.63421	0.85670495	0.066978573
11.111	144.444	1.07307	0.36865	127.74971	1.261880416	0.433515256	1.06437	0.26126	88.31286	0.947213398	0.232502769
33.333	144.444	1.13886	0.76151	122.02607	1.279243409	0.855378754	1.44234	0.75678	69.51405	1.010349189	0.530119153
55.556	144.444	1.13033	0.38413	131.5854	1.36912526	0.465281897	1.20339	0.96706	163.31187	1.980411353	1.591484559
77.778	144.444	1.18306	0.90588	124.1713	1.352253838	1.035433289	1.25224	1.03372	153.21123	1.933345308	1.595970191
100	144.444	1.12599	0.57079	104.20875	1.08011238	0.547533589	1.0397	0.46734	104.94506	1.099515362	0.494226709
122.222	144.444	1.35306	0.39947	114.21576	1.42256891	0.419991429	1.44276	0.21719	101.88771	1.481314083	0.222993849
144.444	144.444	1.25184	0.21679	91.50251	1.054416166	0.182600716	1.22073	0.119	63.43695	0.780356711	0.076071243
166.667	144.444	1.38219	0.69398	125.8403	1.601097264	0.80389055	1.56072	0.28937	70.33154	1.106130532	0.205085468
188.889	144.444	1.20505	0.23886	91.49726	1.014947036	0.201178581	1.21345	0.10718	67.95226	0.83091586	0.073392033
11.111	166.667	1.09041	0.72036	115.42322	1.158545875	0.765372756	1.0398	1.22235	103.31992	1.082592793	1.272655608
33.333	166.667	1.1124	0.33207	93.28779	0.955247718	0.285157416	1.10297	0.20894	91.94583	1.021943757	0.193590876
55.556	166.667	1.15462	0.27021	114.24298	1.214224028	0.284158836	1.19505	0.31758	120.15729	1.446996426	0.384533806
77.778	166.667	1.25417	0.42668	108.54111	1.253086037	0.426311226	1.25187	0.45702	107.39406	1.354786157	0.494591587
100	166.667	1.21902	0.4521	110.84413	1.243809169	0.461293601	1.11063	0.21076	81.16583	0.908393236	0.172382304
122.222	166.667	1.25094	0.3152	106.82832	1.230135926	0.309957987	1.26665	0.47189	121.44575	1.550137441	0.577503144
144.444	166.667	1.24984	0.37201	103.35515	1.189095581	0.353929661	1.27628	0.16125	77.91052	1.002012926	0.12659807
166.667	166.667	1.50731	0.42468	114.61619	1.59029895	0.448061884	1.56175	0.39	125.50623	1.975186262	0.493243248
188.889	166.667	1.2831	0.65674	111.57002	1.317765823	0.674483304	1.39268	0.51846	132.71059	1.862465241	0.693349318
11.111	188.889	1.24945	0.55584	142.66924	1.640889942	0.729979003	1.28556	0.73975	141.11786	1.828123748	1.051957546
33.333	188.889	1.28043	0.37843	84.95259	1.001296479	0.295932325	1.25096	0.08649	59.96364	0.755897082	0.052261894
55.556	188.889	1.33651	0.52385	97.16465	1.195393052	0.468538694	1.38527	0.27617	84.41657	1.178401776	0.234928367
77.778	188.889	1.40735	0.50686	110.24751	1.428239799	0.514383504	1.39138	0.38548	99.83968	1.399845786	0.387825435
100	188.889	1.15421	0.40308	125.42898	1.332640314	0.465392483	1.07751	0.16249	90.17389	0.979114251	0.147651785
122.222	188.889	1.29762	0.54348	118.9058	1.420302311	0.594862826	1.43036	0.59242	112.3107	1.618816969	0.67047425
144.444	188.889	1.38127	0.51756	115.36482	1.466838148	0.549622269	1.46896	0.47265	118.14005	1.748792886	0.56268854
166.667	188.889	1.47921	0.53384	115.07492	1.566898049	0.565486208	1.60875	0.31623	127.7152	2.070438835	0.406983604
188.889	188.889	1.15379	0.18066	67.58732	0.717831018	0.112397708	1.21242	0.04787	47.48302	0.580126471	0.022905144
