HYDCOND OBS
5
ID
X
Y
HYDCOND
LOG HYD COND
71      2625       9125          8.99625E-05             -9.316117306
77      4125       9125          8.70057E-05             -9.349537205
90      2375       8875          9.22049E-05             -9.291497596
176     3875       7875          8.98073E-05             -9.317843835
203     625        7375          8.56501E-05             -9.36523975
213     3125       7375          6.83011E-05             -9.591585294
292     2875       6375          6.93262E-05             -9.576687591
338     4375       5875          9.25927E-05             -9.287300315
394     3375       5125          0.000070222             -9.563848304
452     2875       4375          5.03435E-05             -9.896640748
477     4125       4125          6.83458E-05             -9.590931108
506     1375       3625          8.75577E-05             -9.343213023
510     2375       3625          7.33922E-05             -9.519692713
548     1875       3125          0.000052447             -9.855707185
566     1375       2875          7.24584E-05             -9.532498021
617     4125       2375          2.93851E-05             -10.43502359
672     2875       1625          0.000028824             -10.4543038
689     2125       1375          2.88149E-05             -10.45461648
712     2875       1125          3.07929E-05             -10.38822593
789     2125       125           2.94271E-05             -10.43359357
792     2875       125           3.05971E-05             -10.3946053
794     3375       125           2.99442E-05             -10.41617643
-1       375        9375          0.00009                 -9.315700888
-2       3375       9375          0.00009                 -9.315700888
-3       4875       9375          0.00009                 -9.315700888
-4       1375       9125          0.00009                 -9.315700888
-5       375        8375          0.00009                 -9.315700888
-6       3375       8375          0.00009                 -9.315700888
-7       1375       8125          0.00009                 -9.315700888
-8       4625       8125          0.00009                 -9.315700888
-9       2625       7875          0.00009                 -9.315700888
-10      2375       6875          0.00009                 -9.315700888
-11      3875       6625          0.00009                 -9.315700888
-12      4875       6625          0.00009                 -9.315700888
-13      375        5875          0.00009                 -9.315700888
-14      3625       5625          0.00009                 -9.315700888
-15      2375       5375          0.00009                 -9.315700888
-16      4875       4875          0.00009                 -9.315700888
-17      375        4625          0.00009                 -9.315700888
-18      4125       4625          0.00009                 -9.315700888
-19      2125       4125          0.00009                 -9.315700888
-20      625        3625          0.00009                 -9.315700888
-21      3375       3375          0.00009                 -9.315700888
-22      4625       2875          0.00009                 -9.315700888
-23      375        2625          0.00009                 -9.315700888
-24      2875       2625          0.00009                 -9.315700888
-25      2125       1875          0.00009                 -9.315700888
-26      3375       1875          0.00009                 -9.315700888
-27      875        1625          0.00009                 -9.315700888
-28      4875       1375          0.00009                 -9.315700888
-29      1375       875           0.00009                 -9.315700888
-30      4125       875           0.00009                 -9.315700888
