gen 100
   1.465764    
  0.5801741    
  0.5603446    
  0.5610596    
   1.172482    
  0.5971619    
   1.172482    
   1.583202    
  0.6438010    
  0.5976074    
  0.5604681    
  0.5674101    
   1.835450    
  0.5809044    
  0.6161628    
  0.5752325    
   1.420487    
  0.6007620    
   1.835450    
  0.5976074    
  0.6010987    
   1.419125    
   1.835450    
   1.172482    
  0.6280668    
   1.172482    
  0.6238517    
   1.835450    
   1.828886    
   1.835450    
  0.5801741    
   1.473727    
   1.835450    
   1.465764    
   1.465764    
   1.420944    
  0.6039227    
   1.847572    
   1.465764    
   1.402083    
  0.5806994    
   1.326778    
   1.835450    
   1.465764    
   1.365960    
   1.835450    
   1.197207    
   1.835450    
   1.079680    
   1.329485    
   1.467484    
   1.473523    
   1.821163    
   1.835450    
   1.835450    
   1.079680    
  0.8301791    
   1.465764    
   1.475346    
   1.835450    
   1.835450    
  0.5809044    
   1.367242    
   1.835450    
  0.6043510    
   1.835450    
  0.5976074    
   1.464795    
  0.8894626    
  0.8223706    
  0.5798902    
  0.6280668    
  0.5809044    
   1.835450    
   1.465764    
   1.465764    
  0.5808019    
   1.465764    
   1.429607    
  0.5997584    
  0.5980377    
  0.6042642    
  0.5752325    
   1.464795    
   1.174102    
   1.835450    
  0.6010987    
  0.6136140    
  0.5809044    
   1.164029    
   1.835450    
   1.791339    
  0.5809044    
  0.7058158    
   1.124895    
   1.835450    
   1.465764    
   1.835450    
   1.475346    
   1.835450    
