100
100
44
4
2
9.725953270013123
4037.167306768678
5204.6310854254125
56.861772189862066
1
-9.810504176357474
9.960383761553927E-4
1
0.40092956045655126
8.649712484340717E-4
7399.548659955444
5299.614397343188
-8.682309102222362
-9.116754805396345
-9.024466712159857
-8.989535201480845
-9.15312064886996
-9.401276328164103
-9.435494069899072
-9.367835858037212
-8.915800461016211
-9.752331218066908
-9.23940117174946
-9.725904570412307
-9.040010110988153
-9.004979633956482
-10.16673214320149
-9.089925821726371
-8.953471305229101
-9.664974159704055
-9.462833639403552
-9.358727692617341
-10.157711508261134
-10.062663862262227
-10.198948716236034
-9.800592407734365
-10.74331809126197
-9.45596992446501
-9.30700839001365
-9.263322439166949
-9.710636311607486
-10.334162325221943


18
6
1.2217590355594974
4010.1317517218345
4823.969914381138
40.284565358160386
1
-9.605896451067672
1.6271333700886335E-4
1
0.40046897510941626
0.0018397983044176338
7399.661525208315
5299.603338385681
-9.61016020185205
-9.200356174695091
-9.00583023383909
-9.07563939163138
-9.490560332490247
-9.351397601558729
-9.538941582109857
-9.3426186108173
-9.318161559867427
-9.758109800259433
-9.281228287931391
-9.24342943263074
-9.051830176468762
-9.383295033470782
-9.780870525750101
-9.229225063413164
-9.040300657472844
-9.555345316217476
-9.461267863986704
-8.98279183996189
-9.842258051810179
-9.801087961392932
-9.271253975030987
-9.798722867566225
-10.24312604601986
-10.2425376535254
-9.556632190129676
-10.25501654267649
-9.928913999775634
-9.993678261155528


18
6
1.223102030076757
4011.2289691749256
4822.790425588174
40.25812609886639
1
-9.758779612866027
1.7703382796684507E-4
1
0.4004686285819127
0.0018371806338414232
7399.6613129095385
5299.603235649386
-9.607889941812848
-9.200803179512521
-9.006029748946707
-9.312675211821768
-9.487760348442624
-9.351563715235782
-9.538766520318374
-9.342512559875754
-9.31762681822211
-9.758144188442724
-9.281016539998927
-9.1719064644727
-9.052265458278658
-9.382505740045975
-9.781901879077193
-9.232560100296672
-9.103582398852994
-9.555392635825072
-9.46136587946775
-8.983332222103755
-9.842537748910313
-9.80200025851395
-9.295448717937365
-9.798284250819798
-10.243621855197196
-10.24922429895879
-9.408847032793718
-10.250754940179087
-9.928924206012358
-9.990272655453186


18
8
1.2232002088558986
4011.30918057461
4822.704199793343
40.25619327325502
1
-9.769956041350122
1.7808071855418211E-4
1
0.400468603249235
0.0018369892706615557
7399.661297389569
5299.603228138913
-9.607723975864277
-9.200835857521762
-9.006044334374595
-9.330003568073458
-9.487555657349786
-9.351575858872858
-9.538753722534958
-9.342504807087613
-9.31758772626662
-9.758146702369482
-9.281001060297983
-9.166677822356815
-9.052297279284723
-9.382448039240918
-9.781977275520898
-9.232803906094393
-9.108208571209484
-9.555396095095562
-9.46137304482855
-8.98337172640424
-9.84255819599291
-9.802066951427737
-9.297217459573812
-9.798252186015272
-10.243658101018822
-10.2497131220156
-9.398043290756027
-10.25044339837828
-9.928924952132949
-9.990023690765844


12
4
9.970656181695727
3848.7301329509296
4948.74725603777
60.90694902029168
1
-10.078050223529237
9.884173438971377E-4
1
0.40089767718290237
3.7512712921324416E-4
7399.5704839438085
5299.600462465239
-8.949093602104282
-9.115747135296948
-8.999469124635167
-9.031316824327932
-9.397338139189033
-9.381899023502182
-9.44845127249497
-9.382584733043839
-8.96509482606509
-9.747585758281295
-9.265629093912844
-9.619557555057224
-8.985348879381235
-9.107329102412514
-9.946609153301665
-9.119244054755693
-8.946985831863353
-9.66597299561105
-9.45025761887578
-9.299790981549718
-10.130973904821388
-9.958610220939189
-9.820202601673493
-9.823934267265845
-10.69796093210985
-9.486201763660537
-9.336442595818141
-9.716488631045124
-9.700567626921613
-9.963540961693536


17
8
1.4922845518354082
4007.621216301207
4829.645232950603
40.862712675582934
1
-9.7598824285559
1.9910014938004708E-4
1
0.4004832038776845
0.0018019949338619584
7399.65830210278
5299.603222358731
-9.585170780699986
-9.199058482384277
-9.006046580625178
-9.073597660715363
-9.482547705022013
-9.352674923268559
-9.535836704560495
-9.34362496927034
-9.30625503993097
-9.757858426292296
-9.280310537736957
-9.209550981985654
-9.050678661489771
-9.373118221076547
-9.783679694853651
-9.258998835336165
-9.08810823141693
-9.488165169275515
-9.461132361752378
-8.993650226750542
-9.851702741293696
-9.80771010372133
-9.311154597867173
-9.798928164247265
-10.25810521124543
-10.223741470878725
-9.395892340092887
-10.229985897076789
-9.921933063944
-9.99298826296377


12
4
9.970656181695727
3848.7301329509296
4948.74725603777
60.90694902029168
1
-10.078050223529237
9.884173438971377E-4
1
0.40089767718290237
3.7512712921324416E-4
7399.5704839438085
5299.600462465239
-8.949093602104282
-9.115747135296948
-8.999469124635167
-9.031316824327932
-9.397338139189033
-9.381899023502182
-9.44845127249497
-9.382584733043839
-8.96509482606509
-9.747585758281295
-9.265629093912844
-9.619557555057224
-8.985348879381235
-9.107329102412514
-9.946609153301665
-9.119244054755693
-8.946985831863353
-9.66597299561105
-9.45025761887578
-9.299790981549718
-10.130973904821388
-9.958610220939189
-9.820202601673493
-9.823934267265845
-10.69796093210985
-9.486201763660537
-9.336442595818141
-9.716488631045124
-9.700567626921613
-9.963540961693536


14
2
8.356270792809612
4145.65572663394
5291.972265408456
52.21352406779166
1
-9.699675103448158
8.566705592986741E-4
1
0.4008602680528163
0.001278757015034399
7399.552923073957
5299.62167129064
-8.666178510137469
-9.104775642064322
-9.035694828102715
-8.978202930729097
-9.076184697436267
-9.404857592925135
-9.443824451574407
-9.355976526550695
-8.946827006840863
-9.755818291035537
-9.23076707190872
-9.5475961759359
-9.07192427414414
-9.000933458206664
-10.400547125831329
-8.195166362315318
-8.94440886444254
-9.649442192697201
-9.469608597110991
-9.337684545841888
-10.127446556422218
-10.084140303493669
-10.275050505270777
-9.787321893193166
-10.696263166178058
-9.552804111756462
-9.326281661951015
-9.161011324634904
-9.747793314879813
-10.09885746362188


17
7
2.6944247918391797
4034.412704884039
4915.792685843582
42.81060895894026
1
-9.746240579126127
3.0678580990579766E-4
1
0.4005497662787537
0.0017157300158906917
7399.639554855008
5299.606855848157
-9.42064435406923
-9.181699257314971
-9.011536928179188
-9.05627356850629
-9.40919588203982
-9.362058945777225
-9.51957213878607
-9.345626833926435
-9.242596645294494
-9.757554451810947
-9.271307307298724
-9.3113820258016
-9.055013866653116
-9.306469802386028
-9.900986939445177
-9.036286910260442
-9.019863469290952
-9.574676898273866
-9.462763442452061
-9.05477441448653
-9.900461916821602
-9.857439338940944
-9.47080700907161
-9.796786910253854
-10.335587811468837
-10.101165590317047
-9.536994188122259
-10.037554099810947
-9.891462739021877
-10.0216132446435


17
8
1.4943297877891293
4007.4470476538168
4829.075589306114
40.868807433732016
1
-9.772334168174535
2.0201119699143075E-4
1
0.40048319556363465
0.0018014627290137484
7399.65829009964
5299.603208519371
-9.58514600969706
-9.199153370344035
-9.006035018031378
-9.0736099209536
-9.482516407169213
-9.352673680245278
-9.53581629713776
-9.343639674659922
-9.306194901308968
-9.757854116125065
-9.280318525589292
-9.198569626606162
-9.050644309290472
-9.373117445080132
-9.782548500744374
-9.268881973243875
-9.096783684542228
-9.474211651970082
-9.461124870689797
-8.99369028968036
-9.851750431031183
-9.807692415655554
-9.314019388824887
-9.798904353297596
-10.258186603255819
-10.22469268063038
-9.395890822333243
-10.229982084639866
-9.921879388018874
-9.992938435682724


18
8
1.1975585676318692
4011.231270207242
4821.551562569785
40.20610754478813
1
-9.76981896560707
1.7561171212358154E-4
1
0.4004672130509784
0.0018418687608644968
7399.661637035833
5299.6031945624545
-9.61051448085511
-9.201089407373257
-9.005988817414957
-9.331090559280224
-9.488563004273416
-9.351426005730389
-9.539065068160326
-9.342428390928527
-9.318799316335658
-9.758164247960044
-9.281126477364412
-9.164965416514855
-9.052334436846168
-9.383586351952674
-9.780818058577662
-9.233401992323603
-9.10871486950327
-9.555065839809117
-9.461368660476426
-8.98223979798404
-9.841607786962632
-9.80128145203313
-9.294510714979147
-9.798244991919395
-10.24215125696634
-10.25210832108538
-9.398317782123392
-10.25341930413288
-9.92958328017372
-9.990007700070734


18
8
1.2719379973180427
3858.598832223978
4825.767172985142
40.36823002877908
1
-9.760204234735575
1.7386995766149925E-4
1
0.40047150229447037
0.0018299065140456932
7399.6607641388455
5299.603362075095
-9.60363672454873
-9.200037770283455
-9.006036477604859
-9.170795528657592
-9.487272228526578
-9.3517695210909
-9.538255753435246
-9.342713624119805
-9.31555695839381
-9.758092997942434
-9.280880636139619
-9.2144925645636
-9.051973369677372
-9.380696771582976
-9.783689206017698
-9.229427861091823
-9.067769229966865
-9.556007607826032
-9.461324954137215
-8.985248918867015
-9.844234744498378
-9.803059350450516
-9.28751119245132
-9.798531415598324
-10.24628369588968
-10.24088505704926
-9.488518323547082
-10.247181331707187
-9.927647118887094
-9.99232963777542


13
1
9.669996739344233
4171.467598595613
5379.2577327535855
54.39529544579156
1
-9.688870451820332
9.842610770833845E-4
1
0.40093231420825065
0.001177365566192164
7399.532821782162
5299.625108938219
-8.491118758463296
-9.086926949387287
-9.04130021898369
-8.960088092831205
-8.998915652388956
-9.414788222127191
-9.426248611104198
-9.35837798002308
-8.878199169176769
-9.755415447253206
-9.221360465105683
-9.60240527139997
-9.075848019347315
-8.930039438325345
-10.516460765764077
-8.0
-8.926901028277818
-9.666790087212064
-9.471196887799564
-9.403328574315172
-10.180114115811334
-10.136742041369672
-10.46166023434279
-9.785125712213521
-10.779951166818815
-9.425567040606584
-9.277389743512476
-8.9576258940176
-9.714457499990681
-10.116780546424609


18
8
1.3806988453045597
4008.600832922366
4828.507218498452
40.628837580940356
1
-9.757045230753953
1.791952921210873E-4
1
0.4004777201233194
0.0018171214647329267
7399.659656146803
5299.603418200578
-9.595704105743403
-9.199547949992008
-9.005931537298213
-9.074388406404182
-9.48646492708713
-9.352128316575168
-9.53714797925628
-9.343225380454049
-9.311224482958588
-9.757957295593277
-9.28071391410176
-9.256572930337528
-9.051090121449938
-9.377363822267347
-9.78507329951243
-9.23145327257576
-9.037371305455673
-9.557329003759003
-9.461175151763488
-8.989130386013246
-9.847794357432486
-9.804837601064941
-9.284197279999596
-9.798983091233499
-10.25189981082808
-10.228402661466927
-9.585886106560798
-10.240939530428252
-9.924798553911009
-10.00369016184077


18
7
1.8078459338873083
4021.0179431506326
4861.632068342622
41.274426694403466
1
-8.086376552349446
2.1546950079992316E-4
1
0.4005001111900477
0.001782855485215875
7399.652682041915
5299.604665020684
-9.53343224464639
-9.19125098003882
-9.009773210193623
-9.067745590669922
-9.457515661279302
-9.355727797173813
-9.531193214730006
-9.343756412225975
-9.287849486309621
-9.757908709896215
-9.277161195828548
-9.258593713195493
-9.053315241284745
-9.352173797281916
-9.820784142064891
-9.19572756689189
-9.039753475239356
-9.563187934281155
-9.461916126896298
-9.011746871426272
-9.865590936262327
-9.824160495605241
-9.354550641289435
-9.797854584439909
-10.28014458754811
-10.185805959251402
-9.390651394118336
-10.168398817521222
-9.914029761086779
-9.995569446829645


18
8
1.2893508212564475
3804.0391467456884
4826.861498653166
40.40825803087207
1
-9.75672015191158
1.7236555542281422E-4
1
0.40047253805267496
0.0018273760177338555
7399.660573621359
5299.603409927227
-9.602176449271674
-9.199752633164874
-9.006033670572524
-9.113914376528985
-9.487170966316016
-9.351838711881305
-9.538077841212848
-9.34278822935594
-9.314831414528468
-9.75807381065958
-9.280837611522916
-9.231575606572237
-9.051857644669267
-9.380071086332189
-9.784300837059568
-9.228221682496265
-9.053321238963134
-9.556226086420317
-9.461307772505307
-8.985919593981421
-9.844833734417106
-9.803413910433756
-9.284043379777907
-9.798631177522727
-10.247221756943791
-10.237731004601947
-9.520842847628344
-10.246015874791489
-9.927190580212798
-9.993153496439426


5
2
9.561995408054175
4041.625481797908
5203.838243308965
56.46089207300218
1
-9.797355625591049
9.794057865689404E-4
1
0.40092032792289645
3.267155424936062E-4
7399.550256255017
5299.6146140319715
-8.693183068036069
-9.116523755147647
-9.118014396084344
-8.990127766524155
-9.15462483737994
-9.40079975646438
-9.43716292416817
-9.36702679793883
-8.922148642520218
-9.752548869568171
-9.239563437205653
-9.71187820008983
-9.041474958549871
-9.009477673268524
-10.165883563633908
-8.93299829574927
-8.943101962039115
-9.662914295532385
-9.463095482150413
-9.353162420666719
-10.152518723024096
-10.060294604349746
-10.187097932912954
-9.80004531938079
-10.735109914768916
-9.469394688059639
-9.308020773557518
-9.359601494405315
-9.672075034693686
-9.996002817375786


17
8
1.4469581387194363
4003.862981498528
4821.199400368274
40.830947388538675
1
-10.029891270581384
2.0599303489243214E-4
1
0.4004804362373108
0.0017997262202338524
7399.659303942803
5299.6028361515655
-9.595005586803826
-9.201002839729165
-9.00553488739717
-9.074814009134062
-9.48756847180357
-9.352071535862347
-9.536600019070972
-9.343715525565019
-9.309370844134277
-9.757814944069956
-9.280983370276576
-9.165925346118804
-9.049886169200352
-9.37712056786511
-9.77232228524481
-9.30386735186802
-9.126752878256703
-9.427772823564476
-9.460920735290868
-8.99046588623495
-9.849394527137674
-9.804415778207336
-9.31217868527534
-9.79912766665857
-10.254456362076333
-10.233522513020928
-9.396899433263476
-10.242476224076329
-9.923045456054664
-9.992204002667652


13
1
9.669996739344233
4171.467598595613
5379.2577327535855
54.39529544579156
1
-9.688870451820332
9.842610770833845E-4
1
0.40093231420825065
0.001177365566192164
7399.532821782162
5299.625108938219
-8.491118758463296
-9.086926949387287
-9.04130021898369
-8.960088092831205
-8.998915652388956
-9.414788222127191
-9.426248611104198
-9.35837798002308
-8.878199169176769
-9.755415447253206
-9.221360465105683
-9.60240527139997
-9.075848019347315
-8.930039438325345
-10.516460765764077
-8.0
-8.926901028277818
-9.666790087212064
-9.471196887799564
-9.403328574315172
-10.180114115811334
-10.136742041369672
-10.46166023434279
-9.785125712213521
-10.779951166818815
-9.425567040606584
-9.277389743512476
-8.9576258940176
-9.714457499990681
-10.116780546424609


17
8
1.4943297877891293
4007.4470476538168
4829.075589306114
40.868807433732016
1
-9.772334168174535
2.0201119699143075E-4
1
0.40048319556363465
0.0018014627290137484
7399.65829009964
5299.603208519371
-9.58514600969706
-9.199153370344035
-9.006035018031378
-9.0736099209536
-9.482516407169213
-9.352673680245278
-9.53581629713776
-9.343639674659922
-9.306194901308968
-9.757854116125065
-9.280318525589292
-9.198569626606162
-9.050644309290472
-9.373117445080132
-9.782548500744374
-9.268881973243875
-9.096783684542228
-9.474211651970082
-9.461124870689797
-8.99369028968036
-9.851750431031183
-9.807692415655554
-9.314019388824887
-9.798904353297596
-10.258186603255819
-10.22469268063038
-9.395890822333243
-10.229982084639866
-9.921879388018874
-9.992938435682724


18
7
1.5708303348926116
4018.2339438869103
4848.4480114223115
40.84671417663577
1
-9.108089003610733
1.9326989002788135E-4
1
0.400487411143687
0.0018150987030980724
7399.656067159014
5299.604228221051
-9.562167965247031
-9.194333392522712
-9.007443357981218
-9.07058617985065
-9.46911793590847
-9.354136867213384
-9.534215437555092
-9.34318853403134
-9.299644392411329
-9.758025427918474
-9.278593362510689
-9.249148161068888
-9.053127580498053
-9.363853889951866
-9.807042252080679
-9.206907767699605
-9.041147216228833
-9.560069255221876
-9.461750969111467
-9.00058377771984
-9.856440571276963
-9.815736305406794
-9.324399108989759
-9.798026356042019
-10.265630541610275
-10.208300380950227
-9.43006220315883
-10.199005795764869
-9.920077712473512
-9.995127062961071


4
2
9.389682475314045
4036.4202892256994
5189.938162335319
56.20063639763049
1
-9.833556755733753
9.631917366942797E-4
1
0.4009113200704997
9.042439882118696E-4
7399.553083627163
5299.613976912474
-8.718531088170081
-9.119957223807132
-9.023770038832735
-8.992868641229608
-9.166085038302244
-9.399336827168192
-9.439560911475327
-9.366816609448033
-8.931615421003203
-9.752566962799392
-9.241011668857224
-9.704892120235893
-9.040562528728037
-9.019756534514157
-10.151938523261823
-9.094787229477369
-8.958269824954025
-9.660649486809831
-9.462791613051662
-9.343973323953962
-10.145295439217364
-10.052505655186378
-10.163362375199844
-9.800476978147701
-10.723632484295372
-9.48711412920469
-9.30910551638899
-9.301799201444998
-9.71927354911923
-10.320151145801292


13
1
9.669996739344233
4171.467598595613
5379.2577327535855
54.39529544579156
1
-9.688870451820332
9.842610770833845E-4
1
0.40093231420825065
0.001177365566192164
7399.532821782162
5299.625108938219
-8.491118758463296
-9.086926949387287
-9.04130021898369
-8.960088092831205
-8.998915652388956
-9.414788222127191
-9.426248611104198
-9.35837798002308
-8.878199169176769
-9.755415447253206
-9.221360465105683
-9.60240527139997
-9.075848019347315
-8.930039438325345
-10.516460765764077
-8.0
-8.926901028277818
-9.666790087212064
-9.471196887799564
-9.403328574315172
-10.180114115811334
-10.136742041369672
-10.46166023434279
-9.785125712213521
-10.779951166818815
-9.425567040606584
-9.277389743512476
-8.9576258940176
-9.714457499990681
-10.116780546424609


12
4
9.970656181695727
3848.7301329509296
4948.74725603777
60.90694902029168
1
-10.078050223529237
9.884173438971377E-4
1
0.40089767718290237
3.7512712921324416E-4
7399.5704839438085
5299.600462465239
-8.949093602104282
-9.115747135296948
-8.999469124635167
-9.031316824327932
-9.397338139189033
-9.381899023502182
-9.44845127249497
-9.382584733043839
-8.96509482606509
-9.747585758281295
-9.265629093912844
-9.619557555057224
-8.985348879381235
-9.107329102412514
-9.946609153301665
-9.119244054755693
-8.946985831863353
-9.66597299561105
-9.45025761887578
-9.299790981549718
-10.130973904821388
-9.958610220939189
-9.820202601673493
-9.823934267265845
-10.69796093210985
-9.486201763660537
-9.336442595818141
-9.716488631045124
-9.700567626921613
-9.963540961693536


18
7
1.9602218986543862
4025.000206039728
4873.080342500145
41.509744671834106
1
-8.991404823580554
2.3035939487408457E-4
1
0.40050856706242455
0.0017829095477980277
7399.6502255997675
5299.60514794713
-9.511654564648683
-9.189024906899602
-9.008986295756591
-9.065420077708565
-9.447326188348248
-9.35698350222899
-9.529077388797612
-9.343965183393536
-9.27958592390561
-9.757884812741343
-9.275932899711162
-9.264529931754705
-9.054039928682469
-9.343378079495519
-9.837464455497066
-9.157027456404146
-9.037473118611365
-9.56521114908225
-9.462163220498724
-9.01971165777502
-9.87188193141522
-9.830843917207527
-9.378203792009183
-9.797483373392843
-10.29015089314437
-10.170796787521372
-9.38819566763188
-10.14099102508799
-9.910181373749117
-9.999086834596472


12
4
9.970656181695727
3848.7301329509296
4948.74725603777
60.90694902029168
1
-10.078050223529237
9.884173438971377E-4
1
0.40089767718290237
3.7512712921324416E-4
7399.5704839438085
5299.600462465239
-8.949093602104282
-9.115747135296948
-8.999469124635167
-9.031316824327932
-9.397338139189033
-9.381899023502182
-9.44845127249497
-9.382584733043839
-8.96509482606509
-9.747585758281295
-9.265629093912844
-9.619557555057224
-8.985348879381235
-9.107329102412514
-9.946609153301665
-9.119244054755693
-8.946985831863353
-9.66597299561105
-9.45025761887578
-9.299790981549718
-10.130973904821388
-9.958610220939189
-9.820202601673493
-9.823934267265845
-10.69796093210985
-9.486201763660537
-9.336442595818141
-9.716488631045124
-9.700567626921613
-9.963540961693536


18
7
1.9602218986543862
4025.000206039728
4873.080342500145
41.509744671834106
1
-8.991404823580554
2.3035939487408457E-4
1
0.40050856706242455
0.0017829095477980277
7399.6502255997675
5299.60514794713
-9.511654564648683
-9.189024906899602
-9.008986295756591
-9.065420077708565
-9.447326188348248
-9.35698350222899
-9.529077388797612
-9.343965183393536
-9.27958592390561
-9.757884812741343
-9.275932899711162
-9.264529931754705
-9.054039928682469
-9.392368220489507
-9.837464455497066
-9.157027456404146
-9.037473118611365
-9.56521114908225
-9.462163220498724
-9.01971165777502
-9.87188193141522
-9.830843917207527
-9.378203792009183
-9.797483373392843
-10.29015089314437
-10.170796787521372
-9.38819566763188
-10.14099102508799
-9.910181373749117
-9.999086834596472


13
1
9.669996739344233
4171.467598595613
5379.2577327535855
54.39529544579156
1
-9.688870451820332
9.842610770833845E-4
1
0.40093231420825065
0.001177365566192164
7399.532821782162
5299.625108938219
-8.491118758463296
-9.086926949387287
-9.04130021898369
-8.960088092831205
-8.998915652388956
-9.414788222127191
-9.426248611104198
-9.35837798002308
-8.878199169176769
-9.755415447253206
-9.221360465105683
-9.60240527139997
-9.075848019347315
-8.930039438325345
-10.516460765764077
-8.0
-8.926901028277818
-9.666790087212064
-9.471196887799564
-9.403328574315172
-10.180114115811334
-10.136742041369672
-10.46166023434279
-9.785125712213521
-10.779951166818815
-9.425567040606584
-9.277389743512476
-8.9576258940176
-9.714457499990681
-10.116780546424609


12
1
9.671607368307287
4167.601956155363
5374.231353659933
54.466289462632986
1
-9.692371505178745
9.846000698473239E-4
1
0.4009322349454338
0.0011683737411083079
7399.5332776614005
5299.624800620227
-8.496621899945321
-9.087785501699585
-9.0408156904878
-8.96093568587356
-9.003354223376304
-9.41439930152217
-9.42651472845518
-9.35865021155846
-8.879281468757549
-9.75532667211299
-9.221879741127392
-9.605960022660067
-9.074816476246118
-8.932196485021013
-10.506394325940622
-8.031371960968032
-8.92766581582098
-9.666737818327553
-9.470956163617226
-9.402044801519013
-10.17946928869041
-10.13460980659074
-10.454098457818548
-9.785570898994596
-10.778896735963432
-9.42644214427576
-9.278242274027342
-8.966424933265333
-9.714347512530601
-10.123037571025412


13
1
9.669996739344233
4171.467598595613
5379.2577327535855
54.39529544579156
1
-9.688870451820332
9.842610770833845E-4
1
0.40093231420825065
0.001177365566192164
7399.532821782162
5299.625108938219
-8.491118758463296
-9.086926949387287
-9.04130021898369
-8.960088092831205
-8.998915652388956
-9.414788222127191
-9.426248611104198
-9.35837798002308
-8.878199169176769
-9.755415447253206
-9.221360465105683
-9.60240527139997
-9.075848019347315
-8.930039438325345
-10.516460765764077
-8.0
-8.926901028277818
-9.666790087212064
-9.471196887799564
-9.403328574315172
-10.180114115811334
-10.136742041369672
-10.46166023434279
-9.785125712213521
-10.779951166818815
-9.425567040606584
-9.277389743512476
-8.9576258940176
-9.714457499990681
-10.116780546424609


18
6
1.2217590355594974
4010.1317517218345
4823.969914381138
40.284565358160386
1
-9.605896451067672
1.6271333700886335E-4
1
0.40046897510941626
0.0018397983044176338
7399.661525208315
5299.603338385681
-9.61016020185205
-9.200356174695091
-9.00583023383909
-9.07563939163138
-9.490560332490247
-9.351397601558729
-9.538941582109857
-9.3426186108173
-9.318161559867427
-9.758109800259433
-9.281228287931391
-9.24342943263074
-9.051830176468762
-9.383295033470782
-9.780870525750101
-9.229225063413164
-9.040300657472844
-9.555345316217476
-9.461267863986704
-8.98279183996189
-9.842258051810179
-9.801087961392932
-9.271253975030987
-9.798722867566225
-10.24312604601986
-10.2425376535254
-9.556632190129676
-10.25501654267649
-9.928913999775634
-9.993678261155528


4
2
9.724342641050072
4041.0329492089286
5209.657464519065
56.790778173020655
1
-9.807003122999062
9.956993833914534E-4
1
0.4009296397193682
8.739630735179279E-4
7399.548204076205
5299.325210145604
-8.676805960740337
-9.115896253084049
-9.024951240655747
-8.988687608438491
-9.148682077882611
-9.401665248769126
-9.43522795254809
-9.367563626501832
-8.914718161435433
-9.752419993207125
-9.23888189572775
-9.72234981915221
-9.041041654089351
-9.002822587260818
-10.176798583024944
-9.05855386075834
-8.952706517685941
-9.665026428588568
-9.463074363585893
-9.360011465413502
-10.158356335382061
-10.06479609704116
-10.206510492760279
-9.800147220953292
-10.744372522117356
-9.455094820795836
-9.306155859498785
-9.254523399919217
-9.71074629906757
-10.32790530062114


13
1
9.669996739344233
4171.467598595613
5379.2577327535855
54.39529544579156
1
-9.688870451820332
9.842610770833845E-4
1
0.40093231420825065
0.001177365566192164
7399.532821782162
5299.625108938219
-8.491118758463296
-9.086926949387287
-9.04130021898369
-8.960088092831205
-8.998915652388956
-9.414788222127191
-9.426248611104198
-9.35837798002308
-8.878199169176769
-9.755415447253206
-9.221360465105683
-9.60240527139997
-9.075848019347315
-8.930039438325345
-10.516460765764077
-8.0
-8.926901028277818
-9.666790087212064
-9.471196887799564
-9.403328574315172
-10.180114115811334
-10.136742041369672
-10.46166023434279
-9.785125712213521
-10.779951166818815
-9.425567040606584
-9.277389743512476
-8.9576258940176
-9.714457499990681
-10.116780546424609


4
2
9.725953270013123
4037.167306768678
5204.6310854254125
56.861772189862066
1
-9.810504176357474
9.960383761553927E-4
1
0.40092956045655126
8.649712484340717E-4
7399.548659955444
5299.614397343188
-8.682309102222362
-9.116754805396345
-9.024466712159857
-8.989535201480845
-9.15312064886996
-9.401276328164103
-9.435494069899072
-9.367835858037212
-8.915800461016211
-9.752331218066908
-9.23940117174946
-9.725904570412307
-9.040010110988153
-9.004979633956482
-10.16673214320149
-9.089925821726371
-8.953471305229101
-9.664974159704055
-9.462833639403552
-9.358727692617341
-10.157711508261134
-10.062663862262227
-10.198948716236034
-9.800592407734365
-10.74331809126197
-9.45596992446501
-9.30700839001365
-9.263322439166949
-9.710636311607486
-10.334162325221943


4
2
9.725953270013123
4037.167306768678
5204.6310854254125
56.861772189862066
1
-9.810504176357474
9.960383761553927E-4
1
0.40092956045655126
8.649712484340717E-4
7399.548659955444
5299.614397343188
-8.682309102222362
-9.116754805396345
-9.024466712159857
-8.989535201480845
-9.15312064886996
-9.401276328164103
-9.435494069899072
-9.367835858037212
-8.915800461016211
-9.752331218066908
-9.23940117174946
-9.725904570412307
-9.040010110988153
-9.004979633956482
-10.16673214320149
-9.089925821726371
-8.953471305229101
-9.664974159704055
-9.462833639403552
-9.358727692617341
-10.157711508261134
-10.062663862262227
-10.198948716236034
-9.800592407734365
-10.74331809126197
-9.45596992446501
-9.30700839001365
-9.263322439166949
-9.710636311607486
-10.334162325221943


4
2
10.0
4036.7314174338967
5195.684192866809
56.454866520538026
1
-9.789818872014882
9.757377248462328E-4
1
0.4009183399375601
8.133399200832129E-4
7399.551381412286
5299.614138009612
-8.704580901251443
-9.118706967001284
-9.024038936611056
-8.991583628793226
-9.161134884105236
-9.400083638064258
-9.437998212685473
-9.36720818958992
-8.92553096571061
-9.752476457604839
-9.24039092234315
-9.714687608557224
-9.040351120597034
-9.01406117342563
-10.063446166217586
-9.086263815123987
-8.954211414707148
-9.662305685984768
-9.462808220509173
-9.349653643493053
-10.15007440780315
-10.056409107169424
-10.176376097907207
-9.800527226434406
-10.731209716838107
-9.474993701482772
-9.309197885981025
-9.287000597256055
-9.715950903515385
-10.285683929674404


18
8
1.6039614360340548
4018.7730325274174
4850.457388304774
40.90387148199325
1
-9.088454572251507
1.9642000105442762E-4
1
0.40048917329244194
0.0018122606057961064
7399.655575704145
5299.604297279546
-9.557933470216227
-9.193854863364061
-9.007569124095667
-9.070154236925188
-9.467320622040292
-9.354374538727175
-9.533781997080315
-9.343257604061025
-9.297951361535812
-9.758012493047339
-9.278372929009265
-9.249551665624281
-9.053193436063028
-9.36213607788105
-9.809178880276981
-9.205003206726758
-9.04161019323252
-9.56051020047941
-9.461783326382612
-9.002195874577396
-9.857746440881716
-9.816999173136143
-9.32913159336363
-9.797982923774727
-10.26770264807237
-10.205177098226637
-9.417855636092556
-10.194178484890212
-9.919235175429478
-9.995417135785052


13
1
9.66665772982304
4179.481497022638
5389.677964871496
54.24811710514379
1
-9.681612386327835
9.835583081078013E-4
1
0.4009324785287158
0.0011960066003823145
7399.531876694775
5299.625748115048
-8.479710145911007
-9.085147076796538
-9.042304699406046
-8.95833094000244
-8.989714010591104
-9.415594496963262
-9.425696920808628
-9.35781361435634
-8.875955444093027
-9.755599487802103
-9.220283949272186
-9.595035884300135
-9.07798652071258
-8.925567645243442
-10.537329593523971
-8.0
-8.925315540280966
-9.666898446310933
-9.471695935286759
-9.405989975350272
-10.181450912768106
-10.141162396641805
-10.477336621885048
-9.784202791457211
-10.782137116995012
-9.423752855247674
-9.27562235476464
-8.939384525894022
-9.71468551599241
-10.103809051936626


4
2
9.725953270013123
4037.167306768678
5204.6310854254125
56.861772189862066
1
-9.810504176357474
9.960383761553927E-4
1
0.40092956045655126
8.649712484340717E-4
7399.548659955444
5299.614397343188
-8.682309102222362
-9.116754805396345
-9.024466712159857
-8.989535201480845
-9.15312064886996
-9.401276328164103
-9.435494069899072
-9.367835858037212
-8.915800461016211
-9.752331218066908
-9.23940117174946
-9.725904570412307
-9.040010110988153
-9.004979633956482
-10.16673214320149
-9.089925821726371
-8.953471305229101
-9.664974159704055
-9.462833639403552
-9.358727692617341
-10.157711508261134
-10.062663862262227
-10.198948716236034
-9.800592407734365
-10.74331809126197
-9.45596992446501
-9.30700839001365
-9.263322439166949
-9.710636311607486
-10.334162325221943


4
2
9.889601714720579
4036.443388157306
5189.663474436174
56.18164854344559
1
-9.775113138150465
9.620522142426691E-4
1
0.4009108106232079
8.309315980041819E-4
7399.553205802194
5299.61396711357
-8.719510546611149
-9.120014932135977
-9.023753317295979
-8.992955935566291
-9.166476338596254
-9.399284563098735
-9.439676417191984
-9.366786310041652
-8.932055504964788
-9.752574146783132
-9.241053594403073
-9.706485570754415
-9.040583222316554
-9.020151319533838
-10.059040933161683
-9.088281101483672
-8.955751746241873
-9.660521064801529
-9.462791853775002
-9.343568340488419
-10.144951745247793
-10.052224909371413
-10.161570222902935
-9.800479667361406
-10.72308742132007
-9.487792447321551
-9.310665129783517
-9.302853700405791
-9.719516969104019
-10.280549319751975


18
8
1.2465354420362598
4010.140706205957
4824.847476208979
40.33346606640448
1
-9.75416948863194
1.6596364173319069E-4
1
0.40047030282477347
0.0018368677026033627
7399.661201050729
5299.603356866355
-9.607524510072851
-9.200185617142852
-9.00587955413282
-9.075389897229176
-9.48956783309421
-9.351538744601214
-9.5386404177157
-9.342694686744045
-9.317000653094095
-9.758092061919772
-9.281112230143604
-9.241190624561002
-9.051786593166781
-9.38222547251353
-9.78185658275747
-9.229337289892278
-9.043421062420997
-9.555662236205201
-9.461270006742645
-8.98386963521923
-9.843166795221858
-9.80182519495645
-9.274990271837767
-9.798718685429783
-10.244569521399791
-10.240653445765311
-9.550007866604757
-10.252186661942421
-9.92827822048877
-9.994885066935103


5
3
8.886043568361835
4035.2022832777157
5168.114838434664
55.21431677102568
1
-9.80830217729409
9.144112467350046E-4
1
0.400884038849683
4.2810626820362254E-4
7399.5597286994525
5299.613316145393
-8.772975432409657
-9.12477133643547
-9.022705023497931
-8.997892697210602
-9.185947231131179
-9.396415530564159
-9.445673464444607
-9.365303087889014
-8.955347950947607
-9.752915918498395
-9.243444997394795
-9.681933336333307
-9.041338318304414
-9.041938837336883
-10.129377411737288
-9.056251289508445
-8.95340973713495
-9.654115524344071
-9.46271771739765
-9.321838836983341
-10.126686343165844
-10.037137990806679
-10.106049923292067
-9.800356105849723
-10.69413162124796
-9.533239290996882
-9.315925438182402
-9.359890685068583
-9.732197443786012
-10.018802108845037


13
1
9.669996739344233
4171.467598595613
5379.2577327535855
54.39529544579156
1
-9.688870451820332
9.842610770833845E-4
1
0.40093231420825065
0.001177365566192164
7399.532821782162
5299.625108938219
-8.491118758463296
-9.086926949387287
-9.04130021898369
-8.960088092831205
-8.998915652388956
-9.414788222127191
-9.426248611104198
-9.35837798002308
-8.878199169176769
-9.755415447253206
-9.221360465105683
-9.60240527139997
-9.075848019347315
-8.930039438325345
-10.516460765764077
-8.0
-8.926901028277818
-9.666790087212064
-9.471196887799564
-9.403328574315172
-10.180114115811334
-10.136742041369672
-10.46166023434279
-9.785125712213521
-10.779951166818815
-9.425567040606584
-9.277389743512476
-8.9576258940176
-9.714457499990681
-10.116780546424609


4
2
9.725953270013123
4037.167306768678
5204.6310854254125
56.861772189862066
1
-9.810504176357474
9.960383761553927E-4
1
0.40092956045655126
8.649712484340717E-4
7399.548659955444
5299.614397343188
-8.682309102222362
-9.116754805396345
-9.024466712159857
-8.989535201480845
-9.15312064886996
-9.401276328164103
-9.435494069899072
-9.367835858037212
-8.915800461016211
-9.752331218066908
-9.23940117174946
-9.725904570412307
-9.040010110988153
-9.004979633956482
-10.16673214320149
-9.089925821726371
-8.953471305229101
-9.664974159704055
-9.462833639403552
-9.358727692617341
-10.157711508261134
-10.062663862262227
-10.198948716236034
-9.800592407734365
-10.74331809126197
-9.45596992446501
-9.30700839001365
-9.263322439166949
-9.710636311607486
-10.334162325221943


5
3
9.104693825630884
4035.761062476924
5177.477654979167
55.64079289520867
1
-9.8054327417437
9.350652816103185E-4
1
0.40089586715688863
9.79318953701378E-4
7399.556836360275
5299.613624153126
-8.749272683394771
-9.122666330587187
-9.023175995027794
-8.995699951171042
-9.177103415590016
-9.397690106195425
-9.443009749736605
-9.365954730712897
-8.945027599128533
-9.752766124828765
-9.242380496958907
-9.687779848192676
-9.041023139564526
-9.032297113291458
-10.139394456062321
-9.102456732359526
-8.962089153856164
-9.6569877726694
-9.462754220179075
-9.331458369956573
-10.1347672262351
-10.04388479544065
-10.133039271093645
-9.800384760073388
-10.706938764837433
-9.513426335941354
-9.313590309138279
-9.33447796623427
-9.72659347115176
-10.23318407010969


13
1
9.669996739344233
4171.467598595613
5379.2577327535855
54.39529544579156
1
-9.688870451820332
9.842610770833845E-4
1
0.40093231420825065
0.001177365566192164
7399.532821782162
5299.625108938219
-8.491118758463296
-9.086926949387287
-9.04130021898369
-8.960088092831205
-8.998915652388956
-9.414788222127191
-9.426248611104198
-9.35837798002308
-8.878199169176769
-9.755415447253206
-9.221360465105683
-9.60240527139997
-9.075848019347315
-8.930039438325345
-10.516460765764077
-8.0
-8.926901028277818
-9.666790087212064
-9.471196887799564
-9.403328574315172
-10.180114115811334
-10.136742041369672
-10.46166023434279
-9.785125712213521
-10.779951166818815
-9.425567040606584
-9.277389743512476
-8.9576258940176
-9.714457499990681
-10.116780546424609


11
3
9.924695714876577
3879.8267698773943
4990.834344459181
60.228113101776714
1
-10.034470894305873
9.893109346987552E-4
1
0.4009027166184758
3.488327010229558E-4
7399.566952128451
5299.602759046447
-8.905623464482154
-9.116040702760834
-9.021311873231504
-9.024471955192718
-9.357232101416315
-9.385067417725288
-9.446378288448502
-9.38013228719257
-8.957213059895391
-9.748373306489611
-9.261323932515678
-9.638202915734125
-8.994385146057656
-9.090666566907359
-9.980180576622914
-9.102421092889358
-8.946141313327164
-9.665722820481772
-9.452333851362138
-9.309283617975685
-10.135186412725709
-9.975609023418048
-9.881501784934832
-9.82008287196321
-10.705133580929477
-9.481631711313016
-9.331639839779236
-9.658943485190859
-9.7023714957205
-9.968734309225672


13
1
9.669996739344233
4171.467598595613
5379.2577327535855
54.39529544579156
1
-9.688870451820332
9.842610770833845E-4
1
0.40093231420825065
0.001177365566192164
7399.532821782162
5299.625108938219
-8.491118758463296
-9.086926949387287
-9.04130021898369
-8.960088092831205
-8.998915652388956
-9.414788222127191
-9.426248611104198
-9.35837798002308
-8.878199169176769
-9.755415447253206
-9.221360465105683
-9.60240527139997
-9.075848019347315
-8.930039438325345
-10.516460765764077
-8.0
-8.926901028277818
-9.666790087212064
-9.471196887799564
-9.403328574315172
-10.180114115811334
-10.136742041369672
-10.46166023434279
-9.785125712213521
-10.779951166818815
-9.425567040606584
-9.277389743512476
-8.9576258940176
-9.714457499990681
-10.116780546424609


12
4
10.0
3766.1473784993377
4838.888104512323
62.61287945891469
1
-10.180886348922446
9.907883066647533E-4
1
0.4008889211718827
1.6710995045581169E-4
7399.5799433445245
5299.594211431664
-9.064833326504367
-9.122122313229667
-8.988759089557362
-9.049419868413121
-9.49966519376695
-9.373547740965417
-9.453984916241168
-9.388853318607046
-8.986645740344404
-9.745563332742579
-9.276916591877534
-9.618792595633154
-8.962062367494017
-9.152032124342567
-9.806509024643336
-9.429489845475
-8.950102576280052
-9.666032387752178
-9.444881096908771
-9.273960231731486
-10.118989383437661
-9.913241078303624
-9.656939612210238
-9.833908159929276
-10.677887988686761
-9.50025459784947
-9.34914932627051
-9.9095830015024
-9.696567365114586
-9.949145892521468


5
3
8.901920619343342
4035.242858422442
5168.7947091902
55.24528487163814
1
-9.80809381634775
9.159110170475804E-4
1
0.40088489774936537
4.6813197875438954E-4
7399.5595186753835
5299.613338511039
-8.77125428303068
-9.124618483721793
-9.022739222584104
-8.997733473338219
-9.185305047069875
-9.396508082489458
-9.445480041693829
-9.365350406224998
-8.954598549807972
-9.752905041393747
-9.24336769985167
-9.682357874442772
-9.041315431942495
-9.041238714016055
-10.130104788532627
-9.05960644756283
-8.954039983554475
-9.654324089537006
-9.462720368007481
-9.322537348923557
-10.12727312771423
-10.03762790269827
-10.108009725472751
-9.800358186545054
-10.69506159807139
-9.531800594782021
-9.315755875322768
-9.358045368088165
-9.731790517398984
-10.041418328490504


4
2
9.742247885130531
4037.5257223401486
5205.752407722437
56.8884252155289
1
-9.810373645138872
9.966465049908166E-4
1
0.4009304203256125
8.637801572582496E-4
7399.548407710468
5299.61444755745
-8.680097819567285
-9.116479403195967
-9.030487343490654
-8.98880942081834
-9.152149618776365
-9.401402026638603
-9.435275138902472
-9.367864008155586
-8.91494212232315
-9.752326774697147
-9.23928104340731
-9.726230123514608
-9.040064784005011
-9.004083322824792
-10.167895352172312
-9.08260675990698
-8.95312208201514
-9.665190942506031
-9.462854834145917
-9.35955144352259
-10.158370292476366
-10.063335187445011
-10.201268851280558
-9.800562944109293
-10.744363844700938
-9.45436705375926
-9.306786996906801
-9.266353463183114
-9.710223059893245
-10.332689890036086


4
1
9.797804553307742
4038.7477441449146
5209.575568338788
56.979298997586454
1
-9.809928597523673
9.987199268958577E-4
1
0.4009333520585664
8.597191188877721E-4
7399.5475476784695
5299.614618763525
-8.672558427207974
-9.115540416386436
-9.051014751757274
-8.986334863724132
-9.148838881068768
-9.401830596960021
-9.43452869127888
-9.36795998629157
-8.91201560717625
-9.752311624979427
-9.238871464512972
-9.727340100371881
-9.040251192253011
-9.00102734023373
-10.171861325860377
-9.057652338710863
-8.951931401653685
-9.6659300658366
-9.462927097851454
-9.362360031229256
-10.160616424452016
-10.065624077986469
-10.20917937705034
-9.800462487557875
-10.747929352470548
-9.448902048584928
-9.306032154691428
-9.276687772664493
-9.708814073660902
-10.327669606191167


13
1
9.595274716507198
4170.050805740983
5374.334350776788
54.27021816807829
1
-9.689587750887585
9.77129447128365E-4
1
0.4009282121299368
0.0011832007271708033
7399.533958302644
5299.6249153763665
-8.500996467752662
-9.087934609984325
-9.040988338496764
-8.96336043785444
-9.003238257944563
-9.414229033133633
-9.427243853439593
-9.358237562814463
-8.882086086741161
-9.755439608472958
-9.221888057536718
-9.59855074071717
-9.075639684870401
-8.934041533757295
-10.509963380402269
-8.010905625735424
-8.928504910449547
-9.66580467405658
-9.471109984153173
-9.399613553470655
-10.177128029777604
-10.133781439723432
-10.451359344615586
-9.785241831581573
-10.775207012917937
-9.432857598878448
-9.27845706851314
-8.969062411842586
-9.71635472123887
-10.115659230357732


13
1
9.669996739344233
4171.467598595613
5379.2577327535855
54.39529544579156
1
-9.688870451820332
9.842610770833845E-4
1
0.40093231420825065
0.001177365566192164
7399.532821782162
5299.625108938219
-8.491118758463296
-9.086926949387287
-9.04130021898369
-8.960088092831205
-8.998915652388956
-9.414788222127191
-9.426248611104198
-9.35837798002308
-8.878199169176769
-9.755415447253206
-9.221360465105683
-9.60240527139997
-9.075848019347315
-8.930039438325345
-10.516460765764077
-8.0
-8.926901028277818
-9.666790087212064
-9.471196887799564
-9.403328574315172
-10.180114115811334
-10.136742041369672
-10.46166023434279
-9.785125712213521
-10.779951166818815
-9.425567040606584
-9.277389743512476
-8.9576258940176
-9.714457499990681
-10.116780546424609


13
1
9.669996739344233
4171.467598595613
5379.2577327535855
54.39529544579156
1
-9.688870451820332
9.842610770833845E-4
1
0.40093231420825065
0.001177365566192164
7399.532821782162
5299.625108938219
-8.491118758463296
-9.086926949387287
-9.04130021898369
-8.960088092831205
-8.998915652388956
-9.414788222127191
-9.426248611104198
-9.35837798002308
-8.878199169176769
-9.755415447253206
-9.221360465105683
-9.60240527139997
-9.075848019347315
-8.930039438325345
-10.516460765764077
-8.0
-8.926901028277818
-9.666790087212064
-9.471196887799564
-9.403328574315172
-10.180114115811334
-10.136742041369672
-10.46166023434279
-9.785125712213521
-10.779951166818815
-9.425567040606584
-9.277389743512476
-8.9576258940176
-9.714457499990681
-10.116780546424609


12
4
10.0
3766.1473784993377
4838.888104512323
62.61287945891469
1
-10.180886348922446
9.907883066647533E-4
1
0.4008889211718827
1.6710995045581169E-4
7399.5799433445245
5299.594211431664
-9.064833326504367
-9.122122313229667
-8.988759089557362
-9.049419868413121
-9.49966519376695
-9.373547740965417
-9.453984916241168
-9.388853318607046
-8.986645740344404
-9.745563332742579
-9.276916591877534
-9.618792595633154
-8.962062367494017
-9.152032124342567
-9.806509024643336
-9.429489845475
-8.950102576280052
-9.666032387752178
-9.444881096908771
-9.273960231731486
-10.118989383437661
-9.913241078303624
-9.656939612210238
-9.833908159929276
-10.677887988686761
-9.50025459784947
-9.34914932627051
-9.9095830015024
-9.696567365114586
-9.949145892521468


16
6
3.9738792148243167
4059.551215571145
5000.801113629938
44.9354638777974
1
-9.735717791363202
4.31047839396215E-4
1
0.40061993294667453
0.0016169835931559785
7399.619977951041
5299.610203816896
-9.250151433413272
-9.164316188303985
-9.01699608971447
-9.038631297276698
-9.333942575437785
-9.371730511973443
-9.502454804012704
-9.347965640033555
-9.175759120565042
-9.757162117123155
-9.262146093187688
-9.364761301590661
-9.058835252055538
-9.237425213946853
-10.013876708949592
-8.846211905545086
-9.002812364776391
-9.591572233579582
-9.464310298972512
-9.118705969461335
-9.951755523365636
-9.908668841075453
-9.652548599745868
-9.79464802164052
-10.417092620636263
-9.977247787003648
-9.48937772636368
-9.839474439848026
-9.858996564538362
-10.039068763144883


4
2
9.725953270013123
4037.167306768678
5204.6310854254125
56.861772189862066
1
-9.810504176357474
9.960383761553927E-4
1
0.40092956045655126
8.649712484340717E-4
7399.548659955444
5299.614397343188
-8.682309102222362
-9.116754805396345
-9.024466712159857
-8.989535201480845
-9.15312064886996
-9.401276328164103
-9.435494069899072
-9.367835858037212
-8.915800461016211
-9.752331218066908
-9.23940117174946
-9.725904570412307
-9.040010110988153
-9.004979633956482
-10.16673214320149
-9.089925821726371
-8.953471305229101
-9.664974159704055
-9.462833639403552
-9.358727692617341
-10.157711508261134
-10.062663862262227
-10.198948716236034
-9.800592407734365
-10.74331809126197
-9.45596992446501
-9.30700839001365
-9.263322439166949
-9.710636311607486
-10.334162325221943


4
1
9.81409916842515
4039.1061597163853
5210.696890635812
57.005952023253286
1
-9.809798066305072
9.993280557312816E-4
1
0.4009342119276276
8.585280277119501E-4
7399.547295433494
5299.614668977787
-8.670347144552897
-9.115265014186058
-9.05703538308807
-8.985609083061627
-9.147867850975173
-9.401956295434521
-9.43430976028228
-9.367988136409943
-8.91115726848319
-9.752307181609666
-9.238751336170823
-9.727665653474181
-9.04030586526987
-9.00013102910204
-10.1730245348312
-9.050333276891472
-8.951582178439724
-9.666146848638576
-9.462948292593818
-9.363183782134506
-10.161275208667249
-10.066295403169253
-10.211499512094864
-9.800433023932802
-10.748975105909516
-9.447299177879177
-9.30581076158458
-9.279718796680658
-9.708400821946661
-10.32619717100531


13
1
9.669996739344233
4171.467598595613
5379.2577327535855
54.39529544579156
1
-9.688870451820332
9.842610770833845E-4
1
0.40093231420825065
0.001177365566192164
7399.532821782162
5299.625108938219
-8.491118758463296
-9.086926949387287
-9.04130021898369
-8.960088092831205
-8.998915652388956
-9.414788222127191
-9.426248611104198
-9.35837798002308
-8.878199169176769
-9.755415447253206
-9.221360465105683
-9.60240527139997
-9.075848019347315
-8.930039438325345
-10.516460765764077
-8.0
-8.926901028277818
-9.666790087212064
-9.471196887799564
-9.403328574315172
-10.180114115811334
-10.136742041369672
-10.46166023434279
-9.785125712213521
-10.779951166818815
-9.425567040606584
-9.277389743512476
-8.9576258940176
-9.714457499990681
-10.116780546424609


13
1
9.669996739344233
4171.467598595613
5379.2577327535855
54.39529544579156
1
-9.688870451820332
9.842610770833845E-4
1
0.40093231420825065
0.001177365566192164
7399.532821782162
5299.625108938219
-8.491118758463296
-9.086926949387287
-9.04130021898369
-8.960088092831205
-8.998915652388956
-9.414788222127191
-9.426248611104198
-9.35837798002308
-8.878199169176769
-9.755415447253206
-9.221360465105683
-9.60240527139997
-9.075848019347315
-8.930039438325345
-10.516460765764077
-8.0
-8.926901028277818
-9.666790087212064
-9.471196887799564
-9.403328574315172
-10.180114115811334
-10.136742041369672
-10.46166023434279
-9.785125712213521
-10.779951166818815
-9.425567040606584
-9.277389743512476
-8.9576258940176
-9.714457499990681
-10.116780546424609


18
8
1.3806988453045597
4008.600832922366
4828.507218498452
40.628837580940356
1
-9.757045230753953
1.791952921210873E-4
1
0.4004777201233194
0.0018171214647329267
7399.659656146803
5299.603418200578
-9.595704105743403
-9.199547949992008
-9.005931537298213
-9.074388406404182
-9.48646492708713
-9.352128316575168
-9.53714797925628
-9.343225380454049
-9.311224482958588
-9.757957295593277
-9.28071391410176
-9.256572930337528
-9.051090121449938
-9.377363822267347
-9.78507329951243
-9.23145327257576
-9.037371305455673
-9.557329003759003
-9.461175151763488
-8.989130386013246
-9.847794357432486
-9.804837601064941
-9.284197279999596
-9.798983091233499
-10.25189981082808
-10.228402661466927
-9.585886106560798
-10.240939530428252
-9.924798553911009
-10.00369016184077


5
2
9.097147105618578
4036.353088419856
5177.806977526424
55.61588712680781
1
-9.806721985078916
9.308732810334617E-4
1
0.4008953543837213
9.084827535716508E-4
7399.55686375516
5299.613676690877
-8.749218077157087
-9.122503939090233
-9.050820784527408
-8.993349472934623
-9.176753341404718
-9.397706545518488
-9.443059643020577
-9.36589193756208
-8.94520764668736
-9.752784532686215
-9.242337104925001
-9.682876296936122
-9.041188918745428
-9.032286485600867
-10.139368606901728
-9.068235455257136
-8.96324144458739
-9.650191474383378
-9.462789384788838
-9.331334289533384
-10.134597889581524
-10.043990492636901
-10.133836919048093
-9.800307172206416
-10.7066750843695
-9.514244284809925
-9.313577724867184
-9.359967913513156
-9.726796214398398
-10.281742028682899


13
1
9.669996739344233
4171.467598595613
5379.2577327535855
54.39529544579156
1
-9.688870451820332
9.842610770833845E-4
1
0.40093231420825065
0.001177365566192164
7399.532821782162
5299.625108938219
-8.491118758463296
-9.086926949387287
-9.04130021898369
-8.960088092831205
-8.998915652388956
-9.414788222127191
-9.426248611104198
-9.35837798002308
-8.878199169176769
-9.755415447253206
-9.221360465105683
-9.60240527139997
-9.075848019347315
-8.930039438325345
-10.516460765764077
-8.0
-8.926901028277818
-9.666790087212064
-9.471196887799564
-9.403328574315172
-10.180114115811334
-10.136742041369672
-10.46166023434279
-9.785125712213521
-10.779951166818815
-9.425567040606584
-9.277389743512476
-8.9576258940176
-9.714457499990681
-10.116780546424609


19
8
1.6756370952926685
4020.6665830485445
4855.79742701891
41.01549630406843
1
-8.95862502312692
2.0244432899503263E-4
1
0.4004929464627758
0.0018076827820457779
7399.654428409376
5299.604495389284
-9.547758557047231
-9.19252508490966
-9.565602638082792
-9.069068980478015
-9.46267997287558
-9.354959316838112
-9.53279643833942
-9.343359650378785
-9.294084713524619
-9.75800009558167
-9.27780224047411
-9.250865178200788
-9.053517119006374
-9.358016792274162
-9.814900170666437
-9.20020712095753
-9.041401390894217
-9.56148759223304
-9.46189601879947
-9.00592571033135
-9.86069879566397
-9.820134391082275
-9.340355646613698
-9.79781723224246
-10.272387394097933
-10.198020825941285
-9.392060252486761
-10.182188873426625
-9.917424665236835
-9.995562057828856


13
1
9.669996739344233
4171.467598595613
5379.2577327535855
54.39529544579156
1
-9.688870451820332
9.842610770833845E-4
1
0.40093231420825065
0.001177365566192164
7399.532821782162
5299.625108938219
-8.491118758463296
-9.086926949387287
-9.04130021898369
-8.960088092831205
-8.998915652388956
-9.414788222127191
-9.426248611104198
-9.35837798002308
-8.878199169176769
-9.755415447253206
-9.221360465105683
-9.60240527139997
-9.075848019347315
-8.930039438325345
-10.516460765764077
-8.0
-8.926901028277818
-9.666790087212064
-9.471196887799564
-9.403328574315172
-10.180114115811334
-10.136742041369672
-10.46166023434279
-9.785125712213521
-10.779951166818815
-9.425567040606584
-9.277389743512476
-8.9576258940176
-9.714457499990681
-10.116780546424609


17
8
1.4943297877891293
4007.4470476538168
4829.075589306114
40.868807433732016
1
-9.772334168174535
2.0201119699143075E-4
1
0.40048319556363465
0.0018014627290137484
7399.65829009964
5299.603208519371
-9.58514600969706
-9.199153370344035
-9.006035018031378
-9.0736099209536
-9.482516407169213
-9.352673680245278
-9.53581629713776
-9.343639674659922
-9.306194901308968
-9.757854116125065
-9.280318525589292
-9.198569626606162
-9.050644309290472
-9.373117445080132
-9.782548500744374
-9.268881973243875
-9.096783684542228
-9.474211651970082
-9.461124870689797
-8.99369028968036
-9.851750431031183
-9.807692415655554
-9.314019388824887
-9.798904353297596
-10.258186603255819
-10.22469268063038
-9.395890822333243
-10.229982084639866
-9.921879388018874
-9.992938435682724


4
1
9.751297952658263
4038.840181067383
5207.812030055921
56.88473448553158
1
-9.809680732950326
9.935850008761953E-4
1
0.40093081676957165
8.316502344007583E-4
7399.5481369731815
5299.614577378473
-8.677294349113168
-9.115908977211799
-9.054674178060882
-8.986443817062518
-9.150445308460899
-9.401581199575217
-9.435078806269834
-9.367806535272045
-8.91414809224726
-9.752348342763188
-9.239069161285075
-9.724546326002894
-9.040375371414806
-9.002961190579263
-10.170069617451626
-9.050971711540873
-8.95175139218574
-9.665332881191036
-9.462932600555083
-9.360385376685478
-10.158934250282947
-10.06432171733287
-10.204374498657675
-9.800427871565494
-10.745263295494876
-9.453116889467402
-9.306495457836565
-9.285111385572597
-9.710011144084033
-10.30659085867466


13
12
7.837153607888617
3617.900649783806
4654.532908948417
60.400458945234774
1
-10.072789792349568
8.571522759585166E-4
1
0.400962134284798
1.325700747338983E-4
7399.613243392
5299.586837386027
-9.385632476816507
-9.351242397734781
-8.97485488253562
-9.089478466493425
-9.585513857253716
-9.354693770518871
-9.477528929419867
-9.388797657107908
-9.094793410742636
-9.744971718352414
-9.29723566697285
-9.458034247003459
-8.945685386578102
-9.292498923104258
-9.66447788015661
-9.306685821323697
-9.061376976141261
-9.633794359112468
-9.439691310975086
-9.161492241962758
-10.032766747220448
-9.790200525042849
-9.298786150336747
-9.842500475088162
-10.548082372773143
-9.69351082096519
-9.381380918881863
-10.242883619089309
-9.7424228242274
-9.906002851308438


14
11
6.983350148546253
3699.977228141636
4698.594921002134
56.59184464814268
1
-9.854768483408732
7.307826589252922E-4
1
0.4008706892190994
4.653000298429999E-4
7399.6206994872655
5299.590529033881
-9.411040172815744
-9.318537236569796
-8.981736220450745
-9.084627981638015
-9.557653421493683
-9.355155410285448
-9.487921770925897
-9.379758845875502
-9.132049990744964
-9.747575166543815
-9.292940751344661
-9.419021254115036
-8.96753107500687
-9.302756824401754
-9.699354229166577
-9.276512743690809
-9.05655764680165
-9.619967089773619
-9.444221940926713
-9.132907427636926
-10.00033027071709
-9.798394762817049
-9.314797782355388
-9.833424440447594
-10.49608002353601
-9.789737894739043
-9.382754861081441
-10.222340743649832
-9.776245135068631
-9.924769795980312


18
8
1.347418035541514
4007.9469370298093
4826.296003106494
40.57356645048183
1
-9.757318946559241
1.7596302304612345E-4
1
0.4004758949676243
0.001819690028998114
7399.660165375742
5299.603331114155
-9.600138919798804
-9.20000011350988
-9.005789535118803
-9.074847312217498
-9.488422395001633
-9.351876742506642
-9.53759323056966
-9.343164544085262
-9.312963041914339
-9.757967500893189
-9.280952213034924
-9.255184443580275
-9.050990720644155
-9.379159790745577
-9.782136842476076
-9.236397450311987
-9.037814834006129
-9.55688952703354
-9.461134915365331
-8.987467416328084
-9.846460122518929
-9.803505033617315
-9.27946986869318
-9.799038727404485
-10.24977973058142
-10.231625976627075
-9.587124692615063
-10.246091923012722
-9.925643054939972
-10.003236113787068


18
7
1.9602218986543862
4025.000206039728
4873.080342500145
41.509744671834106
1
-8.991404823580554
2.3035939487408457E-4
1
0.40050856706242455
0.0017829095477980277
7399.6502255997675
5299.60514794713
-9.511654564648683
-9.189024906899602
-9.008986295756591
-9.065420077708565
-9.447326188348248
-9.35698350222899
-9.529077388797612
-9.343965183393536
-9.27958592390561
-9.757884812741343
-9.275932899711162
-9.264529931754705
-9.054039928682469
-9.343378079495519
-9.837464455497066
-9.157027456404146
-9.037473118611365
-9.56521114908225
-9.462163220498724
-9.01971165777502
-9.87188193141522
-9.830843917207527
-9.378203792009183
-9.797483373392843
-10.29015089314437
-10.170796787521372
-9.38819566763188
-10.14099102508799
-9.910181373749117
-9.999086834596472


18
8
1.3806988453045597
4008.600832922366
4828.507218498452
40.628837580940356
1
-9.757045230753953
1.791952921210873E-4
1
0.4004777201233194
0.0018171214647329267
7399.659656146803
5299.603418200578
-9.595704105743403
-9.199547949992008
-9.005931537298213
-9.074388406404182
-9.48646492708713
-9.352128316575168
-9.53714797925628
-9.343225380454049
-9.311224482958588
-9.757957295593277
-9.28071391410176
-9.256572930337528
-9.051090121449938
-9.377363822267347
-9.78507329951243
-9.23145327257576
-9.037371305455673
-9.557329003759003
-9.461175151763488
-8.989130386013246
-9.847794357432486
-9.804837601064941
-9.284197279999596
-9.798983091233499
-10.25189981082808
-10.228402661466927
-9.585886106560798
-10.240939530428252
-9.924798553911009
-10.00369016184077


13
1
9.669996739344233
4171.467598595613
5379.2577327535855
54.39529544579156
1
-9.688870451820332
9.842610770833845E-4
1
0.40093231420825065
0.001177365566192164
7399.532821782162
5299.625108938219
-8.491118758463296
-9.086926949387287
-9.04130021898369
-8.960088092831205
-8.998915652388956
-9.414788222127191
-9.426248611104198
-9.35837798002308
-8.878199169176769
-9.755415447253206
-9.221360465105683
-9.60240527139997
-9.075848019347315
-8.930039438325345
-10.516460765764077
-8.0
-8.926901028277818
-9.666790087212064
-9.471196887799564
-9.403328574315172
-10.180114115811334
-10.136742041369672
-10.46166023434279
-9.785125712213521
-10.779951166818815
-9.425567040606584
-9.277389743512476
-8.9576258940176
-9.714457499990681
-10.116780546424609


4
2
9.725953270013123
4037.167306768678
5204.6310854254125
56.861772189862066
1
-9.810504176357474
9.960383761553927E-4
1
0.40092956045655126
8.649712484340717E-4
7399.548659955444
5299.614397343188
-8.682309102222362
-9.116754805396345
-9.024466712159857
-8.989535201480845
-9.15312064886996
-9.401276328164103
-9.435494069899072
-9.367835858037212
-8.915800461016211
-9.752331218066908
-9.23940117174946
-9.725904570412307
-9.040010110988153
-9.004979633956482
-10.16673214320149
-9.089925821726371
-8.953471305229101
-9.664974159704055
-9.462833639403552
-9.358727692617341
-10.157711508261134
-10.062663862262227
-10.198948716236034
-9.800592407734365
-10.74331809126197
-9.45596992446501
-9.30700839001365
-9.263322439166949
-9.710636311607486
-10.334162325221943


4
2
9.725953270013123
4037.167306768678
5204.6310854254125
56.861772189862066
1
-9.810504176357474
9.960383761553927E-4
1
0.40092956045655126
8.649712484340717E-4
7399.548659955444
5299.614397343188
-8.682309102222362
-9.116754805396345
-9.024466712159857
-8.989535201480845
-9.15312064886996
-9.401276328164103
-9.435494069899072
-9.367835858037212
-8.915800461016211
-9.752331218066908
-9.23940117174946
-9.725904570412307
-9.040010110988153
-9.004979633956482
-10.16673214320149
-9.089925821726371
-8.953471305229101
-9.664974159704055
-9.462833639403552
-9.358727692617341
-10.157711508261134
-10.062663862262227
-10.198948716236034
-9.800592407734365
-10.74331809126197
-9.45596992446501
-9.30700839001365
-9.263322439166949
-9.710636311607486
-10.334162325221943


18
8
1.3627765736125501
4008.8065375086207
4828.018330366243
40.58938025946047
1
-9.75666107359655
1.7742773683098088E-4
1
0.40047672928053724
0.001819759273788063
7399.659862523409
5299.603410007221
-9.597283139166384
-9.199633133012476
-9.005924593106348
-9.07452219095515
-9.486879430022647
-9.352049558368073
-9.537347347242644
-9.343154487523307
-9.311996094948043
-9.757975298406707
-9.280767123308946
-9.254518078890259
-9.05118315990179
-9.378013267752934
-9.784643593122802
-9.231170608185732
-9.038179464650817
-9.557106347951093
-9.46118782300368
-8.988427626521927
-9.847176182690417
-9.804435187594443
-9.282967358145147
-9.798947770478838
-10.250920591193557
-10.230039187369574
-9.581093297578178
-10.242441982973748
-9.925263386557505
-10.002513929728815


4
2
9.725953270013123
4037.167306768678
5204.6310854254125
56.861772189862066
1
-9.810504176357474
9.960383761553927E-4
1
0.40092956045655126
8.649712484340717E-4
7399.548659955444
5299.614397343188
-8.682309102222362
-9.116754805396345
-9.024466712159857
-8.989535201480845
-9.15312064886996
-9.401276328164103
-9.435494069899072
-9.367835858037212
-8.915800461016211
-9.752331218066908
-9.23940117174946
-9.725904570412307
-9.040010110988153
-9.004979633956482
-10.16673214320149
-9.089925821726371
-8.953471305229101
-9.664974159704055
-9.462833639403552
-9.358727692617341
-10.157711508261134
-10.062663862262227
-10.198948716236034
-9.800592407734365
-10.74331809126197
-9.45596992446501
-9.30700839001365
-9.263322439166949
-9.710636311607486
-10.334162325221943


0
1
9.785112400612842
3983.6783609105787
5136.505077126278
57.920131171682385
1
-9.859927620999454
9.974629668126527E-4
1
0.4009301939613722
6.878618133250894E-4
7399.554506800992
5299.61019713783
-8.754727693141218
-9.127963056499702
-9.06023661710365
-8.99740557555292
-9.213468865674352
-9.396088192047843
-9.438751422737486
-9.37172801906985
-8.92909981238328
-9.751072685968886
-9.246434485379176
-9.775346703581947
-9.025621741568079
-9.033290489440063
-10.026000113700235
-9.488087306659562
-8.96208704774073
-9.66472680638417
-9.459495354055074
-9.342524628216157
-10.150125212491243
-10.034200970320924
-10.097365331584413
-9.80679227930196
-10.730836066530802
-9.46457530309356
-9.318600980276818
-9.421317730578709
-9.708161835023759
-10.385535940343129


18
7
1.5635359266261781
4017.213707968641
4846.562510063372
40.8485661506815
1
-9.173647981596506
1.943757716636845E-4
1
0.40048699386752584
0.0018138281705375897
7399.656277435424
5299.604129957954
-9.564340885576652
-9.194794724250814
-9.007310754951703
-9.070871988364399
-9.470368500708403
-9.3539987012249
-9.534366564058463
-9.343230603123203
-9.300264904228028
-9.758009394626063
-9.27875612164665
-9.243018660537253
-9.052894616641245
-9.364731489630831
-9.804612811246503
-9.213964930581586
-9.04748835597406
-9.550301947388936
-9.461692109136951
-8.999930396372049
-9.855995185772255
-9.814977021291728
-9.323779962461199
-9.798104135210046
-10.264924282038042
-10.209983468813155
-9.426927721574
-10.201922700435075
-9.920249931367218
-9.994918476764704


17
8
1.4987582844153549
4008.153551905206
4829.8184058185625
40.86501251723184
1
-9.755841336362785
2.0419650040753946E-4
1
0.4004832882666214
0.0018025452671664027
7399.658144784984
5299.603257337241
-9.583637400183942
-9.19889155850137
-9.006133180117915
-9.073410097141435
-9.481474081341224
-9.352771724801205
-9.535708635712021
-9.343604195672627
-9.305775329608887
-9.757867011743004
-9.28020149633513
-9.188585925506988
-9.050825792301668
-9.372524971422896
-9.783038278620914
-9.27663572655226
-9.103800542874177
-9.463563839367684
-9.461169405960709
-8.99412807469928
-9.852039961192554
-9.808234235181377
-9.31828166145608
-9.798794849375469
-10.258652377833183
-10.224930049729902
-9.399092108430043
-10.227826132240404
-9.921779312979945
-9.993066137067657


19
8
1.6945492093041186
4019.401290386285
4854.530885308799
41.07303168025397
1
-9.173445429900296
2.0743483749233361E-4
1
0.40049400240779087
0.001801983893430641
7399.6543229857225
5299.604408713094
-9.547477596112849
-9.192973739545874
-9.007818981188692
-9.101498186167042
-9.463109754691779
-9.35494739768259
-9.532643475497965
-9.343497712001415
-9.293543039392569
-9.757960170723877
-9.277873016135542
-9.243101509194979
-9.053179235127663
-9.35789751616623
-9.813692879695708
-9.20404240905885
-9.050755852488628
-9.561688134068369
-9.461825467864077
-9.00633279212812
-9.861172520698267
-9.820017770755907
-9.343160715761474
-9.797915221323205
-10.273143704405651
-10.197821170066913
-9.392046557795533
-10.182600460727883
-9.916920082001038
-9.998535456547971


18
8
1.2893508212564475
3804.0391467456884
4826.861498653166
40.40825803087207
1
-9.75672015191158
1.7236555542281422E-4
1
0.40047253805267496
0.0018273760177338555
7399.660573621359
5299.603409927227
-9.602176449271674
-9.199752633164874
-9.006033670572524
-9.113914376528985
-9.487170966316016
-9.351838711881305
-9.538077841212848
-9.34278822935594
-9.314831414528468
-9.75807381065958
-9.280837611522916
-9.231575606572237
-9.051857644669267
-9.380071086332189
-9.784300837059568
-9.228221682496265
-9.053321238963134
-9.556226086420317
-9.461307772505307
-8.985919593981421
-9.844833734417106
-9.803413910433756
-9.284043379777907
-9.798631177522727
-10.247221756943791
-10.237731004601947
-9.520842847628344
-10.246015874791489
-9.927190580212798
-9.993153496439426


4
1
9.751297952658263
4038.840181067383
5207.812030055921
56.88473448553158
1
-9.809680732950326
9.935850008761953E-4
1
0.40093081676957165
8.316502344007583E-4
7399.5481369731815
5299.614577378473
-8.677294349113168
-9.115908977211799
-9.054674178060882
-8.986443817062518
-9.150445308460899
-9.401581199575217
-9.435078806269834
-9.367806535272045
-8.91414809224726
-9.752348342763188
-9.239069161285075
-9.724546326002894
-9.040375371414806
-9.002961190579263
-10.170069617451626
-9.050971711540873
-8.95175139218574
-9.665332881191036
-9.462932600555083
-9.360385376685478
-10.158934250282947
-10.06432171733287
-10.204374498657675
-9.800427871565494
-10.745263295494876
-9.453116889467402
-9.306495457836565
-9.285111385572597
-9.710011144084033
-10.30659085867466


12
4
10.0
3840.134236825877
4942.259925146408
61.334450332566675
1
-10.090281161158718
0.0010
1
0.40090321653473543
3.3826498308688426E-4
7399.569886827569
5299.599949700864
-8.948327973360104
-9.114999488960454
-8.998564047052703
-9.028368972610368
-9.403773590375664
-9.38170565714588
-9.447564621121625
-9.383638145105987
-8.961630065354692
-9.74728015188966
-9.266260634641114
-9.626045378497768
-8.98261999060836
-9.106733750436412
-9.938392317768379
-9.141067858737236
-8.944891336904213
-9.667575706802868
-9.449690314496817
-9.302410651994013
-10.134236073000078
-9.957441362522733
-9.81541331140617
-9.825059827894318
-10.703008983756416
-9.476229252971235
-9.336513313596717
-9.723375639578956
-9.696964516910798
-9.962069437568541


13
1
9.669996739344233
4171.467598595613
5379.2577327535855
54.39529544579156
1
-9.688870451820332
9.842610770833845E-4
1
0.40093231420825065
0.001177365566192164
7399.532821782162
5299.625108938219
-8.491118758463296
-9.086926949387287
-9.04130021898369
-8.960088092831205
-8.998915652388956
-9.414788222127191
-9.426248611104198
-9.35837798002308
-8.878199169176769
-9.755415447253206
-9.221360465105683
-9.60240527139997
-9.075848019347315
-8.930039438325345
-10.516460765764077
-8.0
-8.926901028277818
-9.666790087212064
-9.471196887799564
-9.403328574315172
-10.180114115811334
-10.136742041369672
-10.46166023434279
-9.785125712213521
-10.779951166818815
-9.425567040606584
-9.277389743512476
-8.9576258940176
-9.714457499990681
-10.116780546424609


18
7
1.5708303348926116
4018.2339438869103
4848.4480114223115
40.84671417663577
1
-9.108089003610733
1.9326989002788135E-4
1
0.400487411143687
0.0018150987030980724
7399.656067159014
5299.604228221051
-9.562167965247031
-9.194333392522712
-9.007443357981218
-9.07058617985065
-9.46911793590847
-9.354136867213384
-9.534215437555092
-9.34318853403134
-9.299644392411329
-9.758025427918474
-9.278593362510689
-9.249148161068888
-9.053127580498053
-9.363853889951866
-9.807042252080679
-9.206907767699605
-9.041147216228833
-9.560069255221876
-9.461750969111467
-9.00058377771984
-9.856440571276963
-9.815736305406794
-9.324399108989759
-9.798026356042019
-10.265630541610275
-10.208300380950227
-9.43006220315883
-10.199005795764869
-9.920077712473512
-9.995127062961071


19
7
1.763110220301561
4020.5783443935347
4859.160299465957
41.19184654344904
1
-9.086678786600295
2.117045995357983E-4
1
0.4004976968931667
0.001796892116316409
7399.653308509871
5299.604580435871
-9.53871433852502
-9.191830139460809
-9.008077115988218
-9.068260479102928
-9.459553927057938
-9.355437811599227
-9.531754697301976
-9.343642136970283
-9.290045571402535
-9.757933038390524
-9.277418020219528
-9.25421786932048
-9.053307521777661
-9.354326470760562
-9.818306136294431
-9.199858848018767
-9.04239895245
-9.562603355173753
-9.461891275961017
-9.009672639837802
-9.86388010450479
-9.822628843061569
-9.349843483922106
-9.797866207450392
-10.27743259178241
-10.190273122474048
-9.391174291016434
-10.172732230626782
-9.915173889620542
-9.999773552453217


18
8
1.3806988453045597
4008.600832922366
4828.507218498452
40.628837580940356
1
-9.757045230753953
1.791952921210873E-4
1
0.4004777201233194
0.0018171214647329267
7399.659656146803
5299.603418200578
-9.595704105743403
-9.199547949992008
-9.005931537298213
-9.074388406404182
-9.48646492708713
-9.352128316575168
-9.53714797925628
-9.343225380454049
-9.311224482958588
-9.757957295593277
-9.28071391410176
-9.256572930337528
-9.051090121449938
-9.377363822267347
-9.78507329951243
-9.23145327257576
-9.037371305455673
-9.557329003759003
-9.461175151763488
-8.989130386013246
-9.847794357432486
-9.804837601064941
-9.284197279999596
-9.798983091233499
-10.25189981082808
-10.228402661466927
-9.585886106560798
-10.240939530428252
-9.924798553911009
-10.00369016184077


12
4
9.977650749777506
3842.573058105904
4940.556550570932
61.03413709316186
1
-10.08571731728293
9.885941144022136E-4
1
0.40089702436603336
3.5961811226211613E-4
7399.5711892028985
5299.59999641053
-8.957722742054944
-9.11622244576513
-8.998670622720272
-9.032666522556038
-9.404967278443241
-9.381276381741536
-9.448863841183643
-9.383052096366137
-8.966701585164827
-9.74743497346559
-9.266470649395501
-9.61950052241816
-8.983612720330578
-9.110661999863682
-9.936163788725546
-9.14237487143162
-8.94721820518117
-9.665977423676697
-9.449856764625075
-9.29786513321746
-10.130080381765255
-9.955227659910355
-9.808030297029221
-9.824677885034866
-10.696464365231733
-9.487249492722865
-9.337389964199717
-9.730885056775334
-9.700269381706748
-9.962467716814743


13
1
9.669996739344233
4171.467598595613
5379.2577327535855
54.39529544579156
1
-9.688870451820332
9.842610770833845E-4
1
0.40093231420825065
0.001177365566192164
7399.532821782162
5299.625108938219
-8.491118758463296
-9.086926949387287
-9.04130021898369
-8.960088092831205
-8.998915652388956
-9.414788222127191
-9.426248611104198
-9.35837798002308
-8.878199169176769
-9.755415447253206
-9.221360465105683
-9.60240527139997
-9.075848019347315
-8.930039438325345
-10.516460765764077
-8.0
-8.926901028277818
-9.666790087212064
-9.471196887799564
-9.403328574315172
-10.180114115811334
-10.136742041369672
-10.46166023434279
-9.785125712213521
-10.779951166818815
-9.425567040606584
-9.277389743512476
-8.9576258940176
-9.714457499990681
-10.116780546424609


12
1
9.67599737156526
4157.065586019128
5360.531227123571
54.6597939707351
1
-9.701914134798818
9.855240438799919E-4
1
0.4009320189031097
0.0011438652153591801
7399.773400986064
5299.62396025474
-8.511621511643229
-9.090125610771626
-9.03949503767183
-8.963245923863022
-9.015452193512322
-9.41333924190428
-9.42724006996127
-9.359392218162503
-8.882231433519587
-9.755084702569592
-9.223295103373687
-9.615649013713313
-9.072004855643929
-8.938075829201955
-10.47895678158068
-8.116880798830778
-8.929750355391018
-9.666595351888319
-9.470300034881816
-9.398545692235048
-10.17771171868103
-10.128798090893948
-10.433487737200071
-9.786784320250613
-10.776022731461692
-9.42882736647583
-9.280565969815529
-8.990407993206947
-9.714047725727324
-10.140092000700317


18
8
1.3806988453045597
4008.600832922366
4828.507218498452
40.628837580940356
1
-9.757045230753953
1.791952921210873E-4
1
0.4004777201233194
0.0018171214647329267
7399.659656146803
5299.603418200578
-9.595704105743403
-9.199547949992008
-9.005931537298213
-9.074388406404182
-9.48646492708713
-9.352128316575168
-9.53714797925628
-9.343225380454049
-9.311224482958588
-9.757957295593277
-9.28071391410176
-9.256572930337528
-9.051090121449938
-9.377363822267347
-9.78507329951243
-9.23145327257576
-9.037371305455673
-9.557329003759003
-9.461175151763488
-8.989130386013246
-9.847794357432486
-9.804837601064941
-9.284197279999596
-9.798983091233499
-10.25189981082808
-10.228402661466927
-9.585886106560798
-10.240939530428252
-9.924798553911009
-10.00369016184077


14
6
3.6617231172878992
4015.5902894474975
4928.09624563771
45.07392211489131
1
-9.784461559184537
4.1143778214847306E-4
1
0.40060061716331596
0.0015556475878827055
7399.6293832873125
5299.606187534093
-9.346942648233483
-9.177369365716265
-9.019303465912092
-9.050704269732291
-9.395364554727418
-9.365504849969515
-9.509375153953131
-9.349987643302892
-9.203303800543573
-9.756407412396179
-9.26950005720003
-9.32960455529995
-9.047933144086912
-9.276001521763952
-9.88352849199072
-9.217947153072318
-9.064151071570297
-9.515690363729377
-9.461595422110156
-9.089919028739622
-9.932369159083429
-9.87501365878487
-9.549414263704032
-9.799287201673488
-10.386021034087193
-10.02286957736219
-9.372435537492393
-9.982550971646383
-9.866265038122062
-10.079638014219228


7
3
7.649714569615101
4030.8333579541804
5111.278961926039
52.80830520330219
1
-9.800884770800455
7.925102924221527E-4
1
0.4008168544442556
0.0011037722759538815
7399.576173656327
5299.611685235253
-8.908371100764041
-9.137113110084913
-9.043761425231713
-9.008509344410347
-9.234936334664265
-9.389132803093828
-9.460717505942556
-9.361655625242214
-9.013933407219115
-9.753749628607725
-9.249568629794549
-9.58762913699459
-9.042989115556463
-9.09718131351585
-10.071180829028371
-9.109299258349257
-8.99118352539443
-9.613216778041156
-9.462472357440523
-9.267050187775268
-10.080746852764477
-9.999003147601982
-9.978580213468515
-9.800029927628152
-10.621289119780235
-9.649782852124302
-9.329249127132373
-9.52697272303368
-9.763936906762234
-10.239458513093666


13
1
9.669996739344233
4171.467598595613
5379.2577327535855
54.39529544579156
1
-9.688870451820332
9.842610770833845E-4
1
0.40093231420825065
0.001177365566192164
7399.532821782162
5299.625108938219
-8.491118758463296
-9.086926949387287
-9.04130021898369
-8.960088092831205
-8.998915652388956
-9.414788222127191
-9.426248611104198
-9.35837798002308
-8.878199169176769
-9.755415447253206
-9.221360465105683
-9.60240527139997
-9.075848019347315
-8.930039438325345
-10.516460765764077
-8.0
-8.926901028277818
-9.666790087212064
-9.471196887799564
-9.403328574315172
-10.180114115811334
-10.136742041369672
-10.46166023434279
-9.785125712213521
-10.779951166818815
-9.425567040606584
-9.277389743512476
-8.9576258940176
-9.714457499990681
-10.116780546424609


4
2
9.725953270013123
4037.167306768678
5204.6310854254125
56.861772189862066
1
-9.810504176357474
9.960383761553927E-4
1
0.40092956045655126
8.649712484340717E-4
7399.548659955444
5299.614397343188
-8.682309102222362
-9.116754805396345
-9.024466712159857
-8.989535201480845
-9.15312064886996
-9.401276328164103
-9.435494069899072
-9.367835858037212
-8.915800461016211
-9.752331218066908
-9.23940117174946
-9.725904570412307
-9.040010110988153
-9.004979633956482
-10.16673214320149
-9.089925821726371
-8.953471305229101
-9.664974159704055
-9.462833639403552
-9.358727692617341
-10.157711508261134
-10.062663862262227
-10.198948716236034
-9.800592407734365
-10.74331809126197
-9.45596992446501
-9.30700839001365
-9.263322439166949
-9.710636311607486
-10.334162325221943


13
1
9.669996739344233
4171.467598595613
5379.2577327535855
54.39529544579156
1
-9.688870451820332
9.842610770833845E-4
1
0.40093231420825065
0.001177365566192164
7399.532821782162
5299.625108938219
-8.491118758463296
-9.086926949387287
-9.04130021898369
-8.960088092831205
-8.998915652388956
-9.414788222127191
-9.426248611104198
-9.35837798002308
-8.878199169176769
-9.755415447253206
-9.221360465105683
-9.60240527139997
-9.075848019347315
-8.930039438325345
-10.516460765764077
-8.0
-8.926901028277818
-9.666790087212064
-9.471196887799564
-9.403328574315172
-10.180114115811334
-10.136742041369672
-10.46166023434279
-9.785125712213521
-10.779951166818815
-9.425567040606584
-9.277389743512476
-8.9576258940176
-9.714457499990681
-10.116780546424609


4
1
9.81409916842515
4039.1061597163853
5210.696890635812
57.005952023253286
1
-9.809798066305072
9.993280557312816E-4
1
0.4009342119276276
8.585280277119501E-4
7399.547295433494
5299.614668977787
-8.670347144552897
-9.115265014186058
-9.05703538308807
-8.985609083061627
-9.147867850975173
-9.401956295434521
-9.43430976028228
-9.367988136409943
-8.91115726848319
-9.752307181609666
-9.238751336170823
-9.727665653474181
-9.04030586526987
-9.00013102910204
-10.1730245348312
-9.050333276891472
-8.951582178439724
-9.666146848638576
-9.462948292593818
-9.363183782134506
-10.161275208667249
-10.066295403169253
-10.211499512094864
-9.800433023932802
-10.748975105909516
-9.447299177879177
-9.30581076158458
-9.279718796680658
-9.708400821946661
-10.32619717100531


13
1
9.669996739344233
4171.467598595613
5379.2577327535855
54.39529544579156
1
-9.688870451820332
9.842610770833845E-4
1
0.40093231420825065
0.001177365566192164
7399.532821782162
5299.625108938219
-8.491118758463296
-9.086926949387287
-9.04130021898369
-8.960088092831205
-8.998915652388956
-9.414788222127191
-9.426248611104198
-9.35837798002308
-8.878199169176769
-9.755415447253206
-9.221360465105683
-9.60240527139997
-9.075848019347315
-8.930039438325345
-10.516460765764077
-8.0
-8.926901028277818
-9.666790087212064
-9.471196887799564
-9.403328574315172
-10.180114115811334
-10.136742041369672
-10.46166023434279
-9.785125712213521
-10.779951166818815
-9.425567040606584
-9.277389743512476
-8.9576258940176
-9.714457499990681
-10.116780546424609



