HYDCOND  OBS
5
ID
X
Y
HYDCOND
LOG HYD  COND
71       2625           9125           0.0000899625           -9.3161173056
77       4125           9125           0.0000870057           -9.3495372047
90       2375           8875           0.0000922049           -9.2914975960
176      3875           7875           0.0000898073           -9.3178438345
203      625            7375           0.0000856501           -9.3652397501
213      3125           7375           0.0000683011           -9.5915852938
292      2875           6375           0.0000693262           -9.5766875914
338      4375           5875           0.0000925927           -9.2873003150
394      3375           5125           0.0000702220           -9.5638483038
452      2875           4375           0.0000503435           -9.8966407478
477      4125           4125           0.0000683458           -9.5909311079
506      1375           3625           0.0000875577           -9.3432130234
510      2375           3625           0.0000733922           -9.5196927127
548      1875           3125           0.0000524470           -9.8557071852
566      1375           2875           0.0000724584           -9.5324980208
617      4125           2375           0.0000293851           -10.4350235927
672      2875           1625           0.0000288240           -10.4543037988
689      2125           1375           0.0000288149           -10.4546164791
712      2875           1125           0.0000307929           -10.3882259297
789      2125           125            0.0000294271           -10.4335935697
792      2875           125            0.0000305971           -10.3946053017
794      3375           125            0.0000299442           -10.4161764295
