Williams Field, all data after filtering
11
X
Y
ph1
ph2
CEC
OM
P(experimental data)
K
Ca
Mg
Sam. Set
11.53	341.38	5.9	6.5	18.2	3.5	82.0	376.0	4257.0	732.0	1.0
16.70	323.37	5.6	6.2	17.9	3.5	60.0	248.0	3861.0	693.0	1.0
19.24	1156.32	6.4	7.0	13.1	3.4	59.0	340.0	3663.0	455.0	1.0
20.69	332.16	6.2	6.8	17.5	3.6	57.0	220.0	4356.0	841.0	1.0
21.62	1559.73	6.7	7.0	13.1	3.0	93.0	412.0	3762.0	564.0	1.0
23.74	330.38	6.2	6.7	17.3	3.8	36.0	232.0	4455.0	752.0	1.0
24.33	331.93	5.8	6.5	17.0	3.4	62.0	344.0	3960.0	623.0	1.0
25.26	331.60	5.5	6.1	18.0	3.6	38.0	204.0	3762.0	712.0	1.0
25.60	1134.09	6.0	6.7	13.3	3.2	59.0	276.0	3267.0	514.0	1.0
27.05	326.04	6.0	6.7	19.0	3.4	29.0	244.0	4455.0	900.0	1.0
27.38	1139.20	6.0	6.7	12.8	3.4	53.0	284.0	3168.0	465.0	1.0
27.64	329.71	6.2	6.8	17.8	3.6	41.0	276.0	4554.0	772.0	1.0
27.97	1543.50	6.7	7.0	14.2	3.5	87.0	468.0	4158.0	564.0	1.0
28.23	334.60	5.5	6.1	16.7	3.5	54.0	220.0	3465.0	663.0	1.0
28.65	1141.42	6.3	7.0	12.2	3.2	50.0	300.0	3267.0	475.0	1.0
29.25	1140.42	6.2	7.0	15.4	2.8	43.0	296.0	4059.0	574.0	1.0
31.03	1551.73	6.6	7.0	13.9	3.2	74.0	396.0	4059.0	524.0	1.0
31.37	1141.65	6.2	6.9	13.9	3.2	49.0	236.0	3762.0	475.0	1.0
33.15	1142.31	6.4	7.0	14.6	3.4	47.0	268.0	4059.0	564.0	1.0
33.48	1547.84	6.8	7.0	12.8	3.4	82.0	424.0	3861.0	495.0	1.0
33.74	1550.28	6.4	7.0	13.7	3.0	68.0	324.0	3861.0	485.0	1.0
35.01	1549.95	6.6	7.0	15.6	3.2	78.0	456.0	4554.0	574.0	1.0
35.27	316.59	5.6	6.2	17.9	3.6	85.0	428.0	3663.0	762.0	1.0
36.79	1551.17	6.2	7.0	12.6	3.0	66.0	332.0	3366.0	425.0	1.0
37.13	1145.65	6.5	7.0	14.0	3.4	43.0	296.0	3960.0	564.0	1.0
37.13	1134.09	6.0	6.8	14.0	2.8	47.0	280.0	3465.0	524.0	1.0
37.38	1546.28	6.8	7.0	14.8	3.2	96.0	476.0	4554.0	524.0	1.0
39.59	1127.64	6.8	7.0	13.5	3.0	59.0	400.0	3861.0	673.0	1.0
41.96	1552.73	6.6	7.0	12.2	3.0	66.0	376.0	3564.0	445.0	1.0
46.54	1534.94	6.6	7.0	15.3	3.4	76.0	384.0	4554.0	524.0	1.0
112.17	343.16	6.0	6.6	20.0	3.6	50.0	352.0	4752.0	871.0	1.0
114.62	549.59	6.6	7.0	13.9	2.8	26.0	240.0	3960.0	613.0	1.0
116.48	1153.32	6.2	7.0	14.3	3.0	33.0	304.0	3762.0	534.0	1.0
118.53	323.93	5.8	6.5	15.9	3.2	74.0	484.0	3366.0	732.0	1.0
119.12	531.03	6.5	7.0	15.0	3.0	31.0	320.0	4257.0	594.0	1.0
120.12	1561.84	6.0	6.7	19.8	3.4	78.0	264.0	5148.0	633.0	1.0
120.39	333.38	5.7	6.4	15.6	3.4	50.0	328.0	3168.0	772.0	1.0
122.17	329.15	5.4	6.1	14.7	3.3	43.0	264.0	2673.0	712.0	1.0
122.24	1134.64	6.1	6.9	15.6	2.8	64.0	280.0	4059.0	554.0	1.0
123.10	540.48	6.2	6.8	14.7	3.5	36.0	332.0	3861.0	544.0	1.0
123.10	331.93	5.9	6.6	15.3	3.2	42.0	244.0	3267.0	821.0	1.0
123.69	535.03	7.1	7.0	13.3	3.4	42.0	308.0	4257.0	554.0	1.0
124.88	537.70	6.7	7.0	14.8	3.2	40.0	356.0	4455.0	564.0	1.0
124.88	330.38	5.9	6.6	15.4	3.2	40.0	220.0	3366.0	801.0	1.0
125.29	1142.65	6.0	6.8	14.6	3.0	31.0	292.0	3663.0	524.0	1.0
125.56	332.16	5.9	6.6	14.6	3.4	40.0	240.0	3069.0	821.0	1.0
126.15	535.25	6.6	7.0	14.6	3.4	37.0	320.0	4257.0	564.0	1.0
126.75	538.36	6.7	7.0	14.7	3.4	51.0	264.0	4455.0	564.0	1.0
127.34	327.60	6.3	7.0	13.1	3.0	39.0	232.0	3069.0	782.0	1.0
127.67	1141.65	6.2	6.9	13.1	3.2	39.0	284.0	3465.0	485.0	1.0
127.67	1139.20	6.4	7.0	16.3	3.4	42.0	324.0	4554.0	613.0	1.0
128.25	1543.84	6.6	7.0	14.0	3.5	43.0	336.0	3960.0	603.0	1.0
128.53	533.81	5.9	6.6	15.4	3.2	30.0	280.0	3762.0	534.0	1.0
128.60	1137.98	6.2	7.0	14.6	2.9	31.0	320.0	3861.0	524.0	1.0
129.19	1140.20	6.4	7.0	12.7	2.8	42.0	376.0	3465.0	495.0	1.0
130.06	336.49	5.7	6.4	14.5	3.2	40.0	256.0	2970.0	722.0	1.0
130.47	1142.31	5.7	6.4	14.2	3.2	38.0	272.0	3267.0	485.0	1.0
130.71	1551.73	6.7	7.0	14.6	3.2	34.0	316.0	4356.0	594.0	1.0
131.92	543.48	6.1	6.8	13.8	3.2	43.0	324.0	3564.0	485.0	1.0
132.24	1545.39	6.8	7.0	14.8	3.4	51.0	344.0	4554.0	564.0	1.0
133.43	1547.84	6.3	7.0	15.2	3.4	38.0	288.0	4158.0	564.0	1.0
134.70	1549.28	6.6	7.0	13.1	3.0	37.0	372.0	3762.0	524.0	1.0
134.70	1546.62	6.5	7.0	14.6	3.5	40.0	336.0	4158.0	554.0	1.0
134.96	1146.87	6.2	6.9	13.7	3.2	37.0	280.0	3663.0	475.0	1.0
136.48	1544.73	6.9	7.0	14.7	3.2	47.0	396.0	4554.0	613.0	1.0
137.68	523.13	6.7	7.0	15.3	3.2	25.0	308.0	4653.0	574.0	1.0
137.69	318.48	5.5	6.2	16.2	3.4	37.0	244.0	3267.0	683.0	1.0
139.87	1555.40	6.7	7.0	15.7	3.2	40.0	348.0	4653.0	653.0	1.0
141.40	1127.64	6.2	7.0	13.3	2.8	54.0	320.0	3564.0	435.0	1.0
145.63	1537.17	6.7	7.0	15.7	3.0	80.0	300.0	4653.0	653.0	1.0
211.88	41.46	6.1	6.7	21.3	3.6	54.0	288.0	5445.0	831.0	1.0
213.64	749.80	6.4	7.0	15.2	3.2	76.0	504.0	4158.0	554.0	1.0
213.64	548.70	6.6	7.0	14.7	3.4	22.0	224.0	4455.0	504.0	1.0
220.09	530.14	6.3	7.0	15.1	3.2	40.0	324.0	4059.0	574.0	1.0
220.36	22.23	6.0	6.6	16.8	3.5	53.0	368.0	4158.0	623.0	1.0
220.68	731.45	6.6	7.0	14.9	3.2	57.0	404.0	4257.0	613.0	1.0
222.79	741.57	6.7	7.0	18.3	3.2	70.0	524.0	5148.0	871.0	1.0
222.80	540.14	6.5	7.0	16.7	2.6	39.0	336.0	4851.0	594.0	1.0
222.82	31.35	6.2	6.8	16.8	3.6	87.0	384.0	4356.0	653.0	1.0
223.41	30.46	6.3	7.0	17.4	3.4	66.0	336.0	4752.0	643.0	1.0
224.57	737.57	6.4	7.0	15.4	3.0	50.0	376.0	4158.0	633.0	1.0
224.58	535.03	6.9	7.0	16.3	3.0	34.0	344.0	5148.0	643.0	1.0
224.60	28.57	6.4	7.0	16.3	3.2	68.0	400.0	4455.0	643.0	1.0
224.60	26.46	6.3	6.9	16.6	3.5	46.0	328.0	4554.0	603.0	1.0
225.26	537.14	6.7	7.0	13.6	3.2	49.0	360.0	4059.0	514.0	1.0
225.85	739.12	6.4	7.0	15.7	3.4	33.0	304.0	4158.0	722.0	1.0
226.45	535.03	6.7	7.0	14.5	3.0	30.0	280.0	4356.0	574.0	1.0
226.72	29.57	6.2	6.8	16.4	3.5	87.0	372.0	4356.0	584.0	1.0
227.04	538.36	6.5	7.0	15.2	2.8	54.0	396.0	4356.0	544.0	1.0
227.37	737.90	6.4	7.0	17.8	3.4	49.0	496.0	4752.0	762.0	1.0
228.56	739.12	6.4	7.0	17.1	3.2	57.0	304.0	4554.0	792.0	1.0
228.57	534.03	6.3	7.0	16.0	2.6	23.0	316.0	4257.0	643.0	1.0
228.58	26.46	6.5	7.0	15.9	3.2	47.0	312.0	4554.0	613.0	1.0
229.75	734.79	6.6	7.0	15.6	3.0	34.0	328.0	4455.0	673.0	1.0
231.63	35.91	6.1	6.8	16.8	3.2	59.0	420.0	4158.0	673.0	1.0
232.21	543.26	6.0	6.7	14.6	3.4	22.0	268.0	3762.0	465.0	1.0
232.80	743.68	6.3	7.0	17.8	3.4	59.0	288.0	4653.0	792.0	1.0
238.59	17.01	6.1	6.8	16.2	3.4	50.0	344.0	4059.0	653.0	1.0
239.50	725.34	6.7	7.0	14.9	3.0	43.0	288.0	4554.0	534.0	1.0
240.10	523.69	6.8	7.0	17.7	3.6	28.0	308.0	5544.0	653.0	1.0
315.87	953.11	6.1	6.9	12.3	3.0	39.0	512.0	3069.0	415.0	1.0
321.62	1357.75	6.3	7.0	17.6	3.2	57.0	300.0	4851.0	623.0	1.0
324.94	934.55	5.9	6.7	13.4	3.0	43.0	360.0	3267.0	445.0	1.0
326.81	943.11	5.7	6.5	13.7	2.6	32.0	408.0	3069.0	465.0	1.0
326.81	942.78	5.6	6.4	14.5	2.6	47.0	380.0	3168.0	495.0	1.0
327.99	940.89	5.9	6.8	13.8	2.5	51.0	344.0	3267.0	514.0	1.0
329.86	942.44	5.9	6.7	14.7	2.7	70.0	444.0	3465.0	544.0	1.0
330.44	1340.63	6.4	7.0	14.6	3.2	28.0	272.0	4059.0	554.0	1.0
331.98	943.11	6.0	6.9	14.7	2.5	56.0	392.0	3564.0	564.0	1.0
332.22	1349.75	6.5	7.0	15.0	3.2	41.0	348.0	4257.0	574.0	1.0
333.76	938.22	6.0	6.8	14.9	2.8	38.0	388.0	3663.0	554.0	1.0
334.33	1345.19	6.5	7.0	16.8	3.2	25.0	280.0	4752.0	693.0	1.0
335.61	1347.08	6.2	7.0	14.8	2.8	32.0	280.0	3861.0	574.0	1.0
335.88	947.89	6.2	7.0	12.4	2.8	27.0	348.0	3168.0	485.0	1.0
336.79	1345.52	6.4	7.0	15.6	3.0	25.0	292.0	4356.0	603.0	1.0
337.39	1348.52	6.6	7.0	15.4	3.0	31.0	300.0	4554.0	574.0	1.0
338.91	1343.41	6.6	7.0	15.5	3.4	27.0	248.0	4554.0	623.0	1.0
341.96	1353.75	6.1	6.9	15.0	2.8	32.0	340.0	3861.0	534.0	1.0
344.10	930.55	6.5	7.0	15.5	3.2	30.0	356.0	4455.0	574.0	1.0
348.32	1334.52	6.5	7.0	16.8	3.6	40.0	244.0	4851.0	633.0	1.0
409.88	1153.99	6.2	7.0	13.9	2.8	36.0	632.0	3564.0	465.0	1.0
409.89	953.23	6.1	6.8	13.7	3.4	40.0	460.0	3366.0	544.0	1.0
410.76	439.10	6.8	7.0	16.2	3.0	33.0	360.0	4851.0	702.0	1.0
411.43	646.19	7.0	7.0	17.2	2.8	38.0	276.0	5445.0	782.0	1.0
416.61	421.64	6.2	6.9	13.5	3.2	29.0	328.0	3366.0	594.0	1.0
416.83	1134.42	5.9	6.7	13.3	3.0	38.0	400.0	3267.0	415.0	1.0
417.79	626.41	6.8	7.0	16.0	3.2	35.0	252.0	4950.0	633.0	1.0
418.36	934.88	6.4	7.0	14.2	3.5	50.0	412.0	3960.0	504.0	1.0
419.54	1144.54	5.8	6.6	14.2	2.8	20.0	328.0	3267.0	524.0	1.0
419.58	430.87	6.1	6.8	13.1	3.2	28.0	448.0	3168.0	544.0	1.0
420.82	944.33	5.9	6.7	15.7	3.0	33.0	416.0	3861.0	495.0	1.0
421.43	637.08	7.0	7.0	14.5	3.2	51.0	276.0	4752.0	554.0	1.0
422.04	428.09	6.2	6.9	13.9	3.4	28.0	500.0	3564.0	504.0	1.0
422.04	425.64	6.4	7.0	12.9	3.0	45.0	396.0	3465.0	524.0	1.0
422.37	632.85	7.4	7.0	16.4	3.0	50.0	276.0	5346.0	633.0	1.0
422.59	1141.42	5.9	6.7	12.6	2.8	39.0	436.0	2970.0	445.0	1.0
422.59	1138.98	6.1	6.8	14.6	3.2	31.0	388.0	3762.0	495.0	1.0
422.60	939.44	6.3	7.0	13.9	2.8	50.0	412.0	3663.0	544.0	1.0
423.52	1138.98	6.1	6.9	12.3	2.7	41.0	464.0	3069.0	435.0	1.0
423.55	634.96	7.0	7.0	15.6	3.2	57.0	348.0	5049.0	603.0	1.0
423.56	425.64	5.9	6.7	13.5	3.0	34.0	372.0	3168.0	514.0	1.0
424.13	941.89	5.8	6.6	14.9	2.7	38.0	392.0	3465.0	524.0	1.0
424.74	633.41	6.9	7.0	14.6	3.0	42.0	380.0	4554.0	584.0	1.0
424.75	428.65	5.9	6.7	15.4	3.0	30.0	364.0	3663.0	584.0	1.0
425.30	1142.31	5.9	6.7	13.5	3.0	57.0	392.0	3267.0	455.0	1.0
425.30	1138.42	6.3	7.0	13.2	3.0	32.0	360.0	3564.0	485.0	1.0
425.32	940.66	5.9	6.7	16.3	2.9	39.0	356.0	3960.0	574.0	1.0
425.99	942.22	5.9	6.7	15.9	2.8	50.0	468.0	3762.0	574.0	1.0
426.01	635.85	6.8	7.0	15.3	3.2	45.0	372.0	4653.0	623.0	1.0
426.02	424.42	6.1	6.8	13.6	3.4	50.0	400.0	3366.0	524.0	1.0
427.18	938.22	6.1	6.8	17.0	3.2	37.0	364.0	4356.0	613.0	1.0
427.20	630.63	7.3	7.0	15.1	2.8	32.0	284.0	4851.0	623.0	1.0
428.95	1147.87	6.5	7.0	12.5	3.0	37.0	688.0	3366.0	465.0	1.0
429.33	433.31	6.0	6.6	14.7	3.5	54.0	364.0	3564.0	574.0	1.0
429.89	947.67	6.4	7.0	16.3	3.2	27.0	328.0	4455.0	673.0	1.0
429.91	639.86	7.2	7.0	16.6	3.4	45.0	276.0	5445.0	623.0	1.0
434.12	1128.64	6.1	6.9	12.5	2.6	38.0	320.0	3267.0	405.0	1.0
434.25	414.64	5.8	6.5	16.3	3.4	32.0	312.0	3861.0	554.0	1.0
435.68	620.96	6.5	7.0	16.9	2.6	28.0	292.0	4653.0	772.0	1.0
436.25	929.44	6.3	7.0	14.1	3.2	23.0	320.0	3663.0	623.0	1.0
508.91	852.18	6.5	7.0	15.2	3.0	23.0	428.0	4059.0	722.0	1.0
512.34	1462.91	6.2	7.0	18.0	2.8	31.0	268.0	4752.0	693.0	1.0
515.02	832.61	5.9	6.7	13.7	2.8	50.0	272.0	3168.0	584.0	1.0
515.99	242.00	5.7	6.5	15.0	3.0	87.0	392.0	3366.0	524.0	1.0
516.88	841.51	6.1	6.9	14.8	3.0	54.0	388.0	3564.0	653.0	1.0
518.11	1444.01	6.5	7.0	15.2	3.2	21.0	232.0	4455.0	544.0	1.0
519.25	837.28	6.0	6.8	15.9	3.0	40.0	384.0	3762.0	673.0	1.0
520.53	838.50	5.8	6.6	15.4	2.8	30.0	284.0	3465.0	643.0	1.0
521.16	223.77	6.2	6.9	17.3	3.2	82.0	368.0	4356.0	752.0	1.0
521.37	838.50	5.6	6.4	16.3	2.8	47.0	332.0	3465.0	633.0	1.0
522.01	1452.90	6.9	7.0	15.6	3.4	29.0	232.0	5049.0	564.0	1.0
522.05	841.17	5.7	6.4	16.8	3.2	45.0	284.0	3762.0	643.0	1.0
523.28	1448.01	6.3	7.0	14.8	3.2	22.0	228.0	4158.0	495.0	1.0
523.87	1450.79	6.8	7.0	14.6	3.0	25.0	320.0	4554.0	544.0	1.0
524.43	836.95	6.1	6.9	17.6	2.8	41.0	288.0	4356.0	772.0	1.0
524.81	234.11	6.3	7.0	18.0	3.0	107.0	476.0	4752.0	712.0	1.0
525.65	1449.24	6.6	7.0	15.3	3.4	25.0	292.0	4554.0	564.0	1.0
526.29	845.84	6.1	6.8	15.2	3.2	59.0	276.0	3960.0	534.0	1.0
526.59	1451.01	6.8	7.0	15.1	3.2	25.0	236.0	4752.0	544.0	1.0
526.59	1446.46	6.6	7.0	15.9	3.0	18.0	248.0	4752.0	594.0	1.0
526.93	229.89	5.4	6.2	15.8	2.8	107.0	356.0	3267.0	504.0	1.0
526.93	227.44	6.1	6.9	16.4	3.0	100.0	472.0	3960.0	702.0	1.0
528.79	228.00	5.9	6.6	14.9	3.2	107.0	392.0	3465.0	584.0	1.0
529.39	230.11	5.8	6.6	18.3	2.8	132.0	508.0	4158.0	683.0	1.0
530.23	1456.57	6.6	7.0	14.6	3.2	25.0	236.0	4257.0	594.0	1.0
531.17	226.22	6.2	6.9	15.7	3.4	85.0	432.0	3960.0	663.0	1.0
533.96	236.22	6.1	6.8	18.1	3.2	87.0	408.0	4554.0	702.0	1.0
534.77	828.06	6.2	6.9	14.6	3.4	70.0	332.0	3861.0	534.0	1.0
535.40	1436.67	6.2	7.0	13.8	2.4	31.0	264.0	3663.0	495.0	1.0
539.73	216.77	6.2	6.9	17.8	3.4	115.0	480.0	4653.0	653.0	1.0
610.16	1563.07	6.9	7.0	16.5	3.4	64.0	264.0	5247.0	653.0	1.0
612.01	643.75	6.9	7.0	18.3	3.2	35.0	280.0	5742.0	782.0	1.0
612.29	1460.46	6.2	6.9	16.2	3.2	53.0	332.0	4455.0	495.0	1.0
615.93	1543.17	6.5	7.0	15.3	3.6	43.0	276.0	4455.0	554.0	1.0
618.12	625.18	6.7	7.0	16.1	3.4	28.0	316.0	4851.0	633.0	1.0
618.65	1443.12	6.7	7.0	15.9	2.8	28.0	296.0	4653.0	693.0	1.0
619.91	1552.40	6.6	7.0	14.9	3.4	46.0	260.0	4356.0	594.0	1.0
620.50	1548.73	6.7	7.0	13.6	3.6	43.0	248.0	4158.0	504.0	1.0
621.09	634.08	6.2	6.9	18.1	3.2	35.0	316.0	4554.0	831.0	1.0
621.10	1450.79	6.9	7.0	13.2	2.5	34.0	308.0	4059.0	574.0	1.0
622.37	1550.51	6.2	6.8	13.9	3.6	43.0	252.0	3663.0	534.0	1.0
622.38	1445.90	6.6	7.0	15.1	2.5	36.0	352.0	4257.0	663.0	1.0
623.55	630.07	6.8	7.0	16.6	3.4	26.0	392.0	4950.0	732.0	1.0
624.14	631.85	6.7	7.0	15.4	3.4	41.0	400.0	4455.0	673.0	1.0
624.15	1547.73	6.5	7.0	17.3	3.8	68.0	292.0	5148.0	564.0	1.0
624.16	1448.57	6.6	7.0	15.1	2.4	33.0	328.0	4356.0	613.0	1.0
624.49	1551.17	6.3	7.0	14.4	3.5	54.0	264.0	3861.0	574.0	1.0
624.50	1447.68	6.7	7.0	16.9	2.5	42.0	380.0	4950.0	732.0	1.0
625.08	1545.95	6.6	7.0	15.1	3.8	59.0	252.0	4554.0	524.0	1.0
625.67	630.07	6.6	7.0	15.6	3.0	34.0	376.0	4356.0	712.0	1.0
626.26	632.85	6.7	7.0	16.3	3.0	35.0	432.0	4752.0	683.0	1.0
626.28	1447.68	6.7	7.0	14.3	2.8	24.0	380.0	4158.0	623.0	1.0
627.53	627.63	6.6	7.0	16.3	3.2	32.0	400.0	4554.0	742.0	1.0
628.13	1555.73	6.0	6.6	15.1	3.5	59.0	188.0	3960.0	475.0	1.0
628.14	1444.68	6.6	7.0	16.7	2.6	23.0	288.0	4851.0	693.0	1.0
630.24	637.08	7.0	7.0	17.8	3.4	32.0	308.0	5742.0	732.0	1.0
632.04	1454.13	6.7	7.0	14.0	3.4	56.0	264.0	4257.0	534.0	1.0
633.30	1536.83	6.4	7.0	15.8	3.5	46.0	260.0	4554.0	524.0	1.0
636.60	618.51	6.4	7.0	16.7	3.0	34.0	372.0	4554.0	683.0	1.0
638.48	1437.68	6.1	6.9	17.2	3.0	39.0	272.0	4455.0	623.0	1.0
806.31	1562.73	6.5	7.0	17.1	3.4	40.0	348.0	4752.0	732.0	1.0
807.58	855.62	6.3	7.0	14.8	3.4	42.0	308.0	3960.0	574.0	1.0
810.33	1259.48	6.4	7.0	19.8	3.6	36.0	336.0	5445.0	801.0	1.0
810.36	955.12	6.2	7.0	14.9	3.0	23.0	296.0	3762.0	663.0	1.0
813.35	1544.73	6.6	7.0	19.3	3.4	26.0	232.0	5742.0	752.0	1.0
815.21	838.84	6.1	6.7	16.5	3.5	26.0	292.0	4158.0	653.0	1.0
816.06	1555.06	6.3	6.9	18.0	3.5	27.0	300.0	4851.0	712.0	1.0
816.10	1241.47	6.1	6.7	17.5	3.5	32.0	300.0	4455.0	673.0	1.0
817.32	938.00	6.4	7.0	13.5	2.8	54.0	468.0	3663.0	504.0	1.0
817.92	848.62	6.3	7.0	17.4	3.4	50.0	372.0	4851.0	564.0	1.0
818.55	1251.59	6.2	6.8	18.1	3.6	40.0	344.0	4752.0	693.0	1.0
819.11	1552.95	6.2	6.8	17.9	3.6	32.0	304.0	4752.0	663.0	1.0
819.11	1550.84	6.7	7.0	18.4	3.5	50.0	276.0	5544.0	742.0	1.0
819.77	946.89	5.8	6.6	15.5	2.8	51.0	372.0	3564.0	574.0	1.0
819.78	844.62	5.9	6.5	16.4	3.5	68.0	400.0	3960.0	574.0	1.0
819.78	842.17	6.2	6.8	16.1	3.5	37.0	336.0	4158.0	643.0	1.0
820.30	1551.51	6.3	6.9	17.5	3.6	34.0	312.0	4752.0	663.0	1.0
820.89	1554.17	6.2	6.7	21.1	3.8	28.0	224.0	5643.0	801.0	1.0
820.93	1249.14	6.1	6.7	16.3	3.6	38.0	360.0	4158.0	603.0	1.0
820.93	1246.70	6.1	6.8	16.4	3.4	28.0	228.0	4257.0	603.0	1.0
820.97	842.17	5.9	6.6	16.8	3.2	59.0	328.0	4059.0	603.0	1.0
822.15	943.78	5.9	6.7	14.9	2.7	59.0	312.0	3465.0	623.0	1.0
822.15	941.33	5.8	6.5	15.6	3.2	47.0	324.0	3564.0	613.0	1.0
822.42	1549.06	6.3	7.0	20.2	3.5	38.0	272.0	5643.0	693.0	1.0
822.45	1247.92	6.1	6.7	17.5	3.6	33.0	276.0	4554.0	633.0	1.0
822.50	846.18	6.1	6.8	17.4	3.2	57.0	368.0	4455.0	643.0	1.0
822.50	842.17	5.7	6.3	15.4	3.6	47.0	324.0	3465.0	554.0	1.0
823.08	943.22	5.9	6.7	16.5	2.8	38.0	320.0	3861.0	673.0	1.0
823.64	1250.03	6.2	6.8	15.3	3.6	30.0	360.0	3960.0	603.0	1.0
824.88	1558.51	6.2	6.8	18.5	3.6	41.0	288.0	4950.0	673.0	1.0
824.91	1245.14	6.0	6.7	15.1	3.2	35.0	268.0	3762.0	564.0	1.0
824.94	944.78	5.7	6.4	16.6	3.2	56.0	372.0	3663.0	643.0	1.0
826.13	941.33	5.9	6.7	14.7	3.0	93.0	428.0	3465.0	544.0	1.0
827.92	851.62	6.2	6.8	14.8	3.5	29.0	300.0	3861.0	574.0	1.0
829.44	950.22	6.4	7.0	15.5	3.2	56.0	408.0	4158.0	653.0	1.0
829.49	1253.03	5.8	6.5	15.4	3.2	40.0	256.0	3663.0	534.0	1.0
831.24	1539.83	6.2	6.8	17.5	3.6	47.0	372.0	4554.0	673.0	1.0
833.77	832.72	5.9	6.5	15.4	3.6	72.0	340.0	3762.0	524.0	1.0
835.20	931.88	6.7	7.0	16.4	2.8	19.0	300.0	4356.0	999.0	1.0
835.85	1235.02	6.6	7.0	15.6	3.2	34.0	324.0	4356.0	722.0	1.0
909.40	746.24	6.6	7.0	13.8	2.8	120.0	532.0	4059.0	445.0	1.0
909.49	37.24	6.0	6.8	14.1	3.0	54.0	276.0	3663.0	415.0	1.0
914.58	726.67	6.5	7.0	14.1	3.2	50.0	380.0	4059.0	495.0	1.0
915.26	18.01	5.8	6.5	15.0	3.2	46.0	396.0	3663.0	425.0	1.0
917.63	736.46	6.7	7.0	15.6	3.4	72.0	396.0	4851.0	495.0	1.0
918.31	27.46	5.9	6.5	14.8	3.5	47.0	368.0	3663.0	455.0	1.0
919.16	731.23	6.4	7.0	15.9	3.2	57.0	464.0	4455.0	544.0	1.0
919.84	21.68	6.6	7.0	17.0	3.2	70.0	400.0	5148.0	554.0	1.0
920.43	25.01	6.6	7.0	17.0	3.4	64.0	396.0	5148.0	544.0	1.0
920.94	733.12	6.5	7.0	14.9	2.8	59.0	424.0	4356.0	475.0	1.0
921.61	731.23	6.8	7.0	13.4	2.7	85.0	592.0	4059.0	465.0	1.0
922.80	733.68	6.7	7.0	14.6	3.0	80.0	464.0	4455.0	475.0	1.0
922.80	729.79	6.5	7.0	16.9	3.2	57.0	436.0	4950.0	554.0	1.0
922.80	25.01	6.2	7.0	17.5	3.0	68.0	400.0	4752.0	564.0	1.0
922.80	22.57	6.4	7.0	16.0	3.5	57.0	340.0	4653.0	485.0	1.0
924.67	20.12	6.1	6.8	14.6	3.2	50.0	244.0	3861.0	475.0	1.0
927.97	30.79	5.7	6.3	16.0	3.5	45.0	324.0	3762.0	495.0	1.0
928.57	737.68	6.4	7.0	13.8	3.3	72.0	536.0	3861.0	435.0	1.0
931.96	719.34	6.5	7.0	13.2	3.0	30.0	348.0	3762.0	495.0	1.0
935.01	11.56	6.5	7.0	16.2	3.4	47.0	328.0	4851.0	495.0	1.0
1008.52	643.08	7.3	7.0	18.9	3.2	96.0	316.0	6039.0	821.0	1.0
1010.60	341.16	6.6	7.0	17.8	3.4	80.0	432.0	5148.0	712.0	1.0
1011.88	238.33	7.7	7.0	16.3	2.8	111.0	620.0	5049.0	702.0	1.0
1015.48	624.18	6.6	7.0	24.2	3.6	53.0	296.0	7425.0	801.0	1.0
1017.65	218.44	7.4	7.0	15.0	2.8	103.0	616.0	4455.0	732.0	1.0
1018.23	322.15	6.8	7.0	21.3	3.6	100.0	348.0	6633.0	821.0	1.0
1018.27	633.63	7.1	7.0	22.5	3.8	90.0	380.0	7425.0	841.0	1.0
1020.05	630.85	7.1	7.0	26.7	4.0	90.0	420.0	8910.0	940.0	1.0
1020.10	332.27	6.7	7.0	21.0	3.4	87.0	372.0	6336.0	811.0	1.0
1020.65	627.52	6.8	7.0	27.3	3.8	85.0	424.0	8811.0	881.0	1.0
1021.30	227.88	7.8	7.0	16.5	2.6	138.0	600.0	4950.0	801.0	1.0
1021.33	629.07	7.0	7.0	24.4	3.6	87.0	424.0	8217.0	792.0	1.0
1022.17	631.19	7.0	7.0	24.0	4.0	82.0	356.0	7920.0	891.0	1.0
1022.47	327.71	6.5	7.0	21.5	3.5	60.0	384.0	6138.0	851.0	1.0
1022.81	330.16	6.5	7.0	19.8	3.2	62.0	384.0	5544.0	831.0	1.0
1022.82	222.77	7.8	7.0	17.6	2.5	85.0	516.0	5445.0	801.0	1.0
1023.42	225.77	7.8	7.0	17.8	2.6	111.0	564.0	5544.0	772.0	1.0
1024.04	625.96	6.5	7.0	23.0	3.8	85.0	384.0	6930.0	693.0	1.0
1024.59	328.27	6.7	7.0	19.3	3.4	70.0	416.0	5544.0	900.0	1.0
1025.18	330.16	6.5	7.0	20.6	3.4	70.0	384.0	5742.0	881.0	1.0
1025.20	224.22	7.7	7.0	18.2	2.4	70.0	520.0	5841.0	712.0	1.0
1025.86	325.26	6.5	7.0	20.9	3.5	49.0	288.0	6039.0	811.0	1.0
1025.87	226.44	7.8	7.0	18.4	2.5	126.0	628.0	5643.0	841.0	1.0
1027.66	221.22	7.8	7.0	17.6	2.4	80.0	540.0	5445.0	792.0	1.0
1027.68	636.97	7.0	7.0	22.3	3.6	78.0	388.0	7128.0	950.0	1.0
1029.76	335.27	6.6	7.0	19.3	3.2	70.0	472.0	5544.0	792.0	1.0
1030.37	230.66	7.7	7.0	16.9	3.0	96.0	792.0	5049.0	792.0	1.0
1034.04	618.07	6.7	7.0	19.6	3.5	60.0	404.0	6138.0	613.0	1.0
1036.21	316.37	7.0	7.0	19.7	3.4	76.0	476.0	6039.0	970.0	1.0
1036.22	212.10	6.7	7.0	14.3	2.8	51.0	640.0	4257.0	465.0	1.0
1107.63	643.41	6.8	7.0	18.0	3.2	40.0	360.0	5544.0	712.0	1.0
1107.88	1261.93	6.6	7.0	15.3	3.2	20.0	224.0	4455.0	633.0	1.0
1110.30	956.67	6.5	7.0	19.5	3.4	51.0	348.0	5346.0	900.0	1.0
1114.24	1242.03	6.7	7.0	18.2	3.5	33.0	240.0	5247.0	881.0	1.0
1114.33	623.52	7.0	7.0	15.0	3.0	37.0	224.0	4851.0	613.0	1.0
1115.22	936.44	7.0	7.0	22.9	3.6	38.0	316.0	6930.0	1237.0	1.0
1117.88	1252.48	6.6	7.0	15.3	3.5	25.0	244.0	4356.0	693.0	1.0
1117.97	632.74	6.6	7.0	18.3	3.2	23.0	340.0	5148.0	841.0	1.0
1119.11	945.67	6.8	7.0	21.9	3.5	46.0	308.0	6336.0	1148.0	1.0
1119.16	628.41	6.5	7.0	17.2	3.0	19.0	272.0	4950.0	663.0	1.0
1119.75	630.63	6.3	7.0	17.1	3.2	13.0	292.0	4554.0	712.0	1.0
1120.59	1247.25	6.3	7.0	16.9	3.2	31.0	224.0	4554.0	683.0	1.0
1121.27	1249.70	6.4	7.0	15.9	3.5	32.0	280.0	4356.0	653.0	1.0
1121.28	629.07	6.5	7.0	15.6	3.2	23.0	292.0	4356.0	663.0	1.0
1121.57	941.33	7.3	7.0	22.4	3.6	59.0	332.0	6732.0	1237.0	1.0
1121.83	943.78	7.1	7.0	21.9	3.6	76.0	376.0	6435.0	1287.0	1.0
1122.46	1248.48	6.5	7.0	15.2	3.2	37.0	240.0	4356.0	594.0	1.0
1123.05	1250.59	6.6	7.0	15.0	3.6	36.0	224.0	4356.0	633.0	1.0
1123.15	630.30	6.8	7.0	17.3	3.0	16.0	292.0	4950.0	930.0	1.0
1123.69	942.00	7.6	7.0	21.8	3.4	36.0	320.0	6435.0	1267.0	1.0
1124.24	1245.47	6.3	7.0	15.8	3.4	26.0	244.0	4257.0	633.0	1.0
1124.29	944.11	7.5	7.0	23.7	3.4	43.0	376.0	7029.0	1346.0	1.0
1124.29	939.55	7.6	7.0	21.4	3.2	46.0	324.0	6435.0	1178.0	1.0
1124.93	625.96	6.9	7.0	15.5	2.8	22.0	248.0	4752.0	712.0	1.0
1126.45	636.08	7.1	7.0	17.3	2.8	18.0	336.0	5148.0	970.0	1.0
1127.63	1254.59	6.3	7.0	15.8	3.3	36.0	196.0	4356.0	584.0	1.0
1128.27	948.67	7.6	7.0	20.7	3.2	49.0	304.0	6138.0	1197.0	1.0
1131.88	618.07	7.1	7.0	13.9	2.8	38.0	260.0	4554.0	534.0	1.0
1132.80	1235.02	6.3	6.9	15.3	3.5	36.0	240.0	4257.0	534.0	1.0
1133.70	929.77	7.3	7.0	18.5	3.4	59.0	236.0	5544.0	1039.0	1.0
1208.01	639.30	6.0	6.8	14.6	2.8	54.0	340.0	3564.0	564.0	1.0
1208.16	241.45	7.0	7.0	14.6	2.8	70.0	376.0	4455.0	712.0	1.0
1213.18	620.40	6.2	6.9	14.3	3.4	74.0	280.0	3762.0	534.0	1.0
1214.52	222.77	6.4	7.0	16.5	3.0	25.0	320.0	4554.0	653.0	1.0
1216.23	629.85	6.5	7.0	15.6	3.3	54.0	280.0	4455.0	623.0	1.0
1217.57	232.00	6.8	7.0	16.5	3.4	30.0	312.0	5049.0	673.0	1.0
1218.69	624.96	6.2	6.9	16.8	3.2	59.0	280.0	4455.0	633.0	1.0
1219.28	627.41	6.2	6.9	14.8	3.4	57.0	268.0	3960.0	524.0	1.0
1219.35	226.77	6.3	7.0	15.3	3.2	28.0	312.0	4158.0	564.0	1.0
1219.62	625.85	6.0	6.7	14.0	3.2	60.0	264.0	3564.0	475.0	1.0
1219.94	228.89	6.6	7.0	14.6	3.4	32.0	372.0	4257.0	564.0	1.0
1220.88	228.00	6.4	7.0	15.9	3.0	34.0	300.0	4455.0	584.0	1.0
1221.40	628.96	6.5	7.0	15.4	3.5	74.0	312.0	4455.0	554.0	1.0
1222.06	231.11	6.8	7.0	14.1	3.5	38.0	272.0	4356.0	564.0	1.0
1222.59	624.07	6.4	7.0	16.7	3.2	111.0	348.0	4653.0	633.0	1.0
1223.93	225.55	6.2	6.9	16.0	3.4	37.0	300.0	4257.0	584.0	1.0
1225.05	632.85	6.3	7.0	14.6	3.2	80.0	420.0	3861.0	574.0	1.0
1228.50	234.44	6.4	7.0	13.9	3.2	54.0	312.0	3861.0	534.0	1.0
1230.82	613.96	6.4	7.0	13.5	2.8	60.0	340.0	3663.0	544.0	1.0
1233.68	216.10	6.4	7.0	14.2	2.8	45.0	356.0	3861.0	574.0	1.0
1302.16	1363.64	5.8	6.4	15.8	3.5	107.0	436.0	3663.0	544.0	1.0
1304.04	1259.59	6.1	6.8	17.6	3.4	53.0	376.0	4455.0	673.0	1.0
1309.05	243.00	6.4	7.0	15.0	3.4	45.0	328.0	4158.0	574.0	1.0
1309.79	1346.30	6.2	6.9	15.6	3.2	68.0	388.0	4059.0	584.0	1.0
1312.24	1355.41	6.2	6.9	16.6	3.4	76.0	456.0	4257.0	653.0	1.0
1312.86	1243.14	5.9	6.7	17.7	3.0	56.0	352.0	4356.0	594.0	1.0
1313.11	1250.81	6.2	6.9	15.5	3.4	68.0	312.0	4059.0	603.0	1.0
1313.69	1350.86	5.6	6.3	18.7	3.2	90.0	392.0	4158.0	623.0	1.0
1315.41	223.44	6.4	7.0	14.8	3.5	39.0	308.0	4059.0	594.0	1.0
1315.55	1352.97	5.7	6.4	17.2	3.2	90.0	484.0	3861.0	594.0	1.0
1316.14	1351.19	5.9	6.6	18.2	3.4	90.0	456.0	4455.0	594.0	1.0
1316.16	1246.81	5.9	6.7	15.1	3.0	47.0	308.0	3663.0	544.0	1.0
1316.74	1354.19	5.5	6.3	18.4	3.0	70.0	408.0	3960.0	594.0	1.0
1317.35	1248.92	6.3	7.0	14.8	3.4	47.0	304.0	3960.0	584.0	1.0
1318.01	1349.63	6.0	6.7	18.0	3.2	82.0	424.0	4455.0	643.0	1.0
1318.12	233.22	6.2	7.0	13.7	3.5	32.0	256.0	3564.0	554.0	1.0
1318.62	1247.36	6.3	7.0	15.6	3.0	45.0	312.0	4158.0	623.0	1.0
1319.55	1249.25	6.6	7.0	14.3	3.2	50.0	244.0	4158.0	584.0	1.0
1320.74	1244.70	6.3	7.0	15.3	3.2	46.0	344.0	4059.0	623.0	1.0
1321.17	228.66	6.7	7.0	14.1	3.2	49.0	248.0	4158.0	613.0	1.0
1321.31	1358.42	6.1	6.7	19.0	3.6	80.0	444.0	4851.0	683.0	1.0
1321.77	229.22	6.3	6.9	15.4	3.6	56.0	344.0	4059.0	633.0	1.0
1322.36	229.22	6.4	7.0	14.2	3.2	51.0	316.0	3861.0	594.0	1.0
1323.20	1255.37	6.5	7.0	16.4	3.5	66.0	252.0	4653.0	683.0	1.0
1323.63	230.44	6.4	7.0	16.1	3.4	50.0	336.0	4356.0	683.0	1.0
1324.23	226.44	6.3	7.0	14.3	3.4	46.0	280.0	3762.0	613.0	1.0
1326.94	236.22	6.2	6.9	15.6	3.2	40.0	348.0	3960.0	673.0	1.0
1327.08	1340.18	5.9	6.5	17.4	3.5	60.0	392.0	4158.0	633.0	1.0
1330.15	1237.03	6.1	6.8	17.3	3.2	68.0	332.0	4356.0	693.0	1.0
1333.98	216.99	7.1	7.0	13.7	3.0	30.0	228.0	4059.0	782.0	1.0
1404.32	1264.48	6.1	6.9	17.2	2.8	38.0	272.0	4455.0	623.0	1.0
1407.99	1156.43	6.1	6.8	15.5	3.2	49.0	380.0	3861.0	623.0	1.0
1409.38	40.02	7.1	7.0	14.1	3.0	41.0	316.0	4554.0	564.0	1.0
1410.43	1245.58	6.4	7.0	18.1	3.2	64.0	332.0	4950.0	752.0	1.0
1413.48	1253.81	6.4	7.0	18.3	3.4	43.0	260.0	5148.0	693.0	1.0
1413.76	1136.64	6.5	7.0	16.7	3.4	56.0	356.0	4653.0	712.0	1.0
1415.15	19.34	6.3	7.0	15.1	3.5	43.0	412.0	4158.0	504.0	1.0
1415.85	1248.59	6.6	7.0	16.3	3.8	37.0	260.0	4752.0	673.0	1.0
1415.87	1145.76	7.1	7.0	16.3	3.2	53.0	440.0	4752.0	930.0	1.0
1416.79	1249.81	6.5	7.0	17.1	3.5	41.0	264.0	4851.0	712.0	1.0
1417.27	29.68	6.1	6.8	16.1	3.2	54.0	408.0	4158.0	544.0	1.0
1417.65	1141.20	6.5	7.0	16.6	3.4	68.0	384.0	4356.0	851.0	1.0
1417.97	1249.59	6.3	6.9	16.9	3.6	35.0	276.0	4554.0	663.0	1.0
1418.46	23.90	6.8	7.0	15.7	3.0	34.0	260.0	4950.0	574.0	1.0
1418.57	1252.03	6.6	7.0	18.1	3.5	42.0	252.0	5247.0	772.0	1.0
1418.93	1143.65	7.1	7.0	15.5	3.2	70.0	416.0	4455.0	920.0	1.0
1419.05	26.68	6.4	7.0	13.7	3.2	36.0	328.0	3861.0	475.0	1.0
1420.32	25.12	6.7	7.0	13.4	3.4	36.0	360.0	3960.0	544.0	1.0
1420.71	1141.20	6.4	7.0	14.9	3.0	56.0	320.0	3861.0	722.0	1.0
1421.02	1247.36	6.4	7.0	19.3	3.6	29.0	280.0	5346.0	782.0	1.0
1421.04	1142.98	7.1	7.0	19.0	3.4	87.0	356.0	5742.0	1009.0	1.0
1422.10	27.24	6.4	7.0	15.8	3.0	37.0	312.0	4455.0	564.0	1.0
1422.55	1258.04	5.9	6.6	17.7	3.4	57.0	236.0	4356.0	623.0	1.0
1422.83	1138.42	6.3	7.0	16.4	3.0	66.0	332.0	4257.0	732.0	1.0
1423.04	22.34	6.5	7.0	15.6	3.4	51.0	328.0	4554.0	544.0	1.0
1426.47	1148.87	6.9	7.0	16.2	3.2	51.0	284.0	4752.0	881.0	1.0
1428.91	1239.14	6.1	6.8	15.3	3.2	41.0	244.0	3960.0	564.0	1.0
1431.26	31.57	6.3	7.0	14.1	3.2	60.0	396.0	3762.0	524.0	1.0
1431.64	1129.64	5.9	6.5	14.3	3.6	51.0	300.0	3366.0	564.0	1.0
1433.04	13.78	6.2	6.9	14.4	3.2	54.0	424.0	3762.0	514.0	1.0
1507.44	641.41	5.8	6.5	19.0	3.2	56.0	340.0	4356.0	742.0	1.0
1514.99	623.40	6.1	6.8	17.0	3.3	34.0	324.0	4257.0	693.0	1.0
1518.04	631.41	5.9	6.5	16.3	3.5	23.0	304.0	3861.0	643.0	1.0
1519.57	628.63	6.2	6.9	17.1	3.2	34.0	324.0	4455.0	683.0	1.0
1520.76	626.18	6.2	6.8	16.9	3.5	29.0	328.0	4356.0	702.0	1.0
1522.03	627.96	6.8	7.0	18.2	3.4	53.0	384.0	5544.0	742.0	1.0
1523.22	629.85	6.2	6.9	16.9	3.2	53.0	328.0	4356.0	693.0	1.0
1523.22	624.96	6.3	7.0	16.3	3.4	53.0	292.0	4356.0	663.0	1.0
1528.39	634.41	6.0	6.8	16.3	3.0	45.0	252.0	4059.0	613.0	1.0
1532.97	616.40	6.7	7.0	14.9	2.8	33.0	272.0	4356.0	653.0	1.0
0.00	4.45	6.4	7.0	15.5	3.4	87.0	480.0	4158.0	633.0	2.0
0.00	54.80	6.3	6.9	21.4	3.6	54.0	304.0	5940.0	762.0	2.0
0.00	105.16	6.7	7.0	20.4	3.5	36.0	272.0	6138.0	841.0	2.0
0.00	155.52	6.2	6.9	18.4	3.4	38.0	272.0	4950.0	653.0	2.0
0.00	205.87	6.3	6.9	16.5	3.6	57.0	296.0	4356.0	693.0	2.0
0.00	256.23	6.0	6.7	15.3	3.4	82.0	372.0	3762.0	574.0	2.0
0.00	306.59	5.5	6.1	17.0	3.6	107.0	316.0	3663.0	554.0	2.0
0.00	356.83	5.5	6.2	16.3	3.4	51.0	284.0	3465.0	574.0	2.0
0.00	409.53	5.7	6.5	16.3	2.6	30.0	248.0	3861.0	504.0	2.0
0.00	459.88	6.2	7.0	15.1	3.0	37.0	244.0	4059.0	544.0	2.0
0.00	510.24	6.0	6.7	16.4	3.4	21.0	188.0	4158.0	603.0	2.0
0.00	560.60	7.1	7.0	15.4	2.8	42.0	268.0	4950.0	653.0	2.0
0.00	610.95	6.8	7.0	17.6	2.8	46.0	288.0	5445.0	712.0	2.0
0.00	661.31	6.7	7.0	17.3	3.0	154.0	296.0	5346.0	613.0	2.0
0.00	711.67	7.3	7.0	21.0	3.2	93.0	300.0	7326.0	554.0	2.0
0.00	762.02	6.5	7.0	15.1	2.4	57.0	352.0	3960.0	772.0	2.0
4.92	1166.44	6.6	7.0	14.7	3.2	90.0	444.0	4455.0	445.0	2.0
4.92	1116.08	6.5	7.0	18.3	3.2	64.0	440.0	5148.0	732.0	2.0
4.92	1065.72	6.3	7.0	17.1	3.0	62.0	284.0	4851.0	524.0	2.0
4.92	1015.37	6.6	7.0	15.4	3.2	38.0	240.0	4554.0	594.0	2.0
4.92	965.01	6.1	6.9	15.7	3.0	100.0	412.0	4158.0	475.0	2.0
4.92	914.65	6.0	6.6	19.9	3.6	146.0	488.0	5247.0	514.0	2.0
4.92	864.29	6.1	6.8	19.5	3.2	215.0	440.0	5148.0	623.0	2.0
4.92	814.05	6.4	7.0	17.0	3.4	115.0	472.0	4752.0	584.0	2.0
9.75	1574.63	6.5	7.0	13.5	2.8	78.0	340.0	3762.0	564.0	2.0
9.75	1524.27	6.1	6.8	14.6	3.2	103.0	416.0	3861.0	425.0	2.0
9.75	1473.91	6.8	7.0	14.2	2.6	29.0	252.0	4455.0	524.0	2.0
9.75	1423.67	6.4	7.0	15.2	2.7	24.0	308.0	4356.0	495.0	2.0
9.75	1373.31	6.6	7.0	17.0	2.4	19.0	304.0	5247.0	514.0	2.0
9.75	1322.95	6.6	7.0	13.9	3.5	40.0	232.0	4158.0	504.0	2.0
9.75	1272.60	6.6	7.0	13.9	3.6	85.0	360.0	4158.0	465.0	2.0
9.75	1222.24	6.5	7.0	12.8	3.4	66.0	288.0	3762.0	415.0	2.0
50.11	356.83	5.5	6.2	15.5	3.2	74.0	408.0	3267.0	514.0	2.0
50.11	306.59	6.0	6.6	18.0	3.6	93.0	320.0	4356.0	742.0	2.0
50.11	256.23	5.9	6.7	14.5	3.0	76.0	500.0	3366.0	544.0	2.0
50.11	205.87	6.1	6.7	19.2	3.5	43.0	356.0	4950.0	693.0	2.0
50.11	155.52	6.8	7.0	16.6	3.4	85.0	420.0	5247.0	554.0	2.0
50.11	105.16	6.5	7.0	18.1	3.5	82.0	376.0	5346.0	584.0	2.0
50.11	54.80	6.2	6.9	19.0	3.2	38.0	336.0	5049.0	702.0	2.0
50.11	4.45	6.1	6.7	16.6	3.6	87.0	488.0	4158.0	623.0	2.0
50.19	762.02	6.9	7.0	14.2	2.6	59.0	384.0	4257.0	663.0	2.0
50.19	711.67	7.1	7.0	17.2	3.0	96.0	440.0	5742.0	554.0	2.0
50.19	661.31	6.8	7.0	16.6	2.7	56.0	288.0	5148.0	653.0	2.0
50.19	610.95	6.8	7.0	18.6	2.6	21.0	220.0	5742.0	782.0	2.0
50.19	560.60	6.4	7.0	16.4	2.6	27.0	208.0	4455.0	732.0	2.0
50.19	510.24	6.0	6.9	14.6	2.5	23.0	264.0	3465.0	653.0	2.0
50.19	459.88	5.8	6.6	15.8	2.8	30.0	244.0	3762.0	544.0	2.0
50.19	409.53	6.4	7.0	16.3	2.4	21.0	264.0	4554.0	623.0	2.0
55.10	1166.44	6.9	7.0	15.8	3.0	59.0	312.0	5148.0	534.0	2.0
55.10	1116.08	6.1	6.9	17.9	2.6	72.0	372.0	4455.0	732.0	2.0
55.10	1065.72	6.4	7.0	15.3	3.2	37.0	288.0	4356.0	534.0	2.0
55.10	1015.37	5.9	6.7	15.0	3.0	76.0	352.0	3663.0	504.0	2.0
55.10	965.01	6.1	6.9	16.8	3.0	85.0	452.0	4356.0	544.0	2.0
55.10	914.65	5.8	6.5	19.2	3.4	78.0	296.0	4851.0	504.0	2.0
55.10	874.74	6.1	6.7	19.6	3.5	68.0	348.0	5148.0	673.0	2.0
55.10	814.05	6.6	7.0	15.9	3.2	90.0	456.0	4554.0	643.0	2.0
59.93	1574.63	6.5	7.0	14.7	2.7	46.0	512.0	3861.0	702.0	2.0
59.93	1524.27	6.7	7.0	14.9	3.2	66.0	492.0	4455.0	534.0	2.0
59.93	1473.91	6.9	7.0	12.9	2.8	54.0	256.0	4158.0	465.0	2.0
59.93	1423.67	6.3	7.0	17.6	2.7	43.0	548.0	4950.0	495.0	2.0
59.93	1373.31	6.2	7.0	14.8	2.6	46.0	336.0	4059.0	445.0	2.0
59.93	1322.95	6.5	7.0	11.3	3.5	59.0	244.0	3267.0	405.0	2.0
59.93	1272.60	6.4	7.0	12.7	3.2	53.0	324.0	3465.0	514.0	2.0
59.93	1222.24	6.9	7.0	11.7	3.6	57.0	264.0	3663.0	475.0	2.0
90.03	914.65	6.1	6.8	21.7	3.4	31.0	220.0	5643.0	821.0	2.0
100.29	762.02	7.8	7.0	23.1	2.5	39.0	324.0	7623.0	881.0	2.0
100.29	711.67	7.0	7.0	15.3	3.0	74.0	356.0	5148.0	485.0	2.0
100.29	661.31	6.6	7.0	16.8	2.8	51.0	408.0	4950.0	613.0	2.0
100.29	610.95	6.8	7.0	17.7	2.5	37.0	348.0	5049.0	940.0	2.0
100.29	560.60	6.8	7.0	17.7	2.8	29.0	312.0	5148.0	891.0	2.0
100.29	510.24	5.8	6.6	16.3	2.8	36.0	316.0	3861.0	564.0	2.0
100.30	459.88	6.3	7.0	14.7	3.2	28.0	168.0	4158.0	495.0	2.0
100.30	409.53	6.3	7.0	16.5	2.8	33.0	348.0	4554.0	574.0	2.0
100.30	356.83	5.6	6.2	18.3	3.5	45.0	288.0	3960.0	693.0	2.0
100.30	306.59	5.8	6.5	16.7	3.4	82.0	300.0	3663.0	752.0	2.0
100.30	256.23	6.1	6.8	14.3	3.2	70.0	448.0	3564.0	544.0	2.0
100.30	205.87	5.7	6.4	14.4	3.2	49.0	340.0	3267.0	485.0	2.0
100.30	155.52	6.2	6.9	15.1	3.2	46.0	312.0	4059.0	504.0	2.0
100.30	105.16	6.6	7.0	19.5	3.7	72.0	372.0	5742.0	742.0	2.0
100.30	54.80	6.3	6.9	19.6	3.6	40.0	408.0	5346.0	722.0	2.0
100.30	4.45	6.1	6.7	17.5	3.5	78.0	404.0	4455.0	653.0	2.0
105.20	1166.44	6.6	7.0	15.2	2.8	40.0	360.0	4455.0	564.0	2.0
105.20	1116.08	6.2	7.0	17.3	2.8	62.0	384.0	4554.0	643.0	2.0
105.20	1065.72	5.9	6.6	14.8	3.2	53.0	380.0	3663.0	455.0	2.0
105.20	1015.37	5.9	6.5	19.3	3.5	76.0	364.0	4851.0	594.0	2.0
105.21	965.01	6.1	6.8	20.1	3.4	93.0	388.0	5346.0	623.0	2.0
105.21	864.29	5.7	6.4	18.2	3.2	111.0	364.0	4257.0	564.0	2.0
105.21	814.05	6.6	7.0	15.6	2.8	76.0	416.0	4455.0	653.0	2.0
110.03	1574.63	6.6	7.0	15.9	3.4	57.0	452.0	4752.0	524.0	2.0
110.03	1524.27	6.5	7.0	14.8	3.0	47.0	364.0	4257.0	524.0	2.0
110.03	1473.91	7.3	7.0	16.8	3.0	62.0	212.0	5544.0	633.0	2.0
110.03	1423.67	6.8	7.0	15.0	2.5	24.0	688.0	4554.0	514.0	2.0
110.03	1373.31	6.1	6.9	13.8	2.8	50.0	348.0	3663.0	405.0	2.0
110.03	1322.95	6.5	7.0	11.9	3.6	100.0	348.0	3366.0	435.0	2.0
110.03	1272.60	5.9	6.5	15.2	3.5	62.0	196.0	3861.0	465.0	2.0
110.03	1222.24	6.6	7.0	13.2	3.6	43.0	300.0	3960.0	445.0	2.0
150.40	356.83	5.8	6.6	13.1	3.0	38.0	240.0	2970.0	544.0	2.0
150.40	306.59	5.6	6.3	14.4	3.2	68.0	256.0	2871.0	693.0	2.0
150.40	256.23	5.9	6.6	16.3	3.2	72.0	440.0	3861.0	594.0	2.0
150.41	205.87	5.8	6.6	13.8	3.0	46.0	352.0	3168.0	514.0	2.0
150.41	155.52	6.8	7.0	14.8	3.5	59.0	392.0	4554.0	554.0	2.0
150.41	105.16	6.1	6.8	19.3	3.4	85.0	520.0	5049.0	613.0	2.0
150.41	54.80	6.7	7.0	17.4	3.5	51.0	352.0	5148.0	722.0	2.0
150.41	4.45	6.1	6.8	15.9	3.2	66.0	344.0	4059.0	594.0	2.0
150.48	762.02	6.5	7.0	15.7	3.4	74.0	400.0	4455.0	603.0	2.0
150.48	711.67	7.0	7.0	15.7	3.2	64.0	432.0	5148.0	554.0	2.0
150.48	661.31	6.8	7.0	16.0	2.5	27.0	344.0	4851.0	673.0	2.0
150.48	610.95	7.0	7.0	18.5	2.7	24.0	272.0	5742.0	910.0	2.0
150.48	560.60	6.3	7.0	16.2	3.0	36.0	204.0	4554.0	554.0	2.0
150.48	510.24	5.9	6.6	18.1	3.2	39.0	324.0	4554.0	564.0	2.0
150.49	459.88	6.5	7.0	18.2	3.0	31.0	336.0	5247.0	683.0	2.0
150.49	409.53	6.5	7.0	16.8	2.8	37.0	348.0	4752.0	673.0	2.0
155.39	1166.44	5.9	6.7	18.1	2.8	40.0	372.0	4158.0	782.0	2.0
155.39	1116.08	6.0	6.8	16.6	2.8	62.0	420.0	4059.0	633.0	2.0
155.39	1065.72	6.0	6.7	17.6	3.4	59.0	388.0	4455.0	584.0	2.0
155.39	1015.37	5.9	6.6	19.5	3.4	80.0	292.0	4950.0	584.0	2.0
155.39	965.01	5.7	6.4	19.6	3.2	96.0	432.0	4554.0	623.0	2.0
155.39	914.65	6.0	6.7	20.5	3.2	62.0	284.0	5247.0	693.0	2.0
155.39	864.29	6.0	6.8	18.2	3.0	43.0	300.0	4356.0	792.0	2.0
155.40	814.05	6.3	7.0	17.9	2.5	59.0	372.0	4653.0	782.0	2.0
160.21	1574.63	6.7	7.0	15.0	3.0	74.0	396.0	4455.0	584.0	2.0
160.21	1524.27	6.6	7.0	14.3	3.0	54.0	452.0	4059.0	574.0	2.0
160.21	1473.91	6.8	7.0	15.4	2.8	36.0	208.0	4851.0	584.0	2.0
160.21	1423.67	6.2	7.0	15.9	2.6	42.0	496.0	4257.0	504.0	2.0
160.22	1373.31	6.2	7.0	14.3	3.0	64.0	288.0	3960.0	425.0	2.0
160.22	1322.95	6.6	7.0	14.4	3.2	66.0	300.0	4158.0	584.0	2.0
160.22	1272.60	6.4	7.0	13.8	3.6	53.0	208.0	4059.0	425.0	2.0
160.22	1222.24	6.1	6.9	12.6	2.8	34.0	328.0	3168.0	475.0	2.0
200.58	762.02	6.7	7.0	16.4	3.4	103.0	548.0	4851.0	613.0	2.0
200.58	711.67	7.2	7.0	18.1	2.8	37.0	300.0	5742.0	801.0	2.0
200.59	661.31	6.9	7.0	18.1	2.6	23.0	364.0	5148.0	1059.0	2.0
200.59	610.95	6.5	7.0	15.4	3.0	30.0	276.0	4455.0	564.0	2.0
200.59	560.60	6.9	7.0	14.9	3.2	34.0	176.0	4851.0	534.0	2.0
200.59	510.24	5.6	6.4	15.9	2.8	57.0	292.0	3663.0	465.0	2.0
200.59	459.88	5.9	6.6	15.6	3.4	28.0	216.0	3960.0	475.0	2.0
200.59	409.53	6.4	7.0	17.3	3.0	21.0	320.0	4851.0	653.0	2.0
200.59	356.83	5.4	6.1	15.4	3.2	30.0	280.0	3168.0	534.0	2.0
200.59	306.59	5.6	6.3	14.3	3.2	59.0	308.0	3069.0	534.0	2.0
200.60	256.23	5.7	6.3	16.8	3.5	87.0	500.0	3762.0	574.0	2.0
200.60	205.87	6.2	6.9	14.7	3.4	57.0	364.0	3861.0	544.0	2.0
200.60	155.52	6.3	7.0	14.1	3.2	56.0	376.0	3762.0	544.0	2.0
200.60	105.16	6.7	7.0	17.5	3.2	78.0	452.0	5346.0	603.0	2.0
200.60	54.80	6.2	6.7	20.9	3.8	85.0	380.0	5544.0	762.0	2.0
200.60	4.45	5.7	6.3	17.5	3.6	76.0	312.0	3960.0	633.0	2.0
205.49	1166.44	5.9	6.6	16.9	3.2	26.0	388.0	4059.0	603.0	2.0
205.49	1116.08	6.2	7.0	16.4	3.0	64.0	384.0	4257.0	633.0	2.0
205.49	1065.72	6.0	6.6	24.6	3.6	80.0	328.0	6237.0	881.0	2.0
205.49	1011.14	5.8	6.4	16.9	3.6	107.0	504.0	3960.0	544.0	2.0
205.49	965.01	6.7	7.0	16.6	2.6	47.0	408.0	4752.0	772.0	2.0
205.50	914.65	5.9	6.7	18.7	3.0	96.0	460.0	4653.0	574.0	2.0
205.50	864.29	5.5	6.2	21.0	3.2	37.0	292.0	4554.0	702.0	2.0
205.50	814.05	6.3	7.0	15.1	2.8	74.0	340.0	4158.0	524.0	2.0
210.31	1574.63	6.7	7.0	16.4	3.2	62.0	352.0	4950.0	623.0	2.0
210.31	1524.27	6.7	7.0	15.9	3.2	56.0	240.0	4752.0	663.0	2.0
210.31	1473.91	6.9	7.0	15.8	2.8	50.0	268.0	5049.0	613.0	2.0
210.31	1423.67	6.5	7.0	15.7	2.8	34.0	296.0	4653.0	504.0	2.0
210.31	1373.31	6.3	7.0	13.6	2.8	45.0	280.0	3663.0	524.0	2.0
210.32	1322.95	6.3	7.0	15.3	3.4	64.0	368.0	4158.0	544.0	2.0
210.32	1272.60	6.9	7.0	15.5	3.6	49.0	280.0	4950.0	584.0	2.0
210.32	1222.24	6.3	7.0	13.4	2.5	23.0	304.0	3564.0	534.0	2.0
250.70	356.83	5.6	6.3	18.0	3.4	66.0	412.0	3861.0	673.0	2.0
250.70	306.59	5.6	6.4	14.3	3.0	51.0	328.0	2970.0	594.0	2.0
250.70	256.23	5.9	6.6	13.7	3.2	74.0	600.0	3069.0	544.0	2.0
250.70	205.87	5.6	6.2	18.5	3.6	46.0	332.0	4257.0	534.0	2.0
250.71	155.52	6.1	6.8	18.4	3.4	32.0	312.0	4851.0	613.0	2.0
250.71	105.16	6.6	7.0	19.5	3.5	100.0	504.0	5742.0	702.0	2.0
250.71	54.80	6.6	7.0	18.7	3.4	54.0	352.0	5544.0	693.0	2.0
250.71	4.45	6.5	7.0	12.0	3.0	39.0	300.0	3267.0	544.0	2.0
250.77	762.02	6.6	7.0	16.8	3.0	66.0	348.0	4851.0	683.0	2.0
250.77	711.67	6.9	7.0	17.5	2.6	38.0	292.0	5445.0	772.0	2.0
250.77	661.31	6.9	7.0	13.9	2.5	37.0	368.0	4455.0	485.0	2.0
250.78	610.95	6.7	7.0	18.6	3.2	50.0	248.0	5841.0	623.0	2.0
250.78	560.60	6.3	6.9	17.0	3.5	51.0	240.0	4851.0	534.0	2.0
250.78	510.24	6.2	7.0	17.0	3.0	30.0	264.0	4455.0	683.0	2.0
250.78	459.88	5.7	6.5	17.2	3.0	26.0	296.0	4059.0	524.0	2.0
250.78	409.53	6.1	6.9	16.1	3.0	29.0	320.0	4257.0	524.0	2.0
255.67	1166.44	5.9	6.6	19.5	3.3	49.0	316.0	4752.0	693.0	2.0
255.68	1116.08	5.5	6.2	21.8	3.4	85.0	416.0	4851.0	623.0	2.0
255.68	1065.72	5.8	6.4	24.5	3.6	76.0	288.0	6039.0	762.0	2.0
255.68	1015.37	5.8	6.6	15.0	3.0	80.0	452.0	3564.0	465.0	2.0
255.68	965.01	7.0	7.0	15.7	2.0	19.0	264.0	4653.0	900.0	2.0
255.68	914.65	5.9	6.6	18.8	3.2	50.0	268.0	4752.0	584.0	2.0
255.68	864.29	5.8	6.6	17.1	2.8	33.0	280.0	4059.0	594.0	2.0
255.69	814.05	6.1	6.9	14.5	2.8	74.0	348.0	3861.0	435.0	2.0
260.49	1574.63	6.5	7.0	16.6	3.2	59.0	312.0	4851.0	584.0	2.0
260.49	1524.27	6.6	7.0	17.5	2.8	60.0	336.0	5148.0	673.0	2.0
260.49	1473.91	6.5	7.0	15.8	3.0	50.0	276.0	4752.0	485.0	2.0
260.50	1423.67	6.6	7.0	15.9	2.8	23.0	300.0	4752.0	574.0	2.0
260.50	1373.31	7.4	7.0	13.0	1.8	21.0	308.0	3762.0	772.0	2.0
260.50	1322.95	6.3	6.8	13.9	3.8	46.0	248.0	3861.0	485.0	2.0
260.50	1272.60	6.7	7.0	16.4	3.4	47.0	260.0	5049.0	584.0	2.0
260.50	1222.24	6.2	7.0	13.6	2.4	27.0	392.0	3366.0	613.0	2.0
300.87	762.02	7.0	7.0	14.1	3.2	66.0	252.0	4455.0	623.0	2.0
300.88	711.67	7.1	7.0	16.8	2.8	37.0	276.0	5445.0	683.0	2.0
300.88	661.31	6.4	7.0	13.8	2.8	29.0	340.0	3960.0	425.0	2.0
300.88	610.95	6.5	7.0	21.2	3.2	53.0	276.0	6435.0	643.0	2.0
300.88	560.60	6.3	6.9	21.0	3.6	53.0	284.0	5940.0	673.0	2.0
300.88	510.24	6.0	6.6	23.0	3.5	33.0	292.0	5742.0	891.0	2.0
300.89	459.88	6.0	6.8	15.9	2.8	17.0	228.0	3960.0	603.0	2.0
300.89	409.53	6.3	7.0	18.3	3.4	29.0	252.0	5148.0	603.0	2.0
300.89	356.83	5.8	6.4	20.3	3.6	78.0	324.0	4752.0	752.0	2.0
300.89	306.59	6.2	6.8	21.6	3.5	60.0	376.0	5544.0	920.0	2.0
300.89	256.23	6.4	7.0	20.3	3.8	103.0	600.0	5346.0	900.0	2.0
300.90	205.87	6.6	7.0	17.0	3.5	31.0	252.0	5049.0	643.0	2.0
300.90	155.52	5.9	6.7	14.9	2.8	42.0	336.0	3663.0	485.0	2.0
300.90	105.16	6.5	7.0	14.9	3.0	54.0	384.0	4257.0	554.0	2.0
300.90	54.80	6.4	7.0	18.2	3.4	42.0	296.0	5148.0	663.0	2.0
300.90	4.45	6.1	6.8	13.6	3.2	53.0	356.0	3465.0	495.0	2.0
305.77	1166.44	5.8	6.6	18.1	3.0	70.0	300.0	4257.0	653.0	2.0
305.78	1116.08	5.9	6.5	25.8	3.6	37.0	252.0	6435.0	900.0	2.0
305.78	1065.72	5.9	6.6	20.3	3.2	111.0	380.0	5148.0	603.0	2.0
305.78	1015.37	5.8	6.4	20.6	3.5	78.0	456.0	4950.0	653.0	2.0
305.78	965.01	6.1	6.9	15.1	2.6	51.0	404.0	3861.0	524.0	2.0
305.78	914.65	6.1	6.7	19.2	3.5	47.0	320.0	5049.0	653.0	2.0
305.79	864.29	6.3	7.0	17.1	2.6	31.0	312.0	4752.0	574.0	2.0
305.79	814.05	6.3	7.0	16.7	2.5	46.0	324.0	4554.0	613.0	2.0
310.67	1574.63	6.9	7.0	14.0	2.8	23.0	276.0	4257.0	663.0	2.0
310.68	1524.27	6.4	7.0	18.2	3.0	56.0	344.0	4950.0	772.0	2.0
310.68	1473.91	6.5	7.0	17.7	3.2	35.0	284.0	5049.0	712.0	2.0
310.68	1423.67	6.9	7.0	16.1	2.4	36.0	432.0	4950.0	683.0	2.0
310.68	1373.31	6.2	7.0	13.7	2.8	31.0	412.0	3564.0	504.0	2.0
310.68	1322.95	6.6	7.0	10.3	3.0	34.0	164.0	3069.0	386.0	2.0
310.69	1272.60	6.6	7.0	14.3	3.2	57.0	244.0	4257.0	534.0	2.0
310.69	1222.24	6.4	7.0	13.0	3.2	37.0	264.0	3663.0	475.0	2.0
351.06	762.02	6.8	7.0	16.7	3.0	146.0	544.0	4950.0	712.0	2.0
351.06	711.67	6.9	7.0	17.9	3.0	46.0	296.0	5742.0	673.0	2.0
351.07	661.31	6.0	6.8	21.3	3.0	23.0	252.0	5544.0	693.0	2.0
351.07	610.95	6.6	7.0	23.1	3.6	56.0	316.0	7029.0	792.0	2.0
351.07	560.60	6.2	6.9	16.6	3.2	43.0	220.0	4455.0	603.0	2.0
351.07	510.24	5.8	6.5	17.7	3.4	30.0	252.0	4158.0	653.0	2.0
351.08	459.88	6.0	6.7	20.8	3.2	35.0	332.0	5247.0	742.0	2.0
351.08	409.53	5.8	6.6	16.7	2.6	27.0	376.0	3861.0	613.0	2.0
351.08	356.83	5.6	6.4	13.8	3.0	68.0	552.0	2871.0	485.0	2.0
351.08	306.59	5.6	6.2	18.8	3.5	80.0	340.0	4158.0	653.0	2.0
351.09	256.23	5.7	6.4	16.4	3.4	66.0	372.0	3762.0	534.0	2.0
351.09	205.87	5.8	6.5	16.9	3.2	41.0	284.0	4158.0	495.0	2.0
351.09	155.52	6.3	7.0	15.5	3.2	50.0	312.0	4257.0	554.0	2.0
351.09	105.16	6.5	7.0	15.6	3.5	64.0	388.0	4554.0	514.0	2.0
351.09	54.80	6.4	7.0	17.5	3.6	60.0	344.0	4851.0	683.0	2.0
351.10	4.45	6.1	6.8	14.5	3.2	47.0	308.0	3663.0	554.0	2.0
352.92	864.29	6.1	6.9	20.2	3.0	53.0	264.0	5346.0	693.0	2.0
355.96	1116.08	5.2	5.9	15.1	3.2	66.0	320.0	2970.0	435.0	2.0
355.96	1065.72	6.1	6.9	13.5	2.8	62.0	324.0	3564.0	425.0	2.0
355.97	1015.37	5.8	6.4	22.5	3.6	115.0	540.0	5346.0	722.0	2.0
355.97	965.01	5.9	6.8	17.1	2.5	28.0	348.0	4059.0	653.0	2.0
355.97	914.65	5.9	6.7	17.0	2.8	28.0	264.0	4158.0	603.0	2.0
355.98	814.05	6.7	7.0	18.4	3.0	60.0	328.0	5742.0	613.0	2.0
360.77	1574.63	6.7	7.0	17.6	3.0	30.0	288.0	4950.0	920.0	2.0
360.77	1524.27	7.0	7.0	19.3	2.6	28.0	312.0	5643.0	1158.0	2.0
360.78	1473.91	6.6	7.0	16.5	2.5	35.0	296.0	4752.0	702.0	2.0
360.78	1423.67	6.9	7.0	14.6	2.6	14.0	384.0	4554.0	594.0	2.0
360.78	1373.31	6.2	6.9	13.3	3.2	38.0	256.0	3564.0	465.0	2.0
360.78	1322.95	6.2	6.9	14.4	3.4	41.0	188.0	3861.0	534.0	2.0
360.79	1272.60	6.4	7.0	15.9	3.5	57.0	288.0	4455.0	603.0	2.0
360.79	1222.24	6.3	6.9	17.4	3.6	70.0	356.0	4950.0	504.0	2.0
362.06	1166.44	6.6	7.0	17.9	3.4	76.0	548.0	5148.0	702.0	2.0
398.26	1167.10	6.5	7.0	18.4	3.0	59.0	916.0	5247.0	534.0	2.0
398.26	1116.75	6.0	6.8	16.3	2.6	45.0	304.0	4158.0	544.0	2.0
398.27	1066.39	6.1	6.9	18.0	2.8	72.0	372.0	4851.0	514.0	2.0
398.27	1016.03	5.8	6.5	21.9	3.2	68.0	412.0	5247.0	722.0	2.0
398.27	965.68	5.8	6.6	16.6	2.6	42.0	348.0	3960.0	544.0	2.0
398.27	915.32	6.3	7.0	15.2	2.6	40.0	460.0	3861.0	673.0	2.0
398.28	864.96	6.4	7.0	16.4	2.7	27.0	356.0	4455.0	673.0	2.0
398.28	814.72	6.1	6.8	22.5	3.2	96.0	460.0	5940.0	722.0	2.0
398.28	758.24	6.9	7.0	14.4	2.8	72.0	404.0	4356.0	663.0	2.0
398.29	707.89	7.0	7.0	14.8	3.0	37.0	240.0	4653.0	683.0	2.0
398.29	657.53	6.5	7.0	16.7	3.2	21.0	264.0	4752.0	683.0	2.0
398.29	607.17	6.7	7.0	12.0	3.6	36.0	320.0	3564.0	465.0	2.0
398.29	556.82	6.8	7.0	15.6	3.4	41.0	296.0	4752.0	643.0	2.0
398.30	506.46	6.9	7.0	12.1	3.5	20.0	180.0	3564.0	653.0	2.0
398.30	456.10	6.7	7.0	15.7	3.2	21.0	280.0	4554.0	722.0	2.0
398.30	405.86	6.3	7.0	14.4	2.7	22.0	284.0	3663.0	693.0	2.0
398.32	1575.85	6.7	7.0	22.0	3.5	34.0	316.0	6534.0	950.0	2.0
398.33	1525.49	6.9	7.0	20.3	3.0	39.0	368.0	6237.0	910.0	2.0
398.33	1475.14	7.8	7.0	31.8	1.5	5.0	148.0	10890.0	1049.0	2.0
398.33	1424.78	6.9	7.0	14.4	3.4	28.0	392.0	4752.0	425.0	2.0
398.33	1374.42	6.1	6.9	14.9	3.0	41.0	300.0	4059.0	405.0	2.0
398.34	1324.18	6.6	7.0	16.3	3.4	38.0	244.0	4950.0	564.0	2.0
398.34	1273.82	6.6	7.0	16.1	3.0	39.0	232.0	4950.0	514.0	2.0
401.39	1223.46	6.6	7.0	18.2	3.4	47.0	644.0	5346.0	623.0	2.0
403.22	354.28	5.8	6.4	19.2	3.5	78.0	448.0	4455.0	693.0	2.0
403.22	304.03	5.8	6.4	21.8	3.5	120.0	492.0	4950.0	851.0	2.0
403.23	253.67	5.9	6.6	16.6	3.2	60.0	344.0	3960.0	633.0	2.0
403.23	203.32	5.9	6.5	17.9	3.6	78.0	372.0	4257.0	673.0	2.0
448.45	1167.10	6.0	6.8	18.3	2.8	40.0	376.0	4653.0	603.0	2.0
448.45	1116.75	5.7	6.5	16.9	2.6	42.0	312.0	3861.0	594.0	2.0
448.45	1066.39	6.0	6.7	11.2	3.4	43.0	304.0	2772.0	396.0	2.0
448.46	1016.03	5.8	6.6	20.6	3.0	96.0	364.0	4950.0	673.0	2.0
448.46	965.68	6.1	6.9	20.3	2.8	40.0	368.0	5346.0	683.0	2.0
448.46	915.32	5.7	6.5	16.3	2.6	30.0	328.0	3564.0	653.0	2.0
448.46	864.96	5.9	6.7	17.1	2.8	31.0	288.0	4158.0	623.0	2.0
448.47	814.72	6.3	6.9	24.8	3.6	96.0	420.0	6831.0	881.0	2.0
448.47	758.24	6.4	7.0	15.4	2.6	56.0	428.0	4059.0	683.0	2.0
448.47	707.89	6.8	7.0	15.3	3.4	62.0	376.0	4653.0	623.0	2.0
448.48	657.53	7.1	7.0	20.9	3.2	15.0	272.0	6237.0	1197.0	2.0
448.48	607.17	6.7	7.0	13.4	3.2	25.0	268.0	4059.0	495.0	2.0
448.48	556.82	6.9	7.0	16.2	3.4	50.0	344.0	5148.0	623.0	2.0
448.49	506.46	6.2	7.0	12.6	3.0	27.0	324.0	3168.0	534.0	2.0
448.49	456.10	6.5	7.0	16.5	3.4	35.0	320.0	4653.0	683.0	2.0
448.49	405.86	6.4	7.0	15.4	3.5	33.0	284.0	4257.0	603.0	2.0
448.51	1575.85	7.0	7.0	22.2	3.2	32.0	268.0	6930.0	1079.0	2.0
448.51	1525.49	7.2	7.0	17.1	2.6	29.0	376.0	5148.0	900.0	2.0
448.51	1475.14	6.7	7.0	17.8	3.5	29.0	200.0	5247.0	801.0	2.0
448.52	1424.78	6.8	7.0	14.7	3.2	13.0	296.0	4653.0	504.0	2.0
448.52	1374.42	6.7	7.0	16.3	3.0	53.0	296.0	4950.0	623.0	2.0
448.52	1324.18	6.8	7.0	18.5	3.2	35.0	288.0	5643.0	792.0	2.0
448.52	1273.82	6.1	6.8	18.2	3.2	60.0	356.0	4851.0	554.0	2.0
448.53	1223.46	6.1	6.7	17.7	3.5	49.0	280.0	4752.0	544.0	2.0
448.84	304.03	6.1	6.9	17.3	3.0	85.0	448.0	4158.0	772.0	2.0
453.33	354.28	6.6	7.0	21.1	3.2	59.0	340.0	6039.0	930.0	2.0
453.33	253.67	6.2	6.9	20.1	3.4	146.0	724.0	5049.0	811.0	2.0
453.34	203.32	5.9	6.6	17.1	3.4	78.0	440.0	4059.0	633.0	2.0
498.55	1167.10	5.9	6.7	18.5	2.6	25.0	424.0	4356.0	722.0	2.0
498.55	1116.75	5.9	6.7	18.4	3.0	43.0	280.0	4653.0	564.0	2.0
498.55	1066.39	6.4	7.0	24.1	3.5	22.0	244.0	6732.0	980.0	2.0
498.56	1016.03	5.7	6.4	21.1	3.4	103.0	412.0	4950.0	653.0	2.0
498.56	965.68	5.9	6.8	16.1	2.2	56.0	444.0	3861.0	564.0	2.0
498.56	915.32	5.8	6.7	13.9	2.5	37.0	336.0	3168.0	534.0	2.0
498.57	864.96	6.4	7.0	15.9	2.5	25.0	360.0	4356.0	633.0	2.0
498.57	814.72	6.3	7.0	19.4	3.0	47.0	452.0	5049.0	831.0	2.0
498.60	1575.85	6.3	7.0	17.4	2.4	32.0	284.0	4554.0	772.0	2.0
498.61	1525.49	7.1	7.0	18.1	2.8	47.0	304.0	5445.0	990.0	2.0
498.61	1475.14	6.9	7.0	16.4	3.0	27.0	264.0	5247.0	623.0	2.0
498.61	1424.78	7.1	7.0	15.6	3.6	24.0	324.0	5049.0	623.0	2.0
498.62	1374.42	6.5	7.0	15.1	3.2	39.0	276.0	4455.0	504.0	2.0
498.62	1324.18	6.8	7.0	15.6	2.8	47.0	420.0	4752.0	623.0	2.0
498.62	1273.82	6.2	7.0	16.1	3.0	53.0	292.0	4455.0	485.0	2.0
498.63	1223.46	6.6	7.0	17.4	3.0	33.0	212.0	5247.0	623.0	2.0
498.66	758.24	6.8	7.0	15.0	2.0	39.0	304.0	4158.0	871.0	2.0
498.66	707.89	7.0	7.0	14.6	3.2	31.0	292.0	4554.0	693.0	2.0
498.67	657.53	7.2	7.0	20.3	2.8	10.0	280.0	5841.0	1287.0	2.0
498.67	607.17	6.5	7.0	17.7	3.5	41.0	332.0	5148.0	643.0	2.0
498.67	556.82	6.3	6.9	17.0	3.5	80.0	444.0	4554.0	643.0	2.0
498.68	506.46	6.9	7.0	18.5	3.4	43.0	336.0	5742.0	792.0	2.0
498.68	456.10	6.1	6.7	19.3	3.6	22.0	168.0	5049.0	712.0	2.0
498.68	405.86	6.1	6.8	16.8	3.2	31.0	268.0	4356.0	603.0	2.0
503.52	354.28	5.8	6.5	24.1	3.4	87.0	324.0	5643.0	910.0	2.0
503.52	304.03	5.8	6.5	18.8	3.4	146.0	504.0	4158.0	772.0	2.0
503.52	253.67	6.2	6.9	14.3	3.2	70.0	364.0	3663.0	574.0	2.0
503.53	203.32	5.9	6.6	17.1	3.2	56.0	376.0	4059.0	653.0	2.0
548.73	1167.10	6.2	7.0	17.7	2.5	29.0	328.0	4653.0	673.0	2.0
548.74	1116.75	5.6	6.3	21.8	3.2	85.0	288.0	4851.0	762.0	2.0
548.74	1066.39	5.8	6.6	15.4	2.8	59.0	420.0	3564.0	544.0	2.0
548.74	1016.03	6.0	6.7	18.2	3.2	56.0	280.0	4653.0	613.0	2.0
548.75	965.68	6.5	7.0	15.4	2.5	96.0	672.0	4356.0	504.0	2.0
548.75	915.32	6.4	7.0	16.3	2.8	41.0	344.0	4554.0	594.0	2.0
548.75	864.96	6.6	7.0	15.1	2.8	42.0	324.0	4455.0	554.0	2.0
548.76	814.72	6.2	6.9	18.5	3.4	60.0	352.0	4950.0	663.0	2.0
548.76	758.24	6.4	7.0	15.2	3.0	60.0	360.0	4257.0	554.0	2.0
548.77	707.89	6.6	7.0	15.5	3.5	51.0	372.0	4554.0	584.0	2.0
548.77	657.53	6.6	7.0	15.7	2.8	30.0	292.0	4653.0	594.0	2.0
548.77	607.17	6.2	6.8	18.8	3.7	49.0	332.0	4950.0	712.0	2.0
548.78	556.82	6.7	7.0	17.7	3.2	39.0	324.0	5445.0	623.0	2.0
548.78	506.46	6.6	7.0	15.2	3.4	24.0	252.0	4455.0	603.0	2.0
548.78	456.10	5.9	6.6	14.2	3.2	22.0	320.0	3366.0	534.0	2.0
548.79	1575.85	7.0	7.0	17.0	3.4	54.0	316.0	5445.0	712.0	2.0
548.79	405.86	5.9	6.6	13.5	3.4	30.0	392.0	3168.0	514.0	2.0
548.79	1525.49	7.0	7.0	16.5	3.2	42.0	280.0	5247.0	732.0	2.0
548.79	1475.14	6.8	7.0	17.9	3.2	36.0	236.0	5643.0	663.0	2.0
548.80	1424.78	6.6	7.0	14.0	2.8	25.0	308.0	4059.0	554.0	2.0
548.80	1374.42	6.2	7.0	16.1	2.5	23.0	288.0	3861.0	851.0	2.0
548.81	1324.18	7.5	7.0	14.2	2.5	46.0	368.0	4158.0	792.0	2.0
548.81	1273.82	6.5	7.0	16.2	2.7	43.0	288.0	4950.0	445.0	2.0
548.81	1223.46	6.5	7.0	15.3	2.8	23.0	304.0	4455.0	534.0	2.0
553.62	354.28	5.9	6.7	23.2	3.0	93.0	400.0	5445.0	960.0	2.0
553.63	304.03	5.8	6.5	17.4	3.2	107.0	488.0	3960.0	643.0	2.0
553.63	253.67	6.1	6.9	14.2	2.7	66.0	312.0	3465.0	623.0	2.0
553.63	203.32	6.5	7.0	15.9	3.2	72.0	380.0	4356.0	702.0	2.0
598.88	1575.85	7.0	7.0	16.2	3.0	45.0	436.0	5148.0	663.0	2.0
598.89	1525.49	6.4	7.0	19.1	3.4	49.0	252.0	5544.0	633.0	2.0
598.89	1475.14	6.6	7.0	14.9	3.5	51.0	252.0	4554.0	475.0	2.0
598.90	1424.78	6.6	7.0	17.7	3.5	35.0	344.0	5247.0	653.0	2.0
598.90	1374.42	6.3	7.0	18.1	2.8	45.0	360.0	4851.0	722.0	2.0
598.90	1324.18	7.1	7.0	18.8	3.2	46.0	320.0	5742.0	980.0	2.0
598.91	1273.82	6.4	7.0	13.3	2.8	43.0	300.0	3762.0	455.0	2.0
598.91	1223.46	6.2	7.0	13.9	2.6	26.0	324.0	3663.0	504.0	2.0
598.92	1167.10	5.7	6.5	18.5	3.0	30.0	284.0	4257.0	653.0	2.0
598.92	1114.63	6.0	6.6	29.8	3.6	87.0	484.0	7326.0	1168.0	2.0
598.93	1066.39	6.2	7.0	18.6	2.6	64.0	472.0	4851.0	693.0	2.0
598.93	1016.03	5.5	7.0	19.5	3.0	46.0	328.0	4257.0	613.0	2.0
598.93	965.68	6.2	7.0	17.0	2.5	38.0	428.0	4356.0	683.0	2.0
598.94	915.32	6.1	6.9	15.1	2.6	39.0	372.0	3861.0	534.0	2.0
598.94	864.96	6.1	6.9	17.8	2.8	40.0	328.0	4455.0	732.0	2.0
598.95	814.72	6.7	7.0	17.7	2.8	74.0	304.0	5049.0	881.0	2.0
598.95	758.24	6.5	7.0	15.1	3.0	43.0	328.0	4257.0	613.0	2.0
598.95	707.89	6.5	7.0	15.4	3.4	46.0	380.0	4455.0	544.0	2.0
598.96	657.53	6.8	7.0	20.8	3.5	40.0	288.0	6534.0	782.0	2.0
598.96	607.17	6.6	7.0	15.8	2.6	38.0	328.0	4554.0	663.0	2.0
598.97	556.82	6.6	7.0	18.3	3.4	53.0	348.0	5544.0	613.0	2.0
598.97	506.46	5.9	6.5	17.0	3.6	30.0	256.0	4158.0	603.0	2.0
598.97	456.10	6.1	6.8	15.7	3.4	18.0	276.0	3960.0	623.0	2.0
598.98	405.86	6.2	6.9	12.6	3.2	21.0	268.0	3168.0	564.0	2.0
603.81	354.28	6.5	7.0	15.6	2.8	28.0	304.0	4158.0	782.0	2.0
603.82	304.03	6.6	7.0	15.6	2.4	60.0	400.0	4158.0	821.0	2.0
603.82	253.67	6.3	7.0	17.9	3.0	93.0	452.0	4554.0	831.0	2.0
603.83	203.32	6.3	7.0	16.7	2.8	43.0	392.0	4356.0	712.0	2.0
603.83	152.96	6.6	7.0	14.8	2.6	72.0	400.0	4356.0	524.0	2.0
603.83	102.60	6.5	7.0	13.4	2.6	56.0	452.0	3663.0	554.0	2.0
603.84	52.25	5.8	6.5	15.1	3.2	154.0	600.0	3465.0	495.0	2.0
603.84	1.89	6.4	7.0	15.4	3.2	111.0	728.0	3960.0	643.0	2.0
649.02	1167.10	6.3	7.0	23.6	3.0	40.0	352.0	6435.0	900.0	2.0
649.02	1116.75	6.0	6.6	32.4	3.5	51.0	316.0	8118.0	1257.0	2.0
649.03	1066.39	6.1	6.8	23.1	3.4	41.0	264.0	6039.0	851.0	2.0
649.03	1016.03	5.5	6.3	16.7	2.8	47.0	320.0	3564.0	564.0	2.0
649.04	965.68	6.1	7.0	16.7	2.4	45.0	352.0	4356.0	574.0	2.0
649.04	915.32	5.8	6.7	16.0	2.4	46.0	532.0	3663.0	564.0	2.0
649.04	864.96	5.8	6.6	17.2	2.6	33.0	324.0	3960.0	663.0	2.0
649.05	814.72	6.2	6.9	15.7	3.2	96.0	424.0	4059.0	594.0	2.0
649.05	758.24	6.7	7.0	16.7	3.2	60.0	408.0	4752.0	801.0	2.0
649.06	707.89	7.1	7.0	19.1	3.0	18.0	320.0	5841.0	990.0	2.0
649.06	657.53	7.0	7.0	18.2	3.2	35.0	260.0	5742.0	841.0	2.0
649.07	607.17	6.8	7.0	17.0	2.8	31.0	300.0	5049.0	801.0	2.0
649.07	1575.85	6.9	7.0	17.1	3.5	43.0	292.0	5544.0	613.0	2.0
649.07	556.82	6.4	7.0	17.9	3.0	35.0	352.0	5049.0	633.0	2.0
649.07	1525.49	6.5	7.0	17.8	3.5	40.0	196.0	5346.0	584.0	2.0
649.07	506.46	6.8	7.0	17.0	3.4	15.0	256.0	4851.0	930.0	2.0
649.08	1475.14	6.2	6.9	16.2	3.4	49.0	196.0	4455.0	534.0	2.0
649.08	456.10	6.4	7.0	14.4	2.8	11.0	408.0	3663.0	712.0	2.0
649.08	1424.78	6.9	7.0	16.5	3.2	23.0	300.0	5247.0	633.0	2.0
649.08	405.86	6.2	7.0	12.2	3.0	21.0	324.0	2970.0	574.0	2.0
649.08	1374.42	6.1	6.9	17.1	3.0	35.0	304.0	4455.0	603.0	2.0
649.09	1324.18	7.5	7.0	15.1	2.2	31.0	344.0	4554.0	792.0	2.0
649.09	1273.82	6.4	7.0	15.4	3.2	47.0	240.0	4455.0	514.0	2.0
649.10	1223.46	6.2	6.9	13.1	3.2	23.0	224.0	3564.0	435.0	2.0
653.92	354.28	6.6	7.0	15.1	2.5	25.0	284.0	4059.0	821.0	2.0
653.92	304.03	6.4	7.0	13.7	2.7	46.0	308.0	3663.0	603.0	2.0
653.93	253.67	6.1	6.9	14.6	2.8	51.0	376.0	3564.0	613.0	2.0
653.93	203.32	6.6	7.0	13.8	2.5	28.0	360.0	3762.0	683.0	2.0
653.94	152.96	6.5	7.0	14.0	2.6	66.0	456.0	3960.0	504.0	2.0
653.94	102.60	6.5	7.0	12.9	2.5	74.0	544.0	3465.0	534.0	2.0
653.95	52.25	6.4	7.0	18.0	3.4	154.0	640.0	4851.0	693.0	2.0
653.95	1.89	6.2	6.9	15.1	3.4	100.0	404.0	3861.0	594.0	2.0
699.20	1167.10	5.9	6.7	21.8	2.8	38.0	364.0	5148.0	881.0	2.0
699.21	1116.75	5.9	6.5	22.8	3.6	50.0	292.0	5544.0	851.0	2.0
699.21	1066.39	6.4	7.0	17.6	3.0	37.0	320.0	4950.0	653.0	2.0
699.22	1016.03	5.7	6.6	13.7	2.5	40.0	340.0	3069.0	485.0	2.0
699.22	965.68	6.2	7.0	14.6	2.5	64.0	420.0	3762.0	564.0	2.0
699.23	915.32	6.2	7.0	15.3	2.2	50.0	452.0	3861.0	633.0	2.0
699.23	864.96	6.3	7.0	13.5	2.5	26.0	364.0	3564.0	544.0	2.0
699.24	814.72	6.4	7.0	14.8	2.6	68.0	396.0	4059.0	574.0	2.0
699.24	758.24	6.5	7.0	14.6	3.4	47.0	320.0	4158.0	554.0	2.0
699.25	707.89	6.9	7.0	15.9	2.8	60.0	384.0	4851.0	712.0	2.0
699.25	1575.85	6.7	7.0	18.9	3.2	50.0	328.0	5742.0	722.0	2.0
699.25	657.53	6.4	7.0	17.9	3.0	45.0	252.0	5148.0	623.0	2.0
699.25	1525.49	6.4	7.0	16.7	3.2	47.0	288.0	4752.0	594.0	2.0
699.26	607.17	6.7	7.0	16.2	3.0	43.0	292.0	4950.0	603.0	2.0
699.26	1475.14	6.9	7.0	14.5	3.4	31.0	212.0	4752.0	495.0	2.0
699.26	556.82	6.8	7.0	17.8	2.8	32.0	288.0	5544.0	693.0	2.0
699.26	1424.78	6.5	7.0	15.4	3.6	16.0	228.0	4554.0	534.0	2.0
699.26	506.46	6.2	6.9	15.6	3.2	28.0	236.0	4158.0	574.0	2.0
699.27	1374.42	6.0	6.8	16.4	3.0	37.0	292.0	4059.0	623.0	2.0
699.27	456.10	6.1	7.0	14.0	2.4	18.0	256.0	3366.0	653.0	2.0
699.27	1324.18	6.5	7.0	13.0	2.8	35.0	376.0	3663.0	495.0	2.0
699.27	405.86	7.1	7.0	15.3	2.6	25.0	304.0	4257.0	1019.0	2.0
699.28	1273.82	6.4	7.0	18.3	3.2	66.0	228.0	5346.0	584.0	2.0
699.28	1223.46	6.4	7.0	20.7	3.2	39.0	292.0	5742.0	841.0	2.0
704.11	354.28	6.0	6.8	15.9	2.7	42.0	356.0	3762.0	693.0	2.0
704.12	304.03	6.0	6.8	15.5	3.0	64.0	412.0	3663.0	653.0	2.0
704.12	253.67	7.0	7.0	15.8	3.4	56.0	320.0	4752.0	851.0	2.0
704.13	203.32	6.7	7.0	15.0	2.8	38.0	404.0	4158.0	762.0	2.0
704.13	152.96	6.3	7.0	13.6	2.8	54.0	428.0	3663.0	475.0	2.0
704.13	102.60	6.6	7.0	14.0	2.7	78.0	448.0	3960.0	584.0	2.0
704.14	52.25	5.9	6.5	20.0	3.6	138.0	368.0	4752.0	772.0	2.0
704.14	1.89	6.6	7.0	21.2	3.5	107.0	508.0	6237.0	792.0	2.0
749.30	1167.10	6.1	6.9	18.4	2.6	23.0	348.0	4455.0	841.0	2.0
749.31	1116.75	6.2	7.0	14.5	2.8	25.0	352.0	3762.0	564.0	2.0
749.31	1066.39	6.4	7.0	16.0	3.0	38.0	396.0	4455.0	584.0	2.0
749.32	1016.03	6.3	7.0	15.3	2.6	51.0	728.0	3960.0	564.0	2.0
749.32	965.68	6.2	7.0	15.4	2.8	39.0	416.0	4059.0	544.0	2.0
749.33	915.32	6.2	7.0	16.6	2.6	41.0	332.0	4455.0	564.0	2.0
749.33	864.96	6.5	7.0	14.5	2.8	34.0	336.0	4158.0	544.0	2.0
749.34	814.72	6.9	7.0	14.0	2.0	80.0	380.0	4158.0	673.0	2.0
749.34	758.24	6.6	7.0	14.9	3.4	62.0	372.0	4257.0	613.0	2.0
749.35	1575.85	6.7	7.0	16.9	3.0	47.0	400.0	4950.0	712.0	2.0
749.35	707.89	7.0	7.0	15.0	3.0	38.0	400.0	4752.0	633.0	2.0
749.35	1525.49	6.6	7.0	19.4	3.6	62.0	316.0	5841.0	673.0	2.0
749.35	657.53	6.6	7.0	15.4	3.0	43.0	308.0	4455.0	643.0	2.0
749.36	1475.14	6.5	7.0	15.3	3.2	27.0	216.0	4455.0	564.0	2.0
749.36	607.17	6.5	7.0	16.1	3.2	43.0	332.0	4653.0	584.0	2.0
749.36	1424.78	6.8	7.0	16.9	3.4	13.0	208.0	5247.0	673.0	2.0
749.36	556.82	6.8	7.0	16.8	3.2	37.0	328.0	5346.0	564.0	2.0
749.37	1374.42	6.3	7.0	17.1	2.6	36.0	300.0	4356.0	831.0	2.0
749.37	506.46	6.6	7.0	15.1	3.0	24.0	256.0	4356.0	653.0	2.0
749.37	1324.18	6.5	7.0	20.5	3.0	23.0	348.0	5544.0	999.0	2.0
749.37	456.10	6.4	7.0	13.7	2.8	31.0	376.0	3564.0	643.0	2.0
749.38	1273.82	6.6	7.0	25.2	3.5	80.0	348.0	7425.0	999.0	2.0
749.38	405.86	6.4	7.0	15.6	2.8	25.0	272.0	4059.0	782.0	2.0
749.38	1223.46	6.5	7.0	14.4	2.8	19.0	272.0	4059.0	584.0	2.0
754.22	354.28	6.4	7.0	18.2	3.0	56.0	416.0	4653.0	920.0	2.0
754.22	304.03	6.2	6.9	17.6	3.2	72.0	400.0	4356.0	811.0	2.0
754.23	253.67	5.9	6.7	17.3	3.0	70.0	356.0	4158.0	633.0	2.0
754.23	203.32	6.3	7.0	16.5	3.0	56.0	324.0	4455.0	643.0	2.0
754.24	152.96	6.8	7.0	13.7	3.0	90.0	428.0	4158.0	534.0	2.0
754.24	102.60	6.1	6.8	19.1	3.2	126.0	528.0	4950.0	623.0	2.0
754.25	52.25	6.2	6.9	21.8	3.2	146.0	592.0	5841.0	712.0	2.0
754.25	1.89	6.6	7.0	20.7	3.5	132.0	792.0	5841.0	831.0	2.0
796.56	1573.41	6.3	7.0	15.3	3.4	24.0	308.0	3960.0	693.0	2.0
796.57	1523.05	6.4	7.0	15.6	3.2	33.0	264.0	4455.0	544.0	2.0
796.57	1472.69	6.2	6.8	11.9	3.5	23.0	184.0	3168.0	445.0	2.0
796.58	1422.45	6.5	7.0	17.9	3.4	22.0	340.0	4950.0	782.0	2.0
796.58	1372.09	6.1	6.9	18.6	3.0	39.0	336.0	4653.0	762.0	2.0
796.59	1321.73	6.4	7.0	16.9	3.6	33.0	336.0	4653.0	673.0	2.0
796.60	1271.37	6.3	6.9	20.1	3.6	62.0	348.0	5544.0	722.0	2.0
796.60	1221.02	6.4	7.0	16.7	3.8	27.0	220.0	4752.0	603.0	2.0
796.61	1168.99	6.2	6.9	18.7	3.4	38.0	404.0	4950.0	673.0	2.0
796.61	1118.64	6.0	6.7	17.3	3.2	38.0	312.0	4257.0	663.0	2.0
796.62	1068.28	6.4	7.0	15.3	3.0	28.0	384.0	4158.0	623.0	2.0
796.62	1018.03	6.8	7.0	15.7	2.6	36.0	360.0	4455.0	831.0	2.0
796.63	967.68	6.5	7.0	15.0	3.0	76.0	396.0	4158.0	623.0	2.0
796.63	917.32	6.5	7.0	16.8	3.2	25.0	312.0	4851.0	613.0	2.0
796.64	866.96	6.3	7.0	15.4	3.0	34.0	304.0	4059.0	653.0	2.0
796.64	816.61	6.2	7.0	16.3	3.0	40.0	344.0	4257.0	633.0	2.0
796.65	757.47	6.6	7.0	14.7	3.2	42.0	288.0	4356.0	544.0	2.0
796.66	707.22	7.0	7.0	20.7	3.2	16.0	268.0	6336.0	1089.0	2.0
796.66	656.86	6.2	7.0	14.9	2.8	33.0	264.0	4158.0	435.0	2.0
796.67	606.51	6.5	7.0	15.3	3.2	39.0	268.0	4653.0	435.0	2.0
796.67	556.15	6.1	6.8	16.4	3.4	18.0	236.0	4356.0	534.0	2.0
796.68	505.79	6.6	7.0	19.2	3.5	23.0	288.0	5742.0	712.0	2.0
796.68	455.44	7.5	7.0	20.2	2.8	31.0	312.0	6237.0	1009.0	2.0
796.69	405.08	6.3	7.0	15.7	3.2	32.0	312.0	4356.0	524.0	2.0
796.69	352.39	6.4	7.0	16.8	3.4	26.0	292.0	4851.0	554.0	2.0
796.70	302.03	6.2	6.8	24.4	3.6	39.0	284.0	6633.0	851.0	2.0
796.70	251.67	6.1	6.8	26.3	3.4	23.0	344.0	6732.0	1029.0	2.0
796.71	201.43	6.3	6.9	22.5	3.6	26.0	304.0	6237.0	811.0	2.0
796.71	151.07	7.1	7.0	19.0	3.5	46.0	328.0	6336.0	653.0	2.0
796.72	100.71	6.1	6.7	22.8	3.5	90.0	568.0	6138.0	633.0	2.0
796.72	50.36	6.6	7.0	20.6	3.4	111.0	444.0	6435.0	544.0	2.0
796.73	0.00	6.8	7.0	17.3	3.4	103.0	464.0	5247.0	702.0	2.0
846.75	1573.41	6.1	6.6	17.5	3.8	16.0	316.0	4554.0	623.0	2.0
846.75	1523.05	6.3	7.0	18.1	3.2	28.0	276.0	5049.0	623.0	2.0
846.76	1472.69	6.5	7.0	16.3	3.6	23.0	216.0	4653.0	673.0	2.0
846.76	1422.45	6.4	7.0	16.9	3.0	21.0	340.0	4653.0	683.0	2.0
846.77	1372.09	6.0	6.7	18.7	3.2	42.0	352.0	4653.0	683.0	2.0
846.77	1321.73	6.5	7.0	17.1	3.4	23.0	352.0	4851.0	683.0	2.0
846.78	1271.37	6.8	7.0	15.8	2.5	34.0	380.0	4554.0	792.0	2.0
846.79	1221.02	7.0	7.0	15.1	3.5	31.0	204.0	4950.0	584.0	2.0
846.79	1168.99	6.5	7.0	15.2	3.2	22.0	308.0	4257.0	633.0	2.0
846.80	1118.64	6.5	7.0	16.5	3.5	37.0	228.0	4752.0	643.0	2.0
846.80	352.39	6.9	7.0	17.4	3.4	35.0	332.0	5742.0	544.0	2.0
846.80	1068.28	6.3	7.0	15.0	3.4	40.0	356.0	4059.0	544.0	2.0
846.80	302.03	6.9	7.0	18.8	3.5	50.0	376.0	6039.0	693.0	2.0
846.81	1018.03	6.1	6.9	15.5	2.8	29.0	368.0	3861.0	613.0	2.0
846.81	251.67	6.5	7.0	17.9	3.0	36.0	324.0	5049.0	732.0	2.0
846.81	967.68	6.2	6.9	16.5	3.2	37.0	332.0	4257.0	673.0	2.0
846.82	201.43	6.3	7.0	15.3	2.8	21.0	248.0	4158.0	584.0	2.0
846.82	917.32	6.1	6.9	19.6	3.0	9.0	272.0	5049.0	752.0	2.0
846.82	151.07	6.3	7.0	20.0	3.2	53.0	292.0	5742.0	584.0	2.0
846.83	866.96	6.3	7.0	17.5	2.8	27.0	352.0	4554.0	762.0	2.0
846.83	100.71	6.1	6.7	19.4	3.5	120.0	516.0	5148.0	574.0	2.0
846.83	816.61	6.0	7.0	16.6	3.4	37.0	268.0	4158.0	613.0	2.0
846.83	50.36	6.8	7.0	17.8	3.4	85.0	520.0	5445.0	683.0	2.0
846.84	757.47	6.5	7.0	16.8	3.4	56.0	300.0	4950.0	574.0	2.0
846.84	0.00	7.3	7.0	18.2	3.2	93.0	360.0	5742.0	811.0	2.0
846.84	707.22	6.6	7.0	17.4	3.0	20.0	244.0	5247.0	623.0	2.0
846.85	656.86	6.6	7.0	14.8	2.8	22.0	224.0	4455.0	534.0	2.0
846.85	606.51	6.9	7.0	14.8	3.2	24.0	280.0	4851.0	475.0	2.0
846.86	556.15	6.4	7.0	17.8	2.8	18.0	300.0	4950.0	702.0	2.0
846.87	505.79	6.7	7.0	14.6	3.0	11.0	220.0	4356.0	623.0	2.0
846.87	455.44	6.1	6.8	16.9	3.2	19.0	240.0	4554.0	524.0	2.0
846.88	405.08	6.4	7.0	18.3	3.5	56.0	284.0	5346.0	574.0	2.0
896.89	1168.99	6.3	7.0	16.0	3.2	40.0	368.0	4257.0	633.0	2.0
896.90	1118.64	6.4	7.0	11.0	3.0	42.0	212.0	2970.0	475.0	2.0
896.90	1068.28	6.3	7.0	16.2	3.0	27.0	276.0	4257.0	702.0	2.0
896.91	1018.03	6.3	7.0	14.7	2.6	18.0	324.0	3663.0	732.0	2.0
896.92	967.68	5.9	6.6	16.5	3.3	30.0	400.0	3861.0	653.0	2.0
896.92	917.32	5.9	6.7	17.4	3.0	24.0	452.0	3960.0	742.0	2.0
896.93	866.96	6.3	7.0	19.9	3.2	24.0	424.0	5148.0	891.0	2.0
896.93	1573.41	6.2	6.8	19.0	3.6	25.0	360.0	5148.0	633.0	2.0
896.93	816.61	5.8	6.5	17.8	3.2	21.0	272.0	4158.0	673.0	2.0
896.93	1523.05	6.5	7.0	16.5	3.5	47.0	384.0	4653.0	663.0	2.0
896.94	1472.69	6.1	6.7	15.5	3.6	25.0	252.0	3960.0	594.0	2.0
896.94	757.47	6.5	7.0	13.5	3.0	60.0	388.0	3762.0	534.0	2.0
896.95	1422.45	6.1	6.7	17.0	3.5	25.0	256.0	4455.0	584.0	2.0
896.95	707.22	6.6	7.0	13.7	3.2	23.0	280.0	4059.0	504.0	2.0
896.95	1372.09	6.1	6.8	17.5	3.2	43.0	408.0	4554.0	594.0	2.0
896.95	656.86	6.7	7.0	20.2	3.5	34.0	232.0	6336.0	693.0	2.0
896.96	1321.73	6.2	6.7	17.9	3.8	29.0	324.0	4752.0	663.0	2.0
896.96	606.51	6.6	7.0	15.4	3.0	21.0	304.0	4752.0	455.0	2.0
896.96	1271.37	6.8	7.0	13.5	2.8	47.0	376.0	4059.0	554.0	2.0
896.97	556.15	6.3	7.0	17.0	3.2	36.0	276.0	4851.0	504.0	2.0
896.97	1221.02	6.4	7.0	12.3	3.5	17.0	188.0	3366.0	514.0	2.0
896.97	505.79	6.7	7.0	19.0	3.2	19.0	276.0	6039.0	574.0	2.0
896.98	455.44	6.5	7.0	17.0	3.2	29.0	288.0	5049.0	544.0	2.0
896.98	405.08	6.3	7.0	17.8	3.2	31.0	296.0	5049.0	554.0	2.0
896.99	352.39	7.0	7.0	13.3	3.2	30.0	256.0	4455.0	435.0	2.0
897.00	302.03	6.7	7.0	14.6	2.8	29.0	292.0	4554.0	485.0	2.0
897.00	251.67	6.6	7.0	14.6	3.2	34.0	280.0	4455.0	475.0	2.0
897.01	201.43	6.0	6.8	19.7	3.0	68.0	348.0	5247.0	534.0	2.0
897.01	151.07	6.5	7.0	18.2	3.4	66.0	332.0	5346.0	613.0	2.0
897.02	100.71	6.2	6.8	19.1	3.6	103.0	420.0	5049.0	693.0	2.0
897.03	50.36	6.2	7.0	12.7	2.8	39.0	248.0	3366.0	465.0	2.0
897.03	0.00	6.1	6.9	13.9	3.0	87.0	444.0	3564.0	455.0	2.0
947.03	1573.41	6.0	6.6	14.9	3.5	29.0	260.0	3762.0	514.0	2.0
947.03	1523.05	6.7	7.0	16.1	3.4	40.0	332.0	4752.0	673.0	2.0
947.04	1472.69	6.5	7.0	14.6	3.4	23.0	228.0	4158.0	584.0	2.0
947.05	1422.45	6.4	7.0	15.1	3.5	34.0	208.0	4356.0	504.0	2.0
947.05	1372.09	5.8	6.6	14.1	2.8	32.0	292.0	3366.0	465.0	2.0
947.06	1321.73	6.7	7.0	18.2	4.0	34.0	292.0	5544.0	693.0	2.0
947.06	1271.37	6.6	7.0	18.0	3.8	45.0	364.0	5148.0	782.0	2.0
947.07	1221.02	6.7	7.0	12.8	3.4	28.0	192.0	3663.0	623.0	2.0
947.08	1168.99	6.5	7.0	16.2	3.4	37.0	292.0	4554.0	673.0	2.0
947.08	1118.64	5.8	6.4	17.4	3.6	38.0	352.0	4059.0	633.0	2.0
947.09	1068.28	6.1	6.7	16.3	3.5	26.0	284.0	4158.0	633.0	2.0
947.10	352.39	6.4	7.0	15.1	3.3	37.0	236.0	4455.0	445.0	2.0
947.10	1018.03	6.5	7.0	17.6	2.7	16.0	320.0	4653.0	910.0	2.0
947.10	302.03	6.7	7.0	15.8	3.2	51.0	260.0	5148.0	396.0	2.0
947.10	967.68	5.8	6.5	18.3	3.4	41.0	360.0	4356.0	613.0	2.0
947.11	251.67	6.8	7.0	20.8	3.5	87.0	388.0	6435.0	821.0	2.0
947.11	917.32	5.9	6.6	18.3	3.2	17.0	332.0	4455.0	643.0	2.0
947.12	866.96	6.2	6.9	20.2	3.4	29.0	364.0	5247.0	821.0	2.0
947.12	151.07	6.0	6.7	21.1	3.4	74.0	436.0	5346.0	702.0	2.0
947.12	816.61	6.5	7.0	23.3	3.4	14.0	300.0	6237.0	1188.0	2.0
947.13	100.71	5.9	6.7	13.9	3.0	32.0	256.0	3267.0	574.0	2.0
947.13	757.47	6.4	7.0	18.2	3.5	87.0	404.0	5247.0	574.0	2.0
947.13	50.36	6.0	6.7	16.4	3.2	57.0	288.0	4059.0	623.0	2.0
947.14	707.22	6.2	6.9	15.2	3.3	21.0	252.0	4059.0	544.0	2.0
947.14	0.00	7.5	7.0	17.0	3.2	74.0	256.0	5148.0	910.0	2.0
947.14	656.86	6.7	7.0	21.2	3.5	70.0	364.0	6534.0	752.0	2.0
947.15	606.51	6.4	7.0	19.6	3.4	96.0	420.0	5742.0	574.0	2.0
947.15	556.15	6.0	6.6	23.5	3.5	60.0	320.0	6237.0	663.0	2.0
947.16	505.79	6.5	7.0	21.8	3.5	45.0	280.0	6534.0	702.0	2.0
947.17	455.44	6.4	7.0	21.8	3.6	87.0	324.0	6237.0	752.0	2.0
947.17	405.08	6.5	7.0	22.2	3.6	46.0	372.0	6534.0	752.0	2.0
954.74	201.43	5.9	6.6	22.5	3.2	85.0	344.0	5445.0	841.0	2.0
997.18	1168.99	6.5	7.0	22.3	3.6	32.0	336.0	6237.0	980.0	2.0
997.18	1118.64	6.0	6.7	18.6	3.4	31.0	344.0	4752.0	613.0	2.0
997.19	1068.28	6.1	6.8	17.5	3.4	33.0	300.0	4455.0	683.0	2.0
997.20	1018.03	6.1	6.8	17.2	3.2	34.0	300.0	4554.0	554.0	2.0
997.20	967.68	6.2	6.8	15.9	3.5	54.0	412.0	4257.0	534.0	2.0
997.21	1573.41	6.2	6.8	15.0	3.5	33.0	284.0	4059.0	495.0	2.0
997.21	917.32	6.2	7.0	16.3	2.8	50.0	552.0	4059.0	683.0	2.0
997.22	1523.05	6.4	7.0	15.2	3.0	57.0	276.0	4257.0	564.0	2.0
997.22	866.96	6.1	7.0	17.0	3.0	60.0	460.0	4257.0	653.0	2.0
997.22	1472.69	6.2	7.0	13.4	2.8	36.0	252.0	3564.0	485.0	2.0
997.22	816.61	6.3	7.0	19.6	3.6	82.0	532.0	5148.0	801.0	2.0
997.23	1422.45	6.6	7.0	16.8	3.2	59.0	280.0	5049.0	584.0	2.0
997.23	757.47	6.7	7.0	22.8	3.8	120.0	452.0	6831.0	900.0	2.0
997.24	1372.09	5.9	6.7	14.4	2.8	28.0	328.0	3465.0	514.0	2.0
997.24	707.22	6.8	7.0	18.9	3.5	90.0	516.0	5742.0	762.0	2.0
997.24	1321.73	6.2	6.8	18.8	3.7	29.0	376.0	5049.0	643.0	2.0
997.25	656.86	6.5	7.0	15.6	3.2	90.0	544.0	4158.0	702.0	2.0
997.25	1271.37	6.3	6.9	16.4	3.6	34.0	364.0	4554.0	534.0	2.0
997.26	1221.02	5.7	6.3	19.3	3.6	34.0	244.0	4653.0	554.0	2.0
997.26	556.15	6.7	7.0	20.4	3.4	54.0	264.0	6237.0	782.0	2.0
997.27	505.79	6.2	6.8	19.5	3.5	40.0	264.0	5346.0	633.0	2.0
997.27	455.44	6.5	7.0	21.9	3.4	90.0	388.0	6237.0	861.0	2.0
997.28	405.08	6.7	7.0	21.1	3.4	68.0	336.0	6336.0	861.0	2.0
997.29	352.39	6.6	7.0	19.5	3.5	103.0	552.0	5544.0	821.0	2.0
997.29	302.03	6.7	7.0	18.3	3.2	111.0	572.0	5445.0	693.0	2.0
997.30	251.67	6.9	7.0	18.9	3.4	126.0	544.0	5742.0	831.0	2.0
997.31	201.43	6.8	7.0	15.1	2.8	96.0	532.0	4455.0	633.0	2.0
997.31	151.07	7.5	7.0	17.3	2.8	47.0	368.0	5049.0	1019.0	2.0
997.32	100.71	7.3	7.0	19.4	3.4	60.0	392.0	6039.0	910.0	2.0
997.33	50.36	7.7	7.0	20.0	2.8	59.0	348.0	6534.0	772.0	2.0
997.33	0.00	7.4	7.0	16.2	3.0	72.0	284.0	4851.0	881.0	2.0
1003.36	606.51	6.8	7.0	22.8	3.6	85.0	276.0	6831.0	1079.0	2.0
1047.31	1573.41	6.0	6.8	13.4	3.0	32.0	308.0	3366.0	465.0	2.0
1047.31	1523.05	6.2	6.8	15.3	3.6	39.0	264.0	4158.0	504.0	2.0
1047.32	1472.69	6.6	7.0	16.5	3.6	41.0	228.0	4851.0	673.0	2.0
1047.33	1422.45	6.5	7.0	17.7	3.6	24.0	244.0	5346.0	544.0	2.0
1047.33	1372.09	6.1	6.9	18.9	3.0	28.0	304.0	5049.0	594.0	2.0
1047.34	1321.73	6.2	7.0	13.4	2.6	15.0	304.0	3564.0	465.0	2.0
1047.35	1271.37	6.5	7.0	14.1	3.2	30.0	360.0	4059.0	495.0	2.0
1047.36	1221.02	6.5	7.0	15.5	3.4	24.0	332.0	4455.0	574.0	2.0
1047.36	1168.99	6.0	6.8	18.3	3.0	38.0	496.0	4554.0	623.0	2.0
1047.37	1118.64	5.8	6.5	20.5	3.2	29.0	344.0	4950.0	673.0	2.0
1047.38	1068.28	6.1	6.9	16.2	3.0	16.0	376.0	4257.0	524.0	2.0
1047.38	1018.03	5.9	6.7	17.7	3.0	27.0	268.0	4455.0	554.0	2.0
1047.39	967.68	6.1	6.8	16.8	3.2	32.0	428.0	4356.0	564.0	2.0
1047.39	352.39	7.5	7.0	23.0	3.6	66.0	324.0	7128.0	1138.0	2.0
1047.40	917.32	6.4	7.0	13.9	2.4	28.0	376.0	3663.0	633.0	2.0
1047.40	302.03	6.3	7.0	21.1	3.4	59.0	460.0	5742.0	762.0	2.0
1047.41	866.96	6.4	7.0	16.8	3.2	40.0	476.0	4455.0	722.0	2.0
1047.41	251.67	7.0	7.0	16.0	3.0	100.0	840.0	5049.0	544.0	2.0
1047.41	816.61	6.3	7.0	17.3	3.2	26.0	344.0	4653.0	663.0	2.0
1047.41	201.43	6.4	7.0	15.3	2.5	39.0	468.0	4356.0	475.0	2.0
1047.42	151.07	6.6	7.0	18.0	3.0	45.0	552.0	5445.0	544.0	2.0
1047.43	100.71	6.6	7.0	16.3	2.8	43.0	432.0	4752.0	623.0	2.0
1047.43	707.22	6.6	7.0	21.0	3.4	33.0	292.0	6435.0	693.0	2.0
1047.43	50.36	6.4	7.0	17.1	3.0	28.0	396.0	4851.0	584.0	2.0
1047.43	656.86	6.6	7.0	14.4	3.2	87.0	472.0	3960.0	663.0	2.0
1047.44	0.00	6.6	7.0	17.9	3.0	78.0	344.0	5445.0	574.0	2.0
1047.44	606.51	6.7	7.0	18.8	3.2	39.0	364.0	5742.0	673.0	2.0
1047.45	556.15	7.7	7.0	20.3	2.4	42.0	372.0	6534.0	831.0	2.0
1047.46	505.79	7.3	7.0	16.1	3.2	43.0	372.0	4950.0	782.0	2.0
1047.46	455.44	7.6	7.0	20.3	3.2	40.0	392.0	6138.0	1059.0	2.0
1047.47	405.08	6.8	7.0	24.4	3.5	43.0	420.0	7227.0	1148.0	2.0
1064.12	757.47	7.3	7.0	23.9	3.4	192.0	448.0	7326.0	1197.0	2.0
1097.46	1168.99	5.9	6.6	16.5	3.4	29.0	360.0	3960.0	594.0	2.0
1097.47	1118.64	6.2	6.8	20.2	3.5	19.0	328.0	5445.0	712.0	2.0
1097.48	1068.28	5.9	6.7	16.0	3.0	17.0	268.0	4059.0	485.0	2.0
1097.49	1018.03	6.1	6.8	20.2	3.4	36.0	312.0	5445.0	613.0	2.0
1097.49	1573.41	6.0	6.6	18.3	3.6	68.0	312.0	4950.0	445.0	2.0
1097.49	967.68	6.2	6.9	20.6	3.4	46.0	408.0	5544.0	702.0	2.0
1097.50	1523.05	6.8	7.0	17.6	3.4	53.0	316.0	5544.0	633.0	2.0
1097.50	917.32	5.5	6.1	23.6	3.5	59.0	328.0	5445.0	594.0	2.0
1097.50	1472.69	6.6	7.0	20.3	3.5	27.0	288.0	6039.0	772.0	2.0
1097.51	866.96	6.6	7.0	24.7	3.6	29.0	288.0	6930.0	1217.0	2.0
1097.51	1422.45	6.7	7.0	16.8	3.6	40.0	268.0	5247.0	564.0	2.0
1097.51	816.61	7.4	7.0	20.8	3.5	47.0	348.0	6138.0	1197.0	2.0
1097.52	1372.09	6.2	6.9	23.4	3.4	46.0	396.0	6435.0	732.0	2.0
1097.52	757.47	6.8	7.0	21.3	3.6	164.0	556.0	6534.0	821.0	2.0
1097.53	1321.73	6.2	7.0	13.8	2.8	21.0	284.0	3762.0	435.0	2.0
1097.53	707.22	7.3	7.0	20.2	3.4	35.0	304.0	6237.0	1019.0	2.0
1097.53	1271.37	6.4	7.0	13.8	3.4	45.0	216.0	3861.0	524.0	2.0
1097.54	656.86	7.2	7.0	15.6	3.4	22.0	244.0	5148.0	584.0	2.0
1097.54	1221.02	6.1	6.8	14.7	3.2	25.0	260.0	3861.0	504.0	2.0
1097.55	606.51	7.0	7.0	18.2	2.6	41.0	324.0	5940.0	712.0	2.0
1097.55	556.15	6.4	7.0	16.4	2.6	25.0	308.0	4653.0	584.0	2.0
1097.56	505.79	6.6	7.0	18.6	3.4	60.0	284.0	5643.0	643.0	2.0
1097.57	455.44	6.7	7.0	18.4	3.2	38.0	272.0	5742.0	623.0	2.0
1097.58	405.08	6.9	7.0	15.3	2.6	35.0	324.0	4851.0	594.0	2.0
1097.58	352.39	6.6	7.0	20.3	3.4	60.0	376.0	6237.0	623.0	2.0
1097.59	302.03	6.7	7.0	19.5	3.2	38.0	336.0	6039.0	683.0	2.0
1097.60	251.67	6.4	7.0	15.7	2.8	36.0	320.0	4554.0	495.0	2.0
1097.60	201.43	6.2	7.0	14.7	2.8	27.0	336.0	4059.0	425.0	2.0
1097.61	151.07	6.4	7.0	17.0	2.8	26.0	380.0	4851.0	574.0	2.0
1097.62	100.71	6.9	7.0	16.3	3.4	41.0	292.0	5247.0	594.0	2.0
1097.63	50.36	6.1	6.7	18.6	3.6	41.0	276.0	5148.0	485.0	2.0
1097.63	0.00	6.2	6.8	19.6	3.5	76.0	324.0	5445.0	584.0	2.0
1140.02	1168.99	6.2	6.9	19.7	3.2	19.0	324.0	5049.0	841.0	2.0
1146.17	866.96	6.3	7.0	31.0	3.8	57.0	368.0	8217.0	1356.0	2.0
1147.66	1118.64	6.7	7.0	18.5	3.2	34.0	396.0	5247.0	900.0	2.0
1147.66	1068.28	6.2	6.8	18.6	3.5	27.0	368.0	4851.0	732.0	2.0
1147.67	1573.41	6.5	7.0	15.7	3.2	49.0	256.0	4554.0	584.0	2.0
1147.67	1018.03	6.8	7.0	21.5	3.2	49.0	328.0	6435.0	999.0	2.0
1147.68	1523.05	6.6	7.0	16.4	3.4	53.0	264.0	4851.0	623.0	2.0
1147.68	967.68	7.5	7.0	22.8	3.2	49.0	360.0	6831.0	1267.0	2.0
1147.69	1472.69	6.1	6.8	15.8	3.2	23.0	232.0	4158.0	544.0	2.0
1147.69	917.32	7.2	7.0	23.5	3.5	46.0	340.0	7227.0	1188.0	2.0
1147.69	352.39	6.1	6.8	20.5	3.2	68.0	320.0	5445.0	673.0	2.0
1147.69	1422.45	6.4	7.0	15.9	3.4	35.0	392.0	4554.0	514.0	2.0
1147.70	302.03	7.0	7.0	20.3	3.5	54.0	372.0	6732.0	722.0	2.0
1147.70	1372.09	6.2	7.0	20.4	3.0	32.0	388.0	5346.0	782.0	2.0
1147.70	814.49	7.2	7.0	26.8	3.5	62.0	328.0	8514.0	1227.0	2.0
1147.70	251.67	6.5	7.0	16.5	2.4	20.0	256.0	4752.0	643.0	2.0
1147.71	1321.73	5.9	6.6	21.5	3.2	56.0	520.0	5346.0	663.0	2.0
1147.71	757.47	6.6	7.0	15.2	3.2	115.0	424.0	4455.0	544.0	2.0
1147.71	201.43	6.3	7.0	15.4	2.6	16.0	256.0	4356.0	485.0	2.0
1147.72	1271.37	5.9	6.5	14.0	3.5	54.0	236.0	3564.0	415.0	2.0
1147.72	707.22	6.6	7.0	14.1	3.2	28.0	216.0	4059.0	603.0	2.0
1147.72	151.07	6.4	7.0	16.3	3.2	41.0	320.0	4653.0	544.0	2.0
1147.73	1221.02	6.1	6.7	14.2	3.5	27.0	268.0	3663.0	514.0	2.0
1147.73	656.86	7.4	7.0	19.0	3.0	51.0	320.0	5841.0	960.0	2.0
1147.73	100.71	6.6	7.0	16.5	3.0	23.0	260.0	4851.0	643.0	2.0
1147.73	606.51	7.1	7.0	17.1	2.8	70.0	320.0	5544.0	683.0	2.0
1147.73	50.36	6.4	7.0	21.1	3.4	66.0	312.0	6336.0	554.0	2.0
1147.74	556.15	6.6	7.0	16.6	3.0	36.0	364.0	5049.0	524.0	2.0
1147.74	0.00	6.7	7.0	20.8	3.2	100.0	308.0	6633.0	613.0	2.0
1147.75	505.79	6.6	7.0	17.2	3.4	51.0	272.0	5247.0	574.0	2.0
1147.76	451.21	6.3	7.0	20.9	3.4	54.0	308.0	5544.0	891.0	2.0
1147.77	405.08	6.3	7.0	15.4	2.8	36.0	308.0	4257.0	534.0	2.0
1189.97	1575.96	7.3	7.0	17.4	3.4	80.0	508.0	5049.0	999.0	2.0
1189.98	1525.72	6.7	7.0	20.6	3.6	70.0	412.0	5940.0	950.0	2.0
1189.99	1475.36	7.1	7.0	18.8	3.4	80.0	416.0	5445.0	1108.0	2.0
1189.99	1425.00	7.5	7.0	19.3	3.5	76.0	392.0	5544.0	1178.0	2.0
1190.00	1374.65	7.6	7.0	21.0	3.2	68.0	396.0	6138.0	1227.0	2.0
1190.01	1324.29	7.5	7.0	27.2	3.4	68.0	416.0	8118.0	1524.0	2.0
1190.02	1273.93	7.6	7.0	20.8	3.0	80.0	396.0	6039.0	1237.0	2.0
1190.03	1223.57	7.0	7.0	19.3	3.0	62.0	360.0	5445.0	1247.0	2.0
1194.87	1169.55	6.0	6.8	13.9	3.0	76.0	496.0	3366.0	495.0	2.0
1194.87	1119.19	5.7	6.5	13.9	2.6	66.0	300.0	3168.0	485.0	2.0
1194.88	1068.84	5.9	6.7	15.8	2.8	66.0	340.0	3663.0	663.0	2.0
1194.89	1018.59	5.7	6.4	16.8	3.2	138.0	472.0	3861.0	514.0	2.0
1194.95	654.20	5.8	6.6	18.2	2.8	40.0	272.0	4356.0	623.0	2.0
1194.96	603.95	6.0	6.8	14.1	2.8	57.0	316.0	3465.0	524.0	2.0
1194.96	553.59	6.2	7.0	16.3	2.8	70.0	320.0	4257.0	633.0	2.0
1194.97	503.24	6.3	7.0	19.2	3.2	17.0	220.0	5049.0	871.0	2.0
1194.98	452.88	6.1	6.9	17.1	3.0	31.0	256.0	4257.0	732.0	2.0
1194.99	402.52	6.2	6.9	15.7	3.4	32.0	224.0	4158.0	603.0	2.0
1195.00	353.72	6.4	7.0	18.5	3.5	26.0	336.0	4851.0	900.0	2.0
1195.00	303.36	5.8	6.6	17.1	2.8	27.0	316.0	3861.0	702.0	2.0
1195.01	253.01	6.1	6.8	15.7	3.2	34.0	272.0	3960.0	623.0	2.0
1195.02	202.65	6.3	6.9	13.9	3.5	23.0	300.0	3762.0	524.0	2.0
1195.03	152.29	6.6	7.0	15.8	3.6	25.0	280.0	4554.0	673.0	2.0
1195.04	102.05	6.4	7.0	17.8	3.6	39.0	352.0	4950.0	673.0	2.0
1195.04	51.69	6.0	6.7	20.1	3.2	50.0	356.0	5049.0	722.0	2.0
1195.05	1.33	6.2	6.9	20.9	3.4	17.0	232.0	5544.0	811.0	2.0
1240.15	1575.96	7.7	7.0	18.8	3.0	41.0	332.0	5841.0	910.0	2.0
1240.16	1525.72	7.6	7.0	20.6	3.2	60.0	380.0	5940.0	1257.0	2.0
1240.17	1475.36	7.4	7.0	20.3	3.4	76.0	472.0	6039.0	1098.0	2.0
1240.18	1425.00	6.7	7.0	18.0	3.4	59.0	328.0	5247.0	811.0	2.0
1240.19	1374.65	6.6	7.0	21.0	3.8	80.0	432.0	5742.0	1069.0	2.0
1240.19	1324.29	6.4	7.0	20.5	3.2	103.0	380.0	5643.0	831.0	2.0
1240.20	1273.93	5.9	6.5	16.9	3.6	96.0	380.0	4059.0	613.0	2.0
1240.21	1223.57	6.6	7.0	16.5	3.4	57.0	272.0	4653.0	762.0	2.0
1245.05	1169.55	5.8	6.6	13.8	2.8	103.0	544.0	3267.0	396.0	2.0
1245.06	1119.19	5.6	6.4	15.8	3.0	74.0	432.0	3564.0	455.0	2.0
1245.07	1068.84	6.4	7.0	16.9	3.5	56.0	408.0	4554.0	712.0	2.0
1245.08	1018.59	5.7	6.3	22.3	3.5	115.0	436.0	5148.0	732.0	2.0
1245.14	654.20	6.0	6.8	17.2	3.0	51.0	332.0	4257.0	653.0	2.0
1245.15	603.95	5.8	6.6	17.0	2.7	60.0	300.0	3960.0	643.0	2.0
1245.15	553.59	6.4	7.0	16.0	2.5	90.0	424.0	4158.0	752.0	2.0
1245.16	503.24	6.4	7.0	14.6	2.6	38.0	312.0	3762.0	732.0	2.0
1245.17	452.88	5.9	7.0	15.0	2.5	33.0	268.0	3564.0	594.0	2.0
1245.18	402.52	6.3	7.0	17.6	3.2	56.0	332.0	4554.0	792.0	2.0
1245.19	353.72	6.2	6.9	17.8	3.2	53.0	344.0	4554.0	752.0	2.0
1245.20	303.36	6.1	6.9	16.1	2.6	39.0	388.0	3960.0	673.0	2.0
1245.20	253.01	5.9	6.5	18.8	3.6	32.0	280.0	4554.0	702.0	2.0
1245.21	202.65	5.9	6.5	14.6	3.5	25.0	288.0	3465.0	564.0	2.0
1245.22	152.29	6.2	6.9	19.3	3.2	35.0	388.0	4950.0	811.0	2.0
1245.23	102.05	6.4	7.0	17.7	3.2	57.0	404.0	4851.0	712.0	2.0
1245.24	51.69	6.2	7.0	15.8	3.0	24.0	284.0	4059.0	653.0	2.0
1245.25	1.33	6.5	7.0	17.3	3.6	40.0	292.0	4851.0	732.0	2.0
1290.25	1575.96	6.1	6.6	15.7	3.8	46.0	280.0	3861.0	683.0	2.0
1290.26	1525.72	6.1	6.7	20.3	3.5	68.0	428.0	4950.0	900.0	2.0
1290.27	1475.36	6.3	6.8	17.7	3.8	66.0	412.0	4851.0	613.0	2.0
1290.28	1425.00	6.4	7.0	17.0	3.6	56.0	384.0	4752.0	623.0	2.0
1290.29	1374.65	5.8	6.5	22.0	3.4	51.0	376.0	5445.0	633.0	2.0
1290.29	1324.29	6.9	7.0	18.1	3.5	85.0	440.0	5544.0	792.0	2.0
1290.30	1273.93	5.9	6.5	16.8	3.5	82.0	240.0	4059.0	643.0	2.0
1290.31	1223.57	6.4	7.0	16.3	3.6	53.0	384.0	4356.0	712.0	2.0
1295.15	1169.55	5.8	6.5	16.0	3.2	76.0	512.0	3663.0	564.0	2.0
1295.16	1119.19	6.0	6.7	16.5	3.2	82.0	456.0	4059.0	594.0	2.0
1295.17	1068.84	5.8	6.5	19.8	3.4	90.0	452.0	4752.0	613.0	2.0
1295.18	1018.59	5.7	6.3	20.7	3.6	96.0	492.0	4851.0	623.0	2.0
1295.24	654.20	5.6	6.4	16.2	2.8	107.0	400.0	3465.0	603.0	2.0
1295.25	603.95	6.2	6.9	16.5	3.2	82.0	312.0	4257.0	683.0	2.0
1295.26	553.59	6.1	6.8	20.4	3.2	66.0	336.0	5148.0	821.0	2.0
1295.27	503.24	5.9	6.7	15.4	2.8	56.0	320.0	3762.0	534.0	2.0
1295.28	452.88	6.0	6.8	15.9	2.8	51.0	288.0	3960.0	594.0	2.0
1295.28	402.52	5.9	6.7	15.3	3.0	57.0	296.0	3663.0	584.0	2.0
1295.29	353.72	6.3	6.9	16.2	3.6	85.0	340.0	4356.0	623.0	2.0
1295.30	303.36	6.0	6.6	17.9	3.6	56.0	312.0	4455.0	663.0	2.0
1295.31	253.01	6.6	7.0	17.4	3.2	46.0	288.0	4950.0	792.0	2.0
1295.32	202.65	6.2	7.0	13.1	2.8	23.0	292.0	3366.0	524.0	2.0
1295.33	152.29	6.4	7.0	15.4	3.4	31.0	292.0	4257.0	613.0	2.0
1295.34	102.05	6.5	7.0	15.5	3.5	36.0	320.0	4356.0	643.0	2.0
1295.35	51.69	6.1	6.9	14.7	3.0	26.0	308.0	3762.0	544.0	2.0
1295.35	1.33	6.5	7.0	16.3	3.2	28.0	308.0	4455.0	762.0	2.0
1340.43	1575.96	5.7	6.3	18.6	3.5	38.0	312.0	4257.0	663.0	2.0
1340.44	1525.72	6.0	6.6	19.8	3.5	76.0	480.0	4752.0	811.0	2.0
1340.45	1475.36	5.6	6.2	18.4	3.5	54.0	332.0	4059.0	643.0	2.0
1340.46	1425.00	6.5	7.0	19.1	3.6	66.0	324.0	5544.0	712.0	2.0
1340.47	1374.65	5.8	6.5	20.8	3.4	50.0	352.0	4950.0	722.0	2.0
1340.48	1324.29	6.6	7.0	16.7	3.6	51.0	336.0	4851.0	673.0	2.0
1340.49	1273.93	6.1	6.7	17.6	3.5	49.0	328.0	4455.0	693.0	2.0
1340.50	1223.57	6.3	7.0	15.9	3.2	30.0	436.0	4059.0	722.0	2.0
1345.34	1169.55	6.0	6.7	18.7	3.4	60.0	384.0	4554.0	742.0	2.0
1345.35	1119.19	5.9	6.6	17.4	3.2	64.0	548.0	4158.0	594.0	2.0
1345.36	1068.84	6.1	6.7	22.8	3.6	80.0	468.0	5841.0	841.0	2.0
1345.36	1018.59	5.7	6.4	20.1	3.2	45.0	420.0	4752.0	584.0	2.0
1345.43	654.20	6.4	7.0	16.5	3.2	126.0	504.0	4455.0	663.0	2.0
1345.44	603.95	6.1	6.9	17.3	3.0	154.0	464.0	4455.0	594.0	2.0
1345.45	553.59	6.3	7.0	15.2	2.8	215.0	652.0	3960.0	554.0	2.0
1345.46	503.24	6.2	7.0	18.0	2.5	115.0	508.0	4455.0	792.0	2.0
1345.47	452.88	6.2	7.0	14.1	2.6	96.0	296.0	3663.0	564.0	2.0
1345.48	402.52	6.0	6.7	15.0	3.2	115.0	412.0	3663.0	564.0	2.0
1345.48	353.72	6.4	7.0	15.5	3.2	68.0	384.0	4158.0	663.0	2.0
1345.49	303.36	6.7	7.0	15.1	3.4	66.0	348.0	4257.0	752.0	2.0
1345.50	253.01	6.7	7.0	17.9	2.8	43.0	380.0	5049.0	891.0	2.0
1345.51	202.65	6.4	7.0	15.3	2.6	64.0	352.0	4158.0	633.0	2.0
1345.52	152.29	6.1	6.8	14.4	3.4	31.0	304.0	3564.0	594.0	2.0
1345.53	102.05	6.2	7.0	15.2	2.8	38.0	348.0	3861.0	633.0	2.0
1345.54	51.69	6.0	6.8	13.6	2.6	50.0	324.0	3366.0	485.0	2.0
1345.55	1.33	6.2	6.9	13.9	3.2	49.0	456.0	3564.0	524.0	2.0
1390.62	1575.96	5.7	6.2	27.6	4.0	70.0	344.0	6435.0	940.0	2.0
1390.63	1525.72	6.2	6.7	23.5	3.8	60.0	580.0	6039.0	940.0	2.0
1390.63	1475.36	6.0	6.7	19.0	3.2	49.0	376.0	4752.0	673.0	2.0
1390.64	1425.00	6.2	6.9	20.7	3.4	49.0	452.0	5445.0	772.0	2.0
1390.65	1374.65	5.7	6.3	22.3	3.6	42.0	448.0	5049.0	792.0	2.0
1390.66	1324.29	6.7	7.0	18.0	3.6	34.0	380.0	5346.0	742.0	2.0
1390.67	1273.93	6.3	7.0	14.2	3.2	66.0	308.0	3861.0	524.0	2.0
1390.68	1223.57	5.8	6.5	15.6	3.2	51.0	260.0	3663.0	564.0	2.0
1395.44	1169.55	5.9	6.7	16.8	3.0	74.0	504.0	3960.0	613.0	2.0
1395.45	1119.19	5.6	6.4	15.9	3.0	59.0	432.0	3564.0	485.0	2.0
1395.46	1068.84	6.2	6.8	23.0	3.5	82.0	496.0	5841.0	970.0	2.0
1395.47	1018.59	6.0	6.8	18.5	3.0	76.0	412.0	4554.0	702.0	2.0
1395.53	654.20	6.0	6.6	16.1	3.5	96.0	520.0	3960.0	554.0	2.0
1395.54	603.95	5.8	6.4	21.2	3.5	115.0	416.0	5148.0	643.0	2.0
1395.55	553.59	5.9	6.6	19.0	3.4	87.0	436.0	4653.0	623.0	2.0
1395.56	503.24	6.3	7.0	15.6	3.0	66.0	408.0	4158.0	594.0	2.0
1395.57	452.88	5.6	6.4	18.1	2.8	78.0	468.0	4059.0	554.0	2.0
1395.58	402.52	5.9	6.5	14.1	3.5	90.0	380.0	3366.0	495.0	2.0
1395.59	353.72	5.9	6.6	17.3	3.4	85.0	504.0	4158.0	594.0	2.0
1395.60	303.36	6.0	6.7	15.7	3.4	68.0	380.0	3762.0	643.0	2.0
1395.61	253.01	6.1	6.8	16.9	3.2	49.0	320.0	4356.0	623.0	2.0
1395.62	202.65	6.3	7.0	19.4	3.4	74.0	420.0	5247.0	722.0	2.0
1395.63	152.29	6.4	7.0	14.6	3.2	66.0	444.0	3861.0	623.0	2.0
1395.64	102.05	6.4	7.0	14.7	2.4	40.0	420.0	3762.0	712.0	2.0
1395.65	51.69	6.0	6.8	15.3	2.8	51.0	384.0	3762.0	554.0	2.0
1395.66	1.33	6.7	7.0	12.3	3.0	49.0	300.0	3663.0	485.0	2.0
1440.71	1575.96	6.1	6.7	25.3	3.5	85.0	552.0	6336.0	999.0	2.0
1440.72	1525.72	6.0	6.6	19.2	3.7	64.0	428.0	4752.0	702.0	2.0
1440.73	1475.36	5.3	6.0	19.5	3.4	33.0	284.0	3960.0	633.0	2.0
1440.74	1425.00	6.1	6.7	20.4	3.5	34.0	400.0	5247.0	752.0	2.0
1440.75	1374.65	6.0	6.6	23.7	3.5	40.0	300.0	6039.0	841.0	2.0
1440.76	1324.29	6.4	7.0	19.5	3.4	39.0	328.0	5445.0	752.0	2.0
1440.77	1273.93	6.0	6.7	16.6	3.4	38.0	312.0	4059.0	653.0	2.0
1440.78	1223.57	6.2	6.8	17.3	3.5	35.0	232.0	4653.0	623.0	2.0
1445.62	1169.55	6.4	7.0	13.0	3.4	82.0	292.0	3663.0	455.0	2.0
1445.63	1119.19	5.8	6.6	15.4	2.8	47.0	404.0	3564.0	544.0	2.0
1445.64	1068.84	6.2	6.8	19.3	3.5	43.0	396.0	4950.0	792.0	2.0
1445.65	1018.59	6.3	6.9	19.8	3.5	57.0	348.0	5445.0	722.0	2.0
1445.72	654.20	6.3	6.9	17.0	3.5	47.0	248.0	4752.0	584.0	2.0
1445.73	603.95	5.8	6.4	24.0	3.6	70.0	304.0	5742.0	831.0	2.0
1445.74	553.59	6.1	6.7	21.1	3.6	76.0	388.0	5544.0	712.0	2.0
1445.75	503.24	6.0	6.6	21.7	3.5	87.0	432.0	5445.0	762.0	2.0
1445.76	452.88	5.7	6.4	17.1	3.4	66.0	284.0	4059.0	524.0	2.0
1445.77	402.52	5.8	6.4	16.6	3.5	50.0	312.0	4059.0	495.0	2.0
1445.78	353.72	5.9	6.5	17.7	3.6	60.0	340.0	4356.0	594.0	2.0
1445.79	303.36	6.2	6.8	20.7	3.6	46.0	288.0	5544.0	762.0	2.0
1445.80	253.01	6.0	6.6	20.1	3.6	46.0	340.0	5148.0	663.0	2.0
1445.81	202.65	6.0	6.5	21.7	3.8	72.0	276.0	5643.0	693.0	2.0
1445.82	152.29	6.2	6.7	16.8	3.8	68.0	376.0	4455.0	594.0	2.0
1445.83	102.05	5.9	6.7	12.9	2.6	30.0	260.0	3069.0	495.0	2.0
1445.84	51.69	6.4	7.0	12.2	2.6	41.0	372.0	3267.0	504.0	2.0
1445.85	1.33	6.3	7.0	15.1	3.4	49.0	312.0	4059.0	584.0	2.0
1490.90	1575.96	6.0	6.6	26.3	3.6	107.0	356.0	6633.0	960.0	2.0
1490.91	1525.72	6.2	6.8	19.6	3.5	59.0	364.0	5148.0	762.0	2.0
1490.92	1475.36	6.0	6.6	18.8	3.6	34.0	308.0	4752.0	663.0	2.0
1490.93	1425.00	6.2	6.7	25.5	3.8	70.0	492.0	6831.0	900.0	2.0
1490.94	1374.65	6.0	6.7	18.4	3.4	31.0	304.0	4653.0	653.0	2.0
1490.95	1324.29	6.2	6.7	15.5	3.8	46.0	300.0	4059.0	603.0	2.0
1490.96	1273.93	6.1	6.6	15.5	3.8	60.0	320.0	3960.0	584.0	2.0
1490.97	1223.57	6.1	6.7	18.0	3.6	49.0	328.0	4653.0	653.0	2.0
1495.72	1169.55	6.2	6.8	16.0	3.6	78.0	416.0	4257.0	544.0	2.0
1495.73	1119.19	6.1	6.9	16.9	3.0	72.0	420.0	4356.0	584.0	2.0
1495.74	1068.84	6.3	7.0	17.0	3.2	59.0	380.0	4554.0	653.0	2.0
1495.75	1018.59	6.6	7.0	16.0	3.0	47.0	284.0	4752.0	603.0	2.0
1495.83	654.20	5.9	6.6	24.9	3.4	66.0	356.0	5940.0	990.0	2.0
1495.84	603.95	5.8	6.5	18.0	3.2	39.0	320.0	4158.0	693.0	2.0
1495.85	553.59	5.8	6.4	18.3	3.6	42.0	296.0	4356.0	633.0	2.0
1495.86	503.24	6.0	6.6	26.8	3.6	74.0	324.0	6930.0	891.0	2.0
1495.87	452.88	5.9	6.5	24.0	3.6	93.0	408.0	5940.0	811.0	2.0
1495.88	402.52	5.7	6.3	19.6	3.6	74.0	288.0	4554.0	663.0	2.0
1495.89	353.72	6.2	6.9	15.9	3.2	59.0	348.0	4158.0	613.0	2.0
1495.90	303.36	6.2	6.7	19.3	3.8	53.0	372.0	5049.0	742.0	2.0
1495.91	253.01	5.9	6.6	17.2	3.4	45.0	372.0	4158.0	613.0	2.0
1495.92	202.65	6.5	7.0	16.9	4.0	40.0	368.0	4851.0	633.0	2.0
1495.93	152.29	6.2	6.8	20.1	3.5	80.0	372.0	5346.0	742.0	2.0
1495.94	102.05	6.2	6.9	14.0	3.2	32.0	312.0	3663.0	534.0	2.0
1495.95	51.69	5.9	6.7	13.2	2.8	28.0	300.0	3168.0	485.0	2.0
1495.96	1.33	6.2	6.8	14.8	3.6	64.0	348.0	3960.0	495.0	2.0
1540.99	1575.96	5.7	6.4	24.1	3.4	115.0	508.0	5445.0	861.0	2.0
1541.00	1525.72	6.1	6.7	21.2	3.6	64.0	304.0	5445.0	811.0	2.0
1541.01	1475.36	6.1	6.8	16.6	3.2	47.0	380.0	4257.0	594.0	2.0
1541.02	1425.00	6.1	6.6	20.7	3.8	85.0	328.0	5445.0	712.0	2.0
1541.04	1374.65	5.9	6.4	21.6	3.8	192.0	820.0	5148.0	712.0	2.0
1541.05	1324.29	6.4	7.0	20.1	3.5	115.0	452.0	5544.0	772.0	2.0
1541.06	1273.93	5.9	6.5	18.5	3.5	87.0	336.0	4554.0	623.0	2.0
1541.07	1223.57	6.4	7.0	22.9	3.8	120.0	536.0	6435.0	811.0	2.0
1545.91	1169.55	6.1	6.8	15.9	3.2	49.0	424.0	4158.0	514.0	2.0
1545.92	1119.19	6.1	6.9	15.7	2.8	60.0	408.0	3960.0	584.0	2.0
1545.93	1068.84	6.3	7.0	16.4	3.4	93.0	416.0	4455.0	584.0	2.0
1545.94	1018.59	6.1	6.8	21.3	3.2	76.0	368.0	5643.0	702.0	2.0
1546.02	654.20	6.8	7.0	20.2	3.6	103.0	352.0	6138.0	861.0	2.0
1546.03	603.95	6.4	7.0	18.3	3.0	82.0	348.0	5049.0	722.0	2.0
1546.04	553.59	6.8	7.0	14.0	3.0	68.0	260.0	4158.0	643.0	2.0
1546.05	503.24	6.4	7.0	16.2	3.2	70.0	400.0	4356.0	683.0	2.0
1546.06	452.88	6.2	6.9	21.4	3.2	138.0	468.0	5742.0	722.0	2.0
1546.07	402.52	6.1	6.8	22.0	3.2	96.0	420.0	5841.0	693.0	2.0
1546.08	353.72	6.1	6.8	17.3	3.2	103.0	456.0	4455.0	584.0	2.0
1546.09	303.36	6.1	6.9	16.6	3.0	60.0	324.0	4158.0	673.0	2.0
1546.10	253.01	6.1	6.7	18.4	3.6	66.0	300.0	4752.0	673.0	2.0
1546.11	202.65	6.4	7.0	17.0	3.6	42.0	252.0	4752.0	653.0	2.0
1546.12	152.29	6.3	6.9	17.7	3.5	93.0	428.0	4851.0	603.0	2.0
1546.13	102.05	6.3	7.0	18.8	3.6	96.0	364.0	5148.0	673.0	2.0
1546.14	51.69	6.2	6.7	15.8	3.8	87.0	364.0	4257.0	514.0	2.0
1546.15	1.33	6.2	6.8	16.3	3.5	115.0	548.0	4257.0	554.0	2.0
25.26	737.01	6.3	7.0	16.1	2.5	68.0	452.0	4356.0	564.0	3.0
25.26	636.30	7.0	7.0	17.6	3.2	43.0	308.0	5643.0	742.0	3.0
25.26	535.58	6.5	7.0	15.9	3.0	26.0	304.0	4455.0	663.0	3.0
25.26	434.87	5.5	6.3	15.5	2.6	18.0	276.0	3366.0	504.0	3.0
25.26	331.82	6.0	6.6	18.1	3.6	57.0	372.0	4356.0	752.0	3.0
25.27	231.22	6.5	7.0	16.0	3.5	100.0	404.0	4554.0	603.0	3.0
25.27	130.51	6.6	7.0	19.0	3.6	36.0	336.0	5742.0	643.0	3.0
25.27	29.79	6.5	7.0	17.8	3.4	76.0	480.0	4950.0	722.0	3.0
30.18	1141.42	6.1	6.9	15.4	2.8	60.0	368.0	3960.0	544.0	3.0
30.18	1040.71	6.3	7.0	15.8	3.2	46.0	304.0	4455.0	504.0	3.0
30.18	940.00	6.3	7.0	16.1	3.4	62.0	284.0	4554.0	495.0	3.0
30.18	832.95	6.0	6.7	15.4	3.4	74.0	548.0	3762.0	524.0	3.0
35.01	1549.62	6.6	7.0	12.9	3.0	74.0	448.0	3762.0	445.0	3.0
35.01	1448.90	6.0	6.8	15.1	2.8	22.0	232.0	3960.0	455.0	3.0
35.01	1348.30	6.6	7.0	15.8	3.2	19.0	352.0	4653.0	594.0	3.0
35.01	1247.59	6.4	7.0	14.2	3.2	66.0	356.0	3960.0	524.0	3.0
125.56	737.01	6.5	7.0	15.4	2.8	56.0	356.0	4455.0	544.0	3.0
125.56	636.30	6.8	7.0	16.8	3.4	35.0	296.0	5247.0	623.0	3.0
125.56	535.58	6.8	7.0	21.0	3.0	38.0	420.0	6534.0	782.0	3.0
125.56	434.87	5.7	6.4	15.9	3.4	34.0	320.0	3564.0	594.0	3.0
125.56	331.82	5.9	6.6	14.5	3.2	43.0	308.0	3267.0	663.0	3.0
125.56	231.22	6.1	6.9	13.0	3.0	70.0	320.0	3267.0	504.0	3.0
125.57	130.51	6.2	6.9	18.5	3.4	32.0	300.0	5049.0	613.0	3.0
125.57	29.79	6.4	7.0	18.2	3.5	82.0	460.0	4950.0	742.0	3.0
130.47	1141.42	6.2	7.0	16.3	2.8	50.0	368.0	4356.0	564.0	3.0
130.47	1040.71	6.5	7.0	18.8	3.5	56.0	368.0	5643.0	554.0	3.0
130.47	933.55	6.4	7.0	20.0	3.6	111.0	504.0	5742.0	623.0	3.0
130.47	839.28	6.7	7.0	14.5	3.0	45.0	324.0	4356.0	554.0	3.0
135.29	1549.62	6.4	7.0	14.3	3.4	37.0	340.0	4158.0	415.0	3.0
135.29	1448.90	6.9	7.0	13.0	2.8	32.0	336.0	4059.0	514.0	3.0
135.29	1348.30	6.6	7.0	15.5	3.4	54.0	360.0	4653.0	524.0	3.0
135.30	1247.59	6.2	6.9	14.9	3.4	47.0	336.0	4059.0	455.0	3.0
225.85	737.01	6.2	7.0	17.6	3.0	37.0	324.0	4455.0	772.0	3.0
225.85	636.30	7.1	7.0	13.4	2.8	37.0	248.0	4554.0	405.0	3.0
225.85	535.58	6.8	7.0	16.9	3.2	35.0	272.0	5346.0	603.0	3.0
225.86	434.87	6.0	6.7	15.4	3.2	31.0	284.0	3762.0	613.0	3.0
225.86	331.82	6.4	7.0	14.4	3.8	39.0	340.0	3960.0	554.0	3.0
225.86	231.22	6.0	6.7	15.6	3.4	90.0	536.0	3861.0	524.0	3.0
225.86	130.51	6.1	6.9	15.8	3.0	28.0	332.0	4158.0	514.0	3.0
225.87	29.79	6.5	7.0	17.9	3.5	54.0	388.0	5049.0	712.0	3.0
230.75	1141.42	6.0	6.7	19.7	3.4	51.0	372.0	5049.0	643.0	3.0
230.75	1040.71	6.3	6.9	20.6	3.5	23.0	184.0	5742.0	742.0	3.0
230.76	940.00	5.5	6.3	18.4	3.0	54.0	288.0	4257.0	455.0	3.0
230.76	839.28	6.7	7.0	15.9	3.2	62.0	328.0	4851.0	574.0	3.0
235.57	1549.62	7.1	7.0	15.7	3.2	43.0	316.0	4950.0	702.0	3.0
235.57	1448.90	6.5	7.0	12.5	2.6	23.0	324.0	3663.0	405.0	3.0
235.58	1348.30	6.5	7.0	14.9	2.8	27.0	276.0	4257.0	584.0	3.0
235.58	1247.59	6.6	7.0	15.6	3.0	17.0	328.0	4257.0	782.0	3.0
320.05	434.87	6.3	6.9	17.0	3.5	23.0	356.0	4455.0	732.0	3.0
326.14	737.01	6.8	7.0	15.0	3.2	54.0	368.0	4455.0	663.0	3.0
326.14	636.30	6.5	7.0	17.1	3.2	51.0	268.0	5247.0	455.0	3.0
326.15	535.58	6.9	7.0	17.9	3.5	16.0	284.0	5940.0	554.0	3.0
326.16	331.82	6.1	6.6	20.0	3.8	85.0	500.0	4950.0	821.0	3.0
326.16	231.22	6.1	6.7	18.7	3.6	72.0	420.0	4851.0	633.0	3.0
326.16	130.51	6.5	7.0	13.4	3.2	42.0	312.0	3861.0	485.0	3.0
326.17	29.79	6.4	7.0	13.8	3.6	51.0	300.0	3762.0	564.0	3.0
331.04	1149.65	6.6	7.0	18.2	3.2	19.0	192.0	5148.0	871.0	3.0
331.04	1046.82	6.3	6.9	25.0	3.6	66.0	244.0	7029.0	871.0	3.0
331.05	940.00	5.8	6.6	15.5	2.8	62.0	516.0	3564.0	524.0	3.0
331.05	839.28	6.1	6.9	15.8	2.8	47.0	428.0	4059.0	544.0	3.0
335.85	1549.62	6.9	7.0	17.8	3.4	23.0	228.0	5643.0	722.0	3.0
335.86	1448.90	6.6	7.0	14.4	3.0	11.0	300.0	4257.0	544.0	3.0
335.86	1348.30	6.1	6.8	15.4	3.2	32.0	252.0	4059.0	514.0	3.0
335.86	1247.59	6.5	7.0	17.5	3.6	47.0	300.0	5049.0	653.0	3.0
423.52	1142.09	5.9	6.7	14.6	2.6	28.0	360.0	3564.0	475.0	3.0
423.53	1045.38	6.1	6.8	21.9	3.2	31.0	292.0	5841.0	712.0	3.0
423.54	940.66	6.1	6.9	17.0	2.6	31.0	348.0	4356.0	633.0	3.0
423.54	839.95	6.6	7.0	16.5	3.2	45.0	388.0	4752.0	673.0	3.0
423.55	733.23	6.8	7.0	14.2	3.2	29.0	304.0	4257.0	633.0	3.0
423.55	632.52	7.0	7.0	13.6	2.8	37.0	296.0	4356.0	554.0	3.0
423.56	531.81	6.3	7.0	17.0	2.6	23.0	352.0	4356.0	782.0	3.0
423.56	431.09	6.0	6.8	14.8	3.0	37.0	444.0	3564.0	564.0	3.0
423.59	1550.51	6.9	7.0	17.3	2.8	33.0	356.0	5049.0	930.0	3.0
423.59	1449.79	6.8	7.0	16.3	3.0	23.0	248.0	4950.0	702.0	3.0
423.60	1349.19	6.6	7.0	14.9	3.2	39.0	400.0	4356.0	554.0	3.0
423.60	1248.48	6.6	7.0	18.5	3.0	59.0	444.0	5445.0	683.0	3.0
428.40	329.27	5.8	6.5	21.4	3.4	64.0	400.0	4851.0	871.0	3.0
428.41	228.66	6.2	7.0	18.5	3.0	64.0	304.0	4851.0	732.0	3.0
523.81	1142.09	6.0	6.8	14.3	2.8	50.0	316.0	3564.0	504.0	3.0
523.82	1041.38	6.0	6.8	18.6	3.0	76.0	436.0	4653.0	643.0	3.0
523.82	940.66	6.1	6.9	18.6	2.6	51.0	476.0	4752.0	663.0	3.0
523.83	839.95	5.9	6.7	19.7	2.8	34.0	364.0	4554.0	841.0	3.0
523.84	733.23	6.2	7.0	14.3	2.8	34.0	348.0	3762.0	524.0	3.0
523.85	632.52	6.6	7.0	18.9	3.4	53.0	300.0	5742.0	633.0	3.0
523.85	531.81	6.2	6.9	18.6	3.2	37.0	388.0	4851.0	722.0	3.0
523.86	431.09	6.0	6.7	20.8	3.4	42.0	396.0	5148.0	782.0	3.0
523.87	1550.51	6.8	7.0	16.3	3.2	42.0	324.0	4752.0	801.0	3.0
523.87	1449.79	6.5	7.0	15.5	3.2	23.0	288.0	4554.0	534.0	3.0
523.88	1349.19	6.6	7.0	14.6	3.0	31.0	320.0	4356.0	514.0	3.0
523.89	1248.48	6.3	7.0	16.0	3.0	25.0	312.0	4356.0	603.0	3.0
528.70	329.27	5.9	6.6	21.3	3.4	115.0	344.0	5049.0	851.0	3.0
528.71	228.66	6.1	6.9	16.3	2.8	85.0	352.0	3960.0	722.0	3.0
624.10	1142.09	6.0	6.6	27.8	3.5	76.0	324.0	7128.0	960.0	3.0
624.10	1041.38	6.0	6.8	14.8	3.0	57.0	368.0	3762.0	475.0	3.0
624.11	940.66	6.2	7.0	14.6	2.8	54.0	448.0	3861.0	495.0	3.0
624.12	839.95	6.1	6.9	15.6	2.8	46.0	296.0	4059.0	544.0	3.0
624.13	733.23	6.5	7.0	14.6	2.8	59.0	440.0	3960.0	643.0	3.0
624.14	632.52	6.9	7.0	16.1	3.2	34.0	284.0	4950.0	722.0	3.0
624.15	531.81	7.1	7.0	14.3	2.6	26.0	232.0	4554.0	623.0	3.0
624.15	1550.51	6.2	6.8	14.2	3.5	66.0	336.0	3762.0	504.0	3.0
624.16	431.09	5.8	6.6	15.5	2.8	20.0	364.0	3465.0	643.0	3.0
624.16	1449.79	6.4	7.0	14.4	2.8	33.0	372.0	3960.0	554.0	3.0
624.16	1349.19	6.3	7.0	15.2	2.2	23.0	384.0	3960.0	643.0	3.0
624.17	1248.48	6.5	7.0	13.9	2.6	20.0	348.0	3960.0	524.0	3.0
629.00	329.27	6.0	6.8	17.9	3.0	29.0	284.0	4455.0	673.0	3.0
629.01	228.66	6.2	7.0	14.5	2.6	59.0	380.0	3762.0	554.0	3.0
629.01	127.95	6.3	7.0	14.0	2.6	38.0	344.0	3564.0	653.0	3.0
629.02	27.24	6.0	6.7	19.3	3.2	192.0	456.0	4752.0	712.0	3.0
724.38	1142.09	6.1	6.9	20.7	3.0	32.0	344.0	5346.0	762.0	3.0
724.39	1041.38	6.2	7.0	14.1	2.5	30.0	356.0	3663.0	534.0	3.0
724.40	940.66	6.6	7.0	17.0	2.6	45.0	296.0	4752.0	801.0	3.0
724.41	839.95	6.9	7.0	14.0	2.2	23.0	288.0	4059.0	762.0	3.0
724.42	733.23	6.6	7.0	14.9	3.0	51.0	532.0	4158.0	633.0	3.0
724.43	1550.51	6.0	6.6	17.3	3.5	66.0	332.0	4455.0	544.0	3.0
724.43	632.52	6.2	6.9	16.6	3.2	37.0	260.0	4455.0	603.0	3.0
724.44	1449.79	6.5	7.0	16.1	3.4	24.0	264.0	4752.0	544.0	3.0
724.44	531.81	6.2	7.0	17.3	2.6	28.0	284.0	4554.0	673.0	3.0
724.45	1349.19	6.5	7.0	16.1	2.8	23.0	420.0	4554.0	613.0	3.0
724.45	431.09	6.2	7.0	15.6	2.5	38.0	488.0	3762.0	732.0	3.0
724.46	1248.48	6.5	7.0	20.8	3.2	42.0	344.0	5841.0	881.0	3.0
729.29	329.27	6.5	7.0	15.6	2.8	45.0	324.0	4356.0	653.0	3.0
729.30	228.66	6.7	7.0	15.5	3.2	57.0	368.0	4554.0	643.0	3.0
729.31	127.95	6.7	7.0	17.8	3.0	60.0	420.0	5148.0	792.0	3.0
735.43	27.24	6.5	7.0	20.6	3.5	103.0	580.0	5841.0	762.0	3.0
821.87	1143.98	6.0	7.0	18.0	3.5	40.0	364.0	4356.0	722.0	3.0
821.88	327.38	6.6	7.0	18.2	3.4	34.0	260.0	5643.0	544.0	3.0
821.88	1043.27	6.1	6.9	13.3	2.8	37.0	292.0	3366.0	514.0	3.0
821.89	226.66	6.3	7.0	14.5	3.0	26.0	228.0	4158.0	435.0	3.0
821.89	942.66	5.9	7.0	16.6	3.0	43.0	436.0	3762.0	712.0	3.0
821.90	126.06	6.6	7.0	20.6	3.4	54.0	236.0	6237.0	742.0	3.0
821.90	841.95	6.1	6.7	18.1	3.5	50.0	416.0	4554.0	702.0	3.0
821.91	25.35	6.1	6.8	19.9	3.2	72.0	444.0	5148.0	683.0	3.0
821.92	732.46	6.6	7.0	16.4	3.4	57.0	512.0	4851.0	544.0	3.0
821.93	631.85	6.1	6.9	14.1	3.0	22.0	268.0	3762.0	445.0	3.0
821.94	531.14	6.2	6.9	16.5	3.2	21.0	208.0	4653.0	475.0	3.0
821.95	430.42	6.3	6.9	17.9	3.6	35.0	368.0	4950.0	603.0	3.0
822.42	1548.06	6.5	7.0	16.4	3.6	35.0	320.0	4653.0	653.0	3.0
822.43	1447.46	6.3	7.0	16.7	3.5	26.0	368.0	4455.0	663.0	3.0
822.44	1346.74	6.7	7.0	15.8	3.2	28.0	264.0	4455.0	811.0	3.0
822.45	1246.03	6.3	7.0	16.8	3.5	39.0	280.0	4554.0	643.0	3.0
922.16	1143.98	6.5	7.0	13.8	3.2	30.0	292.0	3762.0	623.0	3.0
922.17	1043.27	6.4	7.0	15.6	3.0	40.0	320.0	4158.0	693.0	3.0
922.17	327.38	6.7	7.0	15.0	2.5	20.0	276.0	4653.0	514.0	3.0
922.18	942.66	6.1	6.9	15.6	2.8	36.0	356.0	3762.0	702.0	3.0
922.19	226.66	6.0	6.6	18.9	3.5	107.0	488.0	4851.0	564.0	3.0
922.19	841.95	6.1	7.0	22.5	3.6	35.0	300.0	5643.0	950.0	3.0
922.20	126.06	6.3	7.0	21.9	3.2	85.0	408.0	6138.0	712.0	3.0
922.21	732.46	6.4	7.0	16.0	2.8	53.0	472.0	4554.0	495.0	3.0
922.21	25.35	6.3	7.0	19.9	3.2	60.0	352.0	5742.0	544.0	3.0
922.22	631.85	5.7	6.4	16.3	3.2	43.0	268.0	3960.0	435.0	3.0
922.23	531.14	6.2	6.8	19.1	3.5	36.0	268.0	5346.0	564.0	3.0
922.24	430.42	6.4	7.0	22.0	3.6	72.0	468.0	6336.0	693.0	3.0
922.70	1548.06	6.3	7.0	17.2	3.2	26.0	332.0	4653.0	663.0	3.0
922.71	1447.46	6.2	6.8	14.3	3.6	22.0	272.0	3762.0	534.0	3.0
922.73	1346.74	6.3	7.0	14.9	3.0	54.0	408.0	3960.0	574.0	3.0
922.74	1246.03	6.3	7.0	17.2	3.2	28.0	252.0	4554.0	742.0	3.0
1013.34	732.46	7.2	7.0	19.6	3.2	82.0	424.0	6138.0	891.0	3.0
1022.44	1143.98	6.4	7.0	18.7	3.5	23.0	260.0	5247.0	722.0	3.0
1022.46	1043.27	6.4	7.0	17.0	3.2	40.0	284.0	4851.0	584.0	3.0
1022.47	327.38	6.6	7.0	17.8	3.5	66.0	368.0	5148.0	732.0	3.0
1022.47	942.66	6.5	7.0	17.0	2.6	38.0	300.0	4455.0	900.0	3.0
1022.48	226.66	7.5	7.0	16.1	2.6	103.0	524.0	4950.0	742.0	3.0
1022.48	841.95	6.1	6.8	18.2	3.4	41.0	332.0	4653.0	693.0	3.0
1022.50	126.06	6.8	7.0	18.8	3.0	47.0	300.0	6039.0	613.0	3.0
1022.51	25.35	6.1	6.9	19.0	3.0	42.0	336.0	5148.0	544.0	3.0
1022.51	631.85	6.9	7.0	23.6	3.6	93.0	412.0	7722.0	801.0	3.0
1022.53	531.14	6.5	7.0	16.0	3.4	74.0	380.0	4851.0	435.0	3.0
1022.54	430.42	7.0	7.0	17.9	3.2	53.0	348.0	5841.0	693.0	3.0
1023.07	1548.06	6.3	7.0	15.1	3.4	33.0	456.0	3960.0	594.0	3.0
1023.08	1447.46	6.5	7.0	16.3	3.8	41.0	224.0	4752.0	603.0	3.0
1023.09	1346.74	6.3	7.0	16.0	3.4	51.0	320.0	4455.0	524.0	3.0
1023.11	1246.03	6.7	7.0	15.9	2.7	20.0	328.0	4554.0	762.0	3.0
1122.73	1143.98	6.1	6.8	18.3	3.4	23.0	284.0	4752.0	663.0	3.0
1122.74	1043.27	6.1	7.0	23.9	3.6	51.0	400.0	6237.0	831.0	3.0
1122.76	942.66	7.0	7.0	24.6	3.8	59.0	372.0	7227.0	1445.0	3.0
1122.77	327.38	6.4	7.0	22.8	3.4	47.0	308.0	6732.0	673.0	3.0
1122.77	841.95	7.0	7.0	22.5	3.6	76.0	404.0	6732.0	1237.0	3.0
1122.78	226.66	6.7	7.0	17.8	2.6	27.0	364.0	5544.0	574.0	3.0
1122.79	732.46	6.8	7.0	19.8	3.6	70.0	532.0	6237.0	663.0	3.0
1122.80	126.06	6.7	7.0	16.8	2.8	20.0	340.0	5148.0	603.0	3.0
1122.81	631.85	6.4	7.0	18.3	3.0	24.0	336.0	5049.0	722.0	3.0
1122.81	25.35	6.5	7.0	20.1	3.5	53.0	312.0	6138.0	574.0	3.0
1122.82	531.14	6.6	7.0	16.6	3.0	30.0	356.0	5049.0	534.0	3.0
1122.84	430.42	6.5	7.0	21.1	3.4	34.0	280.0	6237.0	722.0	3.0
1123.35	1548.06	5.9	6.4	16.1	3.8	46.0	304.0	4059.0	495.0	3.0
1123.36	1447.46	6.1	6.7	13.9	3.5	25.0	256.0	3663.0	465.0	3.0
1123.38	1346.74	5.8	6.4	20.9	3.5	82.0	400.0	5247.0	534.0	3.0
1123.39	1246.03	6.4	7.0	14.4	3.5	39.0	272.0	3960.0	594.0	3.0
1203.53	530.36	5.8	6.5	14.1	3.2	41.0	320.0	3267.0	524.0	3.0
1215.24	1550.73	7.3	7.0	17.4	3.2	87.0	332.0	5148.0	980.0	3.0
1215.25	1450.01	7.5	7.0	21.5	3.4	70.0	340.0	6336.0	1257.0	3.0
1215.27	1349.30	7.5	7.0	25.8	3.6	138.0	436.0	7821.0	1356.0	3.0
1215.28	1248.59	6.6	7.0	18.8	3.4	60.0	344.0	5247.0	900.0	3.0
1220.13	1144.54	5.7	6.5	17.3	3.0	82.0	448.0	3960.0	564.0	3.0
1220.15	1043.82	5.9	6.6	17.0	3.4	103.0	684.0	4059.0	534.0	3.0
1220.22	628.96	6.3	7.0	14.7	3.0	47.0	248.0	3960.0	574.0	3.0
1220.25	427.87	6.3	7.0	15.0	3.4	24.0	172.0	4257.0	485.0	3.0
1220.27	328.71	6.8	7.0	13.6	3.2	28.0	192.0	3960.0	693.0	3.0
1220.28	228.00	6.7	7.0	16.4	3.2	35.0	372.0	4950.0	623.0	3.0
1220.30	127.28	6.7	7.0	18.6	3.5	57.0	440.0	5643.0	683.0	3.0
1220.31	26.68	6.4	7.0	18.6	3.6	38.0	244.0	5346.0	653.0	3.0
1315.52	1550.73	6.2	6.8	21.0	3.5	50.0	416.0	5346.0	900.0	3.0
1315.53	1450.01	6.4	7.0	18.5	3.6	56.0	412.0	5049.0	752.0	3.0
1315.55	1349.30	6.1	6.8	17.6	3.2	90.0	516.0	4455.0	643.0	3.0
1315.57	1248.59	6.5	7.0	15.6	3.2	40.0	392.0	4257.0	702.0	3.0
1320.42	1144.54	6.0	6.8	20.5	3.0	39.0	324.0	4752.0	990.0	3.0
1320.44	1043.82	5.9	6.5	23.3	3.5	111.0	460.0	5742.0	772.0	3.0
1320.51	628.96	6.3	7.0	14.9	3.4	146.0	608.0	3960.0	514.0	3.0
1320.53	528.58	7.0	7.0	11.5	3.2	93.0	476.0	3465.0	544.0	3.0
1320.55	427.87	6.5	7.0	12.7	3.2	57.0	356.0	3465.0	554.0	3.0
1320.56	328.71	6.2	6.8	16.7	3.5	56.0	332.0	4158.0	772.0	3.0
1320.58	228.00	6.6	7.0	14.8	3.2	74.0	364.0	4257.0	603.0	3.0
1320.60	127.28	6.5	7.0	18.5	3.2	32.0	352.0	5049.0	871.0	3.0
1320.62	26.68	6.1	6.8	16.3	3.4	54.0	372.0	4158.0	594.0	3.0
1415.80	1550.73	6.2	6.7	27.3	3.8	85.0	388.0	7227.0	1039.0	3.0
1415.82	1450.01	5.9	6.5	19.3	3.5	46.0	284.0	4653.0	732.0	3.0
1415.83	1349.30	5.9	6.4	20.7	3.8	76.0	312.0	5148.0	693.0	3.0
1415.85	1248.59	6.4	7.0	18.8	3.2	40.0	316.0	5148.0	792.0	3.0
1420.71	1144.54	6.7	7.0	16.0	2.8	60.0	372.0	4455.0	831.0	3.0
1420.72	1043.82	6.3	6.9	18.7	3.5	146.0	484.0	4851.0	792.0	3.0
1420.80	628.96	6.0	6.6	18.0	3.6	80.0	276.0	4752.0	524.0	3.0
1420.82	528.58	6.3	6.9	18.2	3.6	64.0	360.0	5148.0	554.0	3.0
1420.84	427.87	6.5	7.0	14.4	3.5	64.0	300.0	4257.0	455.0	3.0
1420.86	328.71	6.3	7.0	20.4	3.8	49.0	340.0	5643.0	722.0	3.0
1420.88	228.00	6.4	7.0	17.5	3.6	56.0	436.0	4950.0	594.0	3.0
1420.90	127.28	6.7	7.0	14.4	3.0	34.0	296.0	4356.0	534.0	3.0
1420.92	26.68	6.4	7.0	15.3	3.6	36.0	300.0	4356.0	524.0	3.0
1516.08	1550.73	6.2	6.9	24.9	3.4	49.0	344.0	6732.0	871.0	3.0
1516.10	1450.01	6.2	6.8	19.3	3.5	23.0	300.0	5148.0	712.0	3.0
1516.12	1349.30	6.3	6.9	20.3	3.5	54.0	392.0	5643.0	693.0	3.0
1516.14	1248.59	6.0	6.7	22.4	3.4	53.0	360.0	5742.0	742.0	3.0
1520.99	1144.54	5.8	6.5	16.1	3.2	56.0	428.0	3762.0	554.0	3.0
1521.01	1043.82	6.2	6.9	16.0	3.4	74.0	336.0	4257.0	574.0	3.0
1521.10	628.96	5.9	6.5	17.6	3.5	45.0	328.0	4356.0	584.0	3.0
1521.12	528.58	6.7	7.0	16.4	3.4	34.0	352.0	5049.0	554.0	3.0
1521.14	427.87	6.3	6.9	23.4	3.5	80.0	388.0	6435.0	841.0	3.0
1521.16	328.71	6.3	7.0	17.0	3.4	100.0	496.0	4653.0	574.0	3.0
1521.18	228.00	6.1	6.8	17.7	3.2	62.0	388.0	4653.0	574.0	3.0
1521.20	127.28	6.3	6.8	20.5	3.8	68.0	332.0	5643.0	742.0	3.0
1521.22	26.68	6.4	7.0	15.7	3.5	53.0	300.0	4554.0	485.0	3.0
