Data for 20WTDBR.txt
3
Xlocation
Ylocation
Velocity
 1.22288 0.34892 72.86863
 1.19678 0.29009 78.00034
 1.24029 0.31791 74.636
 1.12678 0.15366 56.09885
  1.2995 0.30839 71.67038
 1.20014  0.2335 62.69462
 1.14874 0.40286 67.25139
 1.24715 0.47399 72.84081
 1.19514 0.23852 61.78742
 1.26147 0.40193 73.08525
 1.22817 0.30615 73.15781
 1.17621 0.29633 72.6474
 1.13711 0.37441 62.82213
 1.29345 0.26601 58.00128
 1.23224 0.52613 80.12986
 1.24145 0.20882 65.66852
 1.22351 0.32531 72.51221
 1.33512 0.36597 72.49377
 1.36773 0.24484 62.70127
 1.29011 0.27698 65.32761
