Data for 20WTDNO3.txt
3
Xlocation
Ylocation
Velocity
 1.22357 0.40161  110.4457
 1.19163 0.24144  105.2622
 1.26131 0.32499  105.6631
 1.09926 0.50517  113.9347
 1.31717 0.52877  109.0613
 1.10946 0.46591  100.8257
 1.13922 0.55756  112.0034
 1.29322 0.66989  110.6473
 1.17019 0.45283  118.1945
 1.32643 0.68887  120.332
  1.1745 0.27465  104.6908
 1.15111 0.27632  101.9248
 1.21012 1.12746  120.1992
 1.24589 0.51011  110.787
 1.21593  0.5587  103.3922
 1.13449 0.18706   95.44426
 1.25523 0.44635  113.34
 1.35773 0.74462  121.2782
 1.34748 0.57139  112.2831
 1.22207 0.43383  100.6952
