Data for 20WTDCL.txt
3
Xlocation
Ylocation
Velocity
 1.20597 0.41648 1182.758
 1.12915 0.39709 1127.883
 1.19699 0.40182 1014.601
 1.16215 0.82315 1447.041
 1.23396 0.79122  973.3953
 1.07619 0.75232 1362.336
 1.13837 0.57315 1140.759
 1.30503 0.81837 1066.775
 1.16978 0.57746 1119.405
 1.41025 0.84366 1482.981
 1.13937 0.45655 1229.586
 1.11222 0.48805 1129.56
  1.2307  0.9952 1184.763
 1.28671 0.86953 1286.956
 1.16587 0.80237 1117.428
 1.08904 0.47618 1226.057
 1.27164 0.86481 1282.806
 1.41316 0.75925 1347.763
 1.32628 0.53647 1095.099
 1.25932 0.68346 1542.939
