Data file for 81WTDNO3.txt
3
Xlocation
Ylocation
Velocity
  11.111  11.111 1.22441
  33.333  11.111  1.2182
  55.556  11.111 1.01199
  77.778  11.111 0.99256
     100  11.111 1.14171
 122.222  11.111 1.04823
 144.444  11.111  1.0969
 166.667  11.111 1.08389
 188.889  11.111  1.1412
  11.111  33.333  1.2323
  33.333  33.333 1.20958
  55.556  33.333 1.12756
  77.778  33.333 1.33657
     100  33.333 1.31047
 122.222  33.333 1.21332
 144.444  33.333 1.21698
 166.667  33.333 1.15977
 188.889  33.333 1.17194
  11.111  55.556 1.21645
  33.333  55.556 1.16181
  55.556  55.556 1.14176
  77.778  55.556 1.31095
     100  55.556  1.2022
 122.222  55.556 1.13088
 144.444  55.556 1.23324
 166.667  55.556 1.14795
 188.889  55.556 1.22417
  11.111  77.778 1.16113
  33.333  77.778 1.23621
  55.556  77.778 0.98625
  77.778  77.778  1.0888
     100  77.778 1.11572
 122.222  77.778 1.15577
 144.444  77.778 1.28899
 166.667  77.778 1.34809
 188.889  77.778 1.53451
  11.111     100 1.28563
  33.333     100 1.27755
  55.556     100 1.21182
  77.778     100  1.2545
     100     100 0.93807
 122.222     100 1.26956
 144.444     100 1.52518
 166.667     100 1.33458
 188.889     100 1.37999
  11.111 122.222 1.24343
  33.333 122.222 1.23778
  55.556 122.222 1.30486
  77.778 122.222 1.45537
     100 122.222 1.23589
 122.222 122.222 1.29885
 144.444 122.222  1.3588
 166.667 122.222 1.26016
 188.889 122.222  1.1106
  11.111 144.444 1.07307
  33.333 144.444 1.13886
  55.556 144.444 1.13033
  77.778 144.444 1.18306
     100 144.444 1.12599
 122.222 144.444 1.35306
 144.444 144.444 1.25184
 166.667 144.444 1.38219
 188.889 144.444 1.20505
  11.111 166.667 1.09041
  33.333 166.667  1.1124
  55.556 166.667 1.15462
  77.778 166.667 1.25417
     100 166.667 1.21902
 122.222 166.667 1.25094
 144.444 166.667 1.24984
 166.667 166.667 1.50731
 188.889 166.667  1.2831
  11.111 188.889 1.24945
  33.333 188.889 1.28043
  55.556 188.889 1.33651
  77.778 188.889 1.40735
     100 188.889 1.15421
 122.222 188.889 1.29762
 144.444 188.889 1.38127
 166.667 188.889 1.47921
 188.889 188.889 1.15379
