Layer 4 Coarse Fraction
5
X
Y
Elev
Depth
CF
    275.00     87.50    615.98     18.50      0.00
    300.00    150.00    615.93     16.75      0.00
    375.00    162.50    615.93     18.00      0.00
    400.00    100.00    615.93     18.00      0.00
    400.00    150.00    615.93     18.00      0.00
    487.50    125.00    615.93     18.00      1.00
    325.00     87.50    615.90     18.50      0.00
    325.00    112.50    615.82     18.00      1.00
    375.00     62.50    615.82     18.00      0.00
    362.50    175.00    615.82     18.25      0.00
    262.50     75.00    615.81     18.00      0.00
    450.00    200.00    615.72     18.00      0.00
    225.00     87.50    615.64     18.25      1.00
    312.50     75.00    615.62     18.25      0.00
    387.50    225.00    615.62     18.50      1.00
    312.50    125.00    615.61     18.50      0.00
    350.00    200.00    615.57     18.00      1.00
    325.00    162.50    615.44     18.00      0.00
    325.00    212.50    615.43     20.00      0.00
    375.00    237.50    615.42     20.00      1.00
    362.50    125.00    615.36     18.75      0.00
    425.00    162.50    615.35     18.75      0.00
    312.50    125.00    615.34     18.50      0.00
    475.00    137.50    615.25     18.75      0.00
    325.00     37.50    615.24     18.50      1.00
    275.00     87.50    615.23     19.25      1.00
    375.00    137.50    615.13     19.00      1.00
    487.50    175.00    615.10     18.00      0.00
    475.00    162.50    615.08     19.00      0.00
    437.50     75.00    615.04     18.00      0.00
    325.00    187.50    615.00     19.00      0.00
    375.00     37.50    614.99     18.75      0.00
    450.00    100.00    614.93     19.00      0.00
    312.50    125.00    614.84     19.00      0.00
    312.50    225.00    614.76     19.50      1.00
    412.50     75.00    614.74     19.00      0.00
    300.00    150.00    614.68     18.00      0.00
    487.50    125.00    614.68     19.25      0.00
    425.00     87.50    614.67     20.00      0.00
    475.00     62.50    614.61     20.00      1.00
    337.50    125.00    614.58     20.25      0.00
    375.00     62.50    614.50     19.50      1.00
    275.00     87.50    614.48     20.00      0.00
    300.00    150.00    614.43     18.25      0.00
    287.50    125.00    614.35     18.50      0.00
    312.50    125.00    614.34     19.50      0.00
    387.50    125.00    614.33     19.75      0.00
    337.50    125.00    614.33     20.50      0.00
    325.00    112.50    614.32     19.50      0.00
    262.50     75.00    614.31     19.50      0.00
    312.50    225.00    614.26     20.00      1.00
    275.00     37.50    614.24     19.50      0.00
    462.50    125.00    614.22     20.00      0.00
    437.50    175.00    614.21     20.00      0.00
    325.00     87.50    614.15     20.25      1.00
    225.00     87.50    614.14     19.75      1.00
    375.00    137.50    614.13     20.00      0.00
    437.50    125.00    614.13     20.00      0.00
    387.50    225.00    614.12     20.00      1.00
    425.00    137.50    614.11     20.00      0.00
    287.50    125.00    614.10     18.75      0.00
    425.00    162.50    614.10     20.00      1.00
    375.00     87.50    614.09     20.00      0.00
    375.00    112.50    614.09     20.00      0.00
    387.50    125.00    614.08     20.00      0.00
    412.50    125.00    614.08     20.00      0.00
    412.50    175.00    614.08     20.00      0.00
    462.50     75.00    614.08     20.00      1.00
    475.00    162.50    614.08     20.00      0.00
    325.00    137.50    614.08     20.75      0.00
    362.50    175.00    614.07     20.00      0.00
    337.50     75.00    614.05     20.00      1.00
    475.00     87.50    614.02     20.00      0.00
    475.00    112.50    614.00     20.00      1.00
    475.00    137.50    614.00     20.00      0.00
    375.00     37.50    613.99     19.75      1.00
    425.00    112.50    613.98     20.00      0.00
    362.50     75.00    613.95     20.00      1.00
    400.00    100.00    613.93     20.00      0.00
    400.00    150.00    613.93     20.00      0.00
    450.00    100.00    613.93     20.00      0.00
    450.00    150.00    613.93     20.00      0.00
    487.50     75.00    613.93     20.00      1.00
    487.50    125.00    613.93     20.00      0.00
    225.00     87.50    613.89     20.00      0.00
    287.50     75.00    613.88     20.00      0.00
    312.50     75.00    613.87     20.00      1.00
    287.50    125.00    613.85     19.00      0.00
    312.50    125.00    613.84     20.00      0.00
    350.00    200.00    613.82     19.75      1.00
    375.00     62.50    613.82     20.00      0.00
    262.50     75.00    613.81     20.00      0.00
    325.00     37.50    613.74     20.00      1.00
    375.00     37.50    613.74     20.00      1.00
    412.50     75.00    613.74     20.00      0.00
    450.00    200.00    613.72     20.00      0.00
    287.50    125.00    613.60     19.25      0.00
    487.50    175.00    613.60     19.50      1.00
    425.00     62.50    613.60     20.00      0.00
    350.00    200.00    613.57     20.00      1.00
    325.00    112.50    613.57     20.25      1.00
    275.00     37.50    613.49     20.25      1.00
    375.00     37.50    613.49     20.25      0.00
    375.00    187.50    613.45     20.50      0.00
    425.00    187.50    613.43     20.00      1.00
    375.00    162.50    613.43     20.50      0.00
    375.00     62.50    613.32     20.50      0.00
    362.50    175.00    613.32     20.75      0.00
    375.00    162.50    613.18     20.75      0.00
    487.50    175.00    613.10     20.00      0.00
    325.00    137.50    613.08     21.75      0.00
    337.50     75.00    613.05     21.00      1.00
    437.50     75.00    613.04     20.00      0.00
    275.00    112.50    612.92     20.00      1.00
    312.50     75.00    612.87     21.00      1.00
    287.50    125.00    612.85     20.00      0.00
    325.00    112.50    612.82     21.00      0.00
    337.50     75.00    612.80     21.25      1.00
    275.00     37.50    612.74     21.00      0.00
    325.00    162.50    612.69     20.75      0.00
    300.00    150.00    612.68     20.00      0.00
    312.50    125.00    612.59     21.25      0.00
    375.00     87.50    612.59     21.50      1.00
    337.50    125.00    612.58     22.25      0.00
    387.50     75.00    612.57     21.25      0.00
    337.50     75.00    612.55     21.50      1.00
    337.50    175.00    612.51     21.00      0.00
    325.00     37.50    612.49     21.25      1.00
    350.00    100.00    612.46     22.00      1.00
    362.50     75.00    612.45     21.50      0.00
    312.50    175.00    612.40     21.00      0.00
    325.00     87.50    612.40     22.00      1.00
    337.50     75.00    612.30     21.75      1.00
    375.00    162.50    612.18     21.75      0.00
    350.00    150.00    612.15     21.75      0.00
    375.00    137.50    612.13     22.00      1.00
    312.50     75.00    612.12     21.75      0.00
    362.50    125.00    612.11     22.00      0.00
    387.50    175.00    612.11     22.00      1.00
    375.00     87.50    612.09     22.00      0.00
    375.00    112.50    612.09     22.00      0.00
    387.50    125.00    612.08     22.00      1.00
    337.50    125.00    612.08     22.75      0.00
    337.50     75.00    612.05     22.00      1.00
