Layer 2 Coarse Fraction
5
X
Y
Elev
Depth
CF
    512.50    275.00    627.47      6.00      1.00
    225.00    112.50    627.46      6.00      0.00
    587.50     75.00    627.45      7.25      1.00
    375.00    162.50    627.43      6.50      1.00
    400.00    150.00    627.43      6.50      0.00
    525.00    162.50    627.43      6.50      1.00
    575.00    112.50    627.43      6.50      1.00
    275.00    112.50    627.42      5.50      1.00
    712.50    275.00    627.42      5.50      1.00
    300.00    100.00    627.42      6.00      1.00
    500.00    200.00    627.41      6.00      1.00
    312.50    175.00    627.40      6.00      1.00
    562.50    225.00    627.38      6.00      0.00
    450.00    250.00    627.37      6.00      1.00
    312.50     75.00    627.37      6.50      1.00
    550.00    200.00    627.36      6.00      0.00
    287.50    125.00    627.35      5.50      1.00
    375.00     87.50    627.34      6.75      1.00
    375.00     62.50    627.32      6.50      1.00
    362.50    175.00    627.32      6.75      1.00
    262.50     75.00    627.31      6.50      1.00
    537.50    275.00    627.30      6.00      1.00
    762.50    275.00    627.29      6.00      1.00
    525.00     87.50    627.29      7.50      1.00
    375.00    212.50    627.29      8.75      1.00
    525.00    287.50    627.28      6.00      1.00
    462.50    225.00    627.27      6.00      1.00
    575.00    212.50    627.26      6.00      1.00
    462.50    275.00    627.26      6.50      1.00
    537.50    225.00    627.25      6.00      0.00
    375.00     62.50    627.25      6.75      1.00
    475.00    112.50    627.25      6.75      1.00
    475.00    137.50    627.25      6.75      1.00
    212.50     75.00    627.24      7.50      1.00
    275.00    187.50    627.23      6.00      1.00
    700.00    150.00    627.22      3.00      0.00
    737.50    275.00    627.21      6.50      0.00
    587.50     75.00    627.20      7.50      0.00
    525.00    112.50    627.18      6.75      1.00
    537.50    125.00    627.18      6.75      1.00
    550.00    100.00    627.18      6.75      1.00
    575.00    587.50    627.17      6.00      1.00
    375.00    237.50    627.17      8.25      1.00
    475.00     62.50    627.11      7.50      1.00
    487.50    175.00    627.10      6.00      0.00
    412.50    125.00    627.08      7.00      1.00
    225.00    187.50    627.06      6.50      1.00
    262.50     75.00    627.06      6.75      1.00
    187.50    175.00    627.04      6.50      1.00
    462.50    225.00    627.02      6.25      0.00
    612.50    225.00    627.01      6.00      1.00
    175.00    162.50    627.01      7.25      0.00
    512.50    225.00    627.00      6.00      0.00
    475.00    137.50    627.00      7.00      1.00
    550.00    250.00    626.99      6.00      1.00
    700.00    200.00    626.98      3.00      0.00
    775.00    212.50    626.98      3.00      0.00
    687.50    275.00    626.95      7.25      1.00
    512.50    175.00    626.93      5.75      1.00
    450.00    150.00    626.93      7.00      0.00
    550.00    150.00    626.93      7.00      1.00
    712.50    275.00    626.92      6.00      1.00
    562.50    275.00    626.90      6.00      1.00
    562.50    275.00    626.90      6.00      1.00
    312.50    175.00    626.90      6.50      1.00
    287.50     75.00    626.88      7.00      1.00
    437.50    225.00    626.87      4.25      1.00
    725.00    212.50    626.84      0.50      0.00
    412.50    175.00    626.83      7.25      1.00
    175.00    187.50    626.83      7.75      1.00
    325.00    137.50    626.83      8.00      1.00
    287.50    175.00    626.79      6.00      1.00
    437.50     75.00    626.79      6.25      1.00
    187.50    125.00    626.77      7.00      1.00
    462.50    275.00    626.76      7.00      1.00
    750.00    250.00    626.75      8.00      1.00
    325.00     37.50    626.74      7.00      0.00
    212.50     75.00    626.74      8.00      0.00
    275.00    187.50    626.73      6.50      0.00
    200.00    100.00    626.73      7.25      1.00
    200.00    150.00    626.72      7.00      1.00
    450.00    200.00    626.72      7.00      1.00
    462.50    125.00    626.72      7.50      1.00
    212.50    175.00    626.71      6.75      1.00
    587.50     75.00    626.70      8.00      0.00
    300.00    150.00    626.68      6.00      1.00
    512.50    175.00    626.68      6.00      1.00
    375.00    162.50    626.68      7.25      1.00
    500.00    100.00    626.68      7.25      1.00
    537.50    125.00    626.68      7.25      1.00
    550.00    150.00    626.68      7.25      1.00
    512.50     75.00    626.67      6.25      1.00
    425.00     87.50    626.67      8.00      1.00
    612.50     75.00    626.65      6.00      1.00
    325.00     87.50    626.65      7.75      1.00
    225.00     87.50    626.64      7.25      1.00
    312.50     75.00    626.62      7.25      1.00
    287.50    125.00    626.60      6.25      0.00
    425.00    162.50    626.60      7.50      1.00
    712.50    225.00    626.59      2.00      0.00
    662.50    275.00    626.58      7.25      1.00
    362.50    175.00    626.57      7.50      1.00
    325.00    237.50    626.57      9.75      1.00
    175.00     87.50    626.57     10.00      1.00
    475.00    262.50    626.55      6.00      0.00
    337.50     75.00    626.55      7.50      1.00
    437.50     75.00    626.54      6.50      0.00
    375.00     62.50    626.50      7.50      1.00
    475.00    112.50    626.50      7.50      0.00
    425.00    112.50    626.48      7.50      1.00
    362.50     75.00    626.45      7.50      1.00
    687.50    275.00    626.45      7.75      1.00
    325.00     37.50    626.44      7.30      1.00
    400.00    100.00    626.43      7.50      1.00
    525.00    112.50    626.43      7.50      1.00
    550.00    100.00    626.43      7.50      1.00
    325.00    212.50    626.43      9.00      0.00
    350.00    150.00    626.40      7.50      1.00
    475.00    187.50    626.40      9.75      1.00
    362.50    225.00    626.40     11.00      0.00
    712.50    225.00    626.34      2.25      0.00
    325.00    112.50    626.32      7.50      1.00
    375.00     62.50    626.32      7.50      1.00
    325.00    237.50    626.32     10.00      0.00
    225.00    187.50    626.31      7.25      1.00
    187.50    175.00    626.29      7.25      1.00
    237.50     75.00    626.29      7.75      1.00
    462.50    225.00    626.27      7.00      1.00
    200.00    100.00    626.23      7.75      1.00
    275.00     87.50    626.23      8.25      1.00
    462.50    125.00    626.22      8.00      0.00
    687.50    275.00    626.20      8.00      0.00
    412.50    275.00    626.19      8.00      1.00
    412.50    275.00    626.19      8.00      1.00
    475.00    237.50    626.18      5.75      1.00
    300.00    150.00    626.18      6.50      0.00
    500.00    100.00    626.18      7.75      0.00
    525.00    137.50    626.18      7.75      1.00
    537.50    125.00    626.18      7.75      1.00
    550.00    150.00    626.18      7.75      1.00
    325.00    212.50    626.18      9.25      1.00
    712.50    275.00    626.17      6.75      0.00
    475.00    187.50    626.15     10.00      1.00
    287.50     75.00    626.13      7.75      1.00
    387.50    175.00    626.11      8.00      0.00
    425.00    137.50    626.11      8.00      1.00
    337.50    225.00    626.11     10.00      1.00
    287.50    125.00    626.10      6.75      0.00
    487.50    175.00    626.10      7.00      1.00
    425.00    162.50    626.10      8.00      1.00
    725.00    212.50    626.09      1.25      1.00
    712.50    225.00    626.09      2.50      1.00
    412.50    125.00    626.08      8.00      1.00
    412.50    175.00    626.08      8.00      1.00
    375.00     62.50    626.07      7.75      1.00
    362.50    175.00    626.07      8.00      1.00
    337.50     75.00    626.05      8.00      1.00
    475.00     87.50    626.02      8.00      1.00
    175.00    162.50    626.01      8.25      1.00
    325.00    187.50    626.00      8.00      1.00
    475.00    112.50    626.00      8.00      0.00
    462.50    125.00    625.97      8.25      1.00
    212.50    175.00    625.96      7.50      1.00
    562.50    175.00    625.96      8.00      1.00
    525.00    187.50    625.94      8.00      1.00
    375.00    162.50    625.93      8.00      0.00
    400.00    150.00    625.93      8.00      1.00
    450.00    100.00    625.93      8.00      1.00
    450.00    150.00    625.93      8.00      0.00
    487.50     75.00    625.93      8.00      1.00
    487.50    125.00    625.93      8.00      1.00
    500.00    100.00    625.93      8.00      1.00
    512.50    125.00    625.93      8.00      1.00
    525.00    112.50    625.93      8.00      1.00
    525.00    137.50    625.93      8.00      1.00
    525.00    162.50    625.93      8.00      1.00
    537.50    125.00    625.93      8.00      1.00
    537.50    125.00    625.93      8.00      1.00
    550.00    100.00    625.93      8.00      1.00
    550.00    150.00    625.93      8.00      0.00
    550.00    150.00    625.93      8.00      1.00
    562.50    125.00    625.93      8.00      1.00
    575.00    112.50    625.93      8.00      0.00
    575.00    137.50    625.93      8.00      1.00
    575.00    162.50    625.93      8.00      1.00
    575.00    187.50    625.93      8.00      0.00
    512.50     75.00    625.92      7.00      1.00
    712.50    275.00    625.92      7.00      1.00
    350.00    150.00    625.90      8.00      1.00
    362.50    225.00    625.90     11.50      1.00
    225.00     87.50    625.89      8.00      0.00
    287.50     75.00    625.88      8.00      1.00
    662.50    275.00    625.83      8.00      1.00
    175.00    187.50    625.83      8.75      1.00
    375.00     62.50    625.82      8.00      0.00
    375.00     62.50    625.82      8.00      1.00
    387.50     75.00    625.82      8.00      1.00
    262.50     75.00    625.81      8.00      1.00
    575.00     87.50    625.81      8.00      1.00
    525.00     87.50    625.79      9.00      1.00
    462.50    275.00    625.76      8.00      1.00
    325.00     37.50    625.74      8.00      1.00
    212.50     75.00    625.74      9.00      1.00
    550.00     50.00    625.73      8.00      1.00
    450.00    200.00    625.72      8.00      1.00
    462.50    125.00    625.72      8.50      0.00
    737.50    275.00    625.71      8.00      1.00
    350.00    100.00    625.71      8.75      0.00
    512.50    175.00    625.68      7.00      1.00
    375.00    162.50    625.68      8.25      1.00
    375.00    237.50    625.67      9.75      1.00
    325.00     87.50    625.65      8.75      1.00
    487.50    275.00    625.64      8.00      0.00
    262.50    175.00    625.63      7.75      1.00
    425.00     62.50    625.60      8.00      1.00
    712.50    225.00    625.59      3.00      0.00
    375.00    112.50    625.59      8.50      1.00
    325.00    112.50    625.57      8.25      1.00
    375.00     62.50    625.57      8.25      1.00
    575.00     62.50    625.54      8.00      1.00
    525.00     87.50    625.54      9.25      1.00
    187.50    125.00    625.52      8.25      1.00
    375.00     62.50    625.50      8.50      1.00
    712.50    275.00    625.42      7.50      0.00
    362.50    225.00    625.40     12.00      0.00
    450.00    250.00    625.37      8.00      1.00
    387.50    175.00    625.36      8.75      0.00
    725.00    212.50    625.34      2.00      0.00
    375.00     87.50    625.34      8.75      1.00
    325.00    237.50    625.32     11.00      1.00
    225.00    187.50    625.31      8.25      0.00
    262.50     75.00    625.31      8.50      1.00
    462.50    225.00    625.27      8.00      1.00
    200.00    150.00    625.22      8.50      1.00
    437.50    175.00    625.21      9.00      1.00
    300.00    150.00    625.18      7.50      1.00
    225.00    162.50    625.18      8.00      1.00
    400.00    100.00    625.18      8.75      0.00
    450.00    150.00    625.18      8.75      0.00
    487.50     75.00    625.18      8.75      1.00
    712.50    275.00    625.17      7.75      1.00
    425.00     87.50    625.17      9.50      1.00
    562.50     75.00    625.16      8.00      1.00
    362.50    125.00    625.11      9.00      1.00
    487.50    175.00    625.10      8.00      0.00
    725.00    212.50    625.09      2.25      0.00
    375.00     87.50    625.09      9.00      1.00
    387.50     75.00    625.07      8.75      1.00
    362.50    175.00    625.07      9.00      0.00
    262.50     75.00    625.06      8.75      1.00
    337.50     75.00    625.05      9.00      1.00
    437.50     75.00    625.04      8.00      1.00
    237.50     75.00    625.04      9.00      1.00
    187.50    125.00    625.02      8.75      1.00
    475.00    112.50    625.00      9.00      0.00
    412.50     75.00    624.99      8.75      1.00
    425.00    112.50    624.98      9.00      1.00
    362.50     75.00    624.95      9.00      1.00
    400.00    150.00    624.93      9.00      1.00
    275.00    112.50    624.92      8.00      1.00
    512.50     75.00    624.92      8.00      1.00
    712.50    275.00    624.92      8.00      1.00
    300.00    100.00    624.92      8.50      1.00
    475.00    187.50    624.90     11.25      1.00
    387.50    225.00    624.87      9.25      1.00
    287.50    125.00    624.85      8.00      1.00
    287.50    125.00    624.85      8.00      0.00
    375.00     87.50    624.84      9.25      1.00
    375.00    112.50    624.84      9.25      1.00
    175.00    187.50    624.83      9.75      1.00
    337.50    125.00    624.83     10.00      1.00
    325.00    112.50    624.82      9.00      1.00
    262.50     75.00    624.81      9.00      1.00
    525.00     87.50    624.79     10.00      0.00
    750.00    250.00    624.75     10.00      1.00
    212.50     75.00    624.74     10.00      0.00
    275.00     87.50    624.73      9.75      0.00
    350.00    100.00    624.71      9.75      1.00
    300.00    150.00    624.68      8.00      1.00
    512.50    175.00    624.68      8.00      1.00
    400.00    150.00    624.68      9.25      1.00
    175.00    112.50    624.66      9.25      1.00
    312.50    175.00    624.65      8.75      0.00
    350.00    150.00    624.65      9.25      1.00
    225.00     87.50    624.64      9.25      1.00
    312.50     75.00    624.62      9.25      1.00
    425.00    137.50    624.61      9.50      0.00
    475.00     62.50    624.61     10.00      1.00
    287.50    125.00    624.60      8.25      1.00
    425.00    162.50    624.60      9.50      1.00
    312.50    125.00    624.59      9.25      1.00
    375.00     87.50    624.59      9.50      1.00
    475.00    162.50    624.58      9.50      1.00
    175.00    187.50    624.58     10.00      1.00
    387.50     75.00    624.57      9.25      1.00
    262.50     75.00    624.56      9.25      1.00
    475.00    262.50    624.55      8.00      1.00
    375.00    212.50    624.54     11.50      1.00
    475.00     87.50    624.52      9.50      1.00
    312.50    225.00    624.51      9.75      1.00
    425.00    237.50    624.50      8.00      1.00
    200.00    100.00    624.48      9.50      1.00
    375.00    162.50    624.43      9.50      1.00
    487.50    125.00    624.43      9.50      1.00
    425.00     87.50    624.42     10.25      1.00
    375.00    237.50    624.42     11.00      1.00
    325.00     87.50    624.40     10.00      1.00
    225.00     87.50    624.39      9.50      1.00
    387.50    175.00    624.36      9.75      0.00
    337.50    225.00    624.36     11.75      1.00
    425.00     62.50    624.35      9.25      1.00
    725.00    212.50    624.34      3.00      0.00
    375.00     62.50    624.32      9.50      1.00
    387.50     75.00    624.32      9.50      1.00
    175.00    137.50    624.32     10.00      1.00
    325.00    237.50    624.32     12.00      1.00
    262.50     75.00    624.31      9.50      1.00
    337.50     75.00    624.30      9.75      1.00
    237.50     75.00    624.29      9.75      1.00
    187.50    125.00    624.27      9.50      1.00
    337.50    175.00    624.26      9.25      1.00
    175.00    162.50    624.26     10.00      1.00
    375.00     62.50    624.25      9.75      1.00
    375.00     37.50    624.24      9.50      1.00
    462.50    125.00    624.22     10.00      0.00
    250.00    100.00    624.20      8.75      1.00
    262.50    125.00    624.20      9.00      1.00
    375.00    187.50    624.20      9.75      1.00
    325.00    162.50    624.19      9.25      1.00
    400.00    100.00    624.18      9.75      1.00
    325.00    212.50    624.18     11.25      0.00
    275.00    112.50    624.17      8.75      1.00
    300.00    100.00    624.17      9.25      1.00
    175.00    112.50    624.16      9.75      1.00
    350.00    150.00    624.15      9.75      0.00
    325.00     87.50    624.15     10.25      1.00
    475.00    187.50    624.15     12.00      0.00
    312.50     75.00    624.12      9.75      1.00
    387.50    225.00    624.12     10.00      1.00
    337.50    225.00    624.11     12.00      1.00
    425.00    162.50    624.10     10.00      1.00
    375.00     87.50    624.09     10.00      1.00
    387.50    125.00    624.08     10.00      1.00
    412.50    175.00    624.08     10.00      1.00
    475.00    162.50    624.08     10.00      1.00
    262.50     75.00    624.06      9.75      0.00
    237.50     75.00    624.04     10.00      1.00
    237.50    125.00    624.04     10.00      1.00
    375.00    212.50    624.04     12.00      0.00
    312.50    225.00    624.01     10.25      1.00
    375.00     62.50    624.00     10.00      1.00
    475.00    137.50    624.00     10.00      1.00
    412.50     75.00    623.99      9.75      1.00
    212.50    125.00    623.98      9.50      1.00
    200.00    100.00    623.98     10.00      1.00
    275.00     87.50    623.98     10.50      1.00
    200.00    150.00    623.97      9.75      1.00
    450.00    200.00    623.97      9.75      1.00
    362.50     75.00    623.95     10.00      1.00
    475.00    237.50    623.93      8.00      1.00
    300.00    150.00    623.93      8.75      1.00
    375.00    162.50    623.93     10.00      1.00
    400.00    150.00    623.93     10.00      1.00
    175.00    112.50    623.91     10.00      1.00
    387.50    175.00    623.86     10.25      0.00
    287.50    125.00    623.85      9.00      1.00
    375.00     87.50    623.84     10.25      1.00
    462.50     75.00    623.83     10.25      1.00
    337.50    125.00    623.83     11.00      1.00
    325.00    237.50    623.82     12.50      1.00
    262.50     75.00    623.81     10.00      0.00
    187.50    125.00    623.77     10.00      0.00
    475.00    112.50    623.75     10.25      1.00
    275.00     37.50    623.74     10.00      0.00
    275.00    187.50    623.73      9.50      1.00
    200.00    150.00    623.72     10.00      1.00
    275.00    137.50    623.70      9.25      1.00
    300.00    150.00    623.68      9.00      1.00
    400.00    150.00    623.68     10.25      1.00
    325.00    212.50    623.68     11.75      1.00
    300.00    100.00    623.67      9.75      1.00
    425.00     87.50    623.67     11.00      0.00
    437.50    125.00    623.63     10.50      1.00
    312.50     75.00    623.62     10.25      1.00
    387.50    225.00    623.62     10.50      1.00
    412.50    125.00    623.58     10.50      1.00
    475.00    162.50    623.58     10.50      1.00
    325.00    137.50    623.58     11.25      0.00
    325.00    237.50    623.57     12.75      1.00
    225.00    187.50    623.56     10.00      1.00
    187.50    175.00    623.54     10.00      1.00
    237.50     75.00    623.54     10.50      1.00
    212.50    125.00    623.48     10.00      1.00
    425.00    112.50    623.48     10.50      1.00
    462.50    125.00    623.47     10.75      1.00
    212.50    175.00    623.46     10.00      1.00
    225.00    112.50    623.46     10.00      0.00
    250.00    100.00    623.45      9.50      1.00
    375.00    187.50    623.45     10.50      1.00
    325.00    162.50    623.44     10.00      0.00
    300.00    150.00    623.43      9.25      1.00
    487.50     75.00    623.43     10.50      1.00
    275.00    112.50    623.42      9.50      1.00
    375.00    237.50    623.42     12.00      1.00
    325.00     87.50    623.40     11.00      1.00
    262.50    175.00    623.38     10.00      1.00
    375.00    137.50    623.38     10.75      1.00
    237.50    175.00    623.37     10.00      1.00
    475.00     62.50    623.36     11.25      1.00
    287.50    125.00    623.35      9.50      0.00
    425.00     62.50    623.35     10.25      1.00
    312.50    125.00    623.34     10.50      0.00
    375.00     87.50    623.34     10.75      1.00
    375.00    112.50    623.34     10.75      1.00
    375.00     62.50    623.32     10.50      1.00
    362.50    175.00    623.32     10.75      1.00
    287.50    175.00    623.29      9.50      1.00
    312.50    225.00    623.26     11.00      1.00
    375.00     62.50    623.25     10.75      1.00
    275.00     37.50    623.24     10.50      1.00
    325.00     37.50    623.24     10.50      0.00
    275.00    187.50    623.23     10.00      0.00
    275.00     87.50    623.23     11.25      1.00
    462.50    125.00    623.22     11.00      0.00
    262.50    125.00    623.20     10.00      1.00
    225.00    162.50    623.18     10.00      1.00
    450.00    150.00    623.18     10.75      1.00
    487.50    125.00    623.18     10.75      1.00
    275.00    112.50    623.17      9.75      1.00
    275.00    112.50    623.17      9.75      1.00
    325.00     87.50    623.15     11.25      0.00
    437.50    225.00    623.12      8.00      0.00
    375.00     87.50    623.09     11.00      1.00
    275.00    162.50    623.08     10.00      1.00
    462.50     75.00    623.08     11.00      1.00
    462.50    175.00    623.08     11.00      1.00
    325.00    137.50    623.08     11.75      1.00
    287.50    175.00    623.04      9.75      1.00
    250.00    150.00    623.03     10.00      1.00
    325.00    187.50    623.00     11.00      1.00
    375.00     62.50    623.00     11.00      0.00
    412.50     75.00    622.99     10.75      1.00
    250.00    100.00    622.95     10.00      1.00
    375.00    187.50    622.95     11.00      0.00
    487.50     75.00    622.93     11.00      1.00
    275.00    112.50    622.92     10.00      1.00
    300.00    100.00    622.92     10.50      1.00
    375.00    237.50    622.92     12.50      1.00
    425.00    137.50    622.86     11.25      1.00
    287.50    125.00    622.85     10.00      1.00
    425.00     62.50    622.85     10.75      1.00
    375.00     87.50    622.84     11.25      1.00
    387.50    125.00    622.83     11.25      1.00
    412.50    125.00    622.83     11.25      0.00
    387.50     75.00    622.82     11.00      1.00
    225.00    137.50    622.80     10.00      1.00
    287.50    175.00    622.79     10.00      0.00
    337.50    175.00    622.76     10.75      1.00
    375.00     62.50    622.75     11.25      0.00
    475.00    112.50    622.75     11.25      1.00
    425.00    112.50    622.73     11.25      1.00
    275.00     87.50    622.73     11.75      1.00
    450.00    200.00    622.72     11.00      0.00
    462.50    125.00    622.72     11.50      1.00
    437.50    175.00    622.71     11.50      1.00
    325.00    162.50    622.69     10.75      0.00
    300.00    150.00    622.68     10.00      1.00
    425.00    187.50    622.68     10.75      1.00
    450.00    100.00    622.68     11.25      1.00
    487.50    125.00    622.68     11.25      0.00
    325.00    212.50    622.68     12.75      0.00
    300.00    100.00    622.67     10.75      1.00
    287.50     75.00    622.63     11.25      1.00
    375.00    137.50    622.63     11.50      1.00
    387.50    225.00    622.62     11.50      1.00
    425.00    137.50    622.61     11.50      1.00
    337.50    225.00    622.61     13.50      1.00
    287.50    125.00    622.60     10.25      1.00
    425.00     62.50    622.60     11.00      1.00
    312.50    125.00    622.59     11.25      0.00
    375.00    112.50    622.59     11.50      0.00
    462.50     75.00    622.58     11.50      1.00
    462.50    175.00    622.58     11.50      1.00
    325.00    112.50    622.57     11.25      1.00
    387.50     75.00    622.57     11.25      0.00
    362.50    175.00    622.57     11.50      0.00
    262.50     75.00    622.56     11.25      1.00
    337.50     75.00    622.55     11.50      1.00
    337.50    175.00    622.51     11.00      0.00
    325.00    187.50    622.50     11.50      1.00
    375.00     62.50    622.50     11.50      0.00
