Layer 3 Coarse Fraction
5
X
Y
Elev
Depth
CF
    300.00    150.00    621.43     11.25      1.00
    425.00    187.50    621.43     12.00      1.00
    375.00    162.50    621.43     12.50      0.00
    225.00     87.50    621.39     12.50      1.00
    387.50    175.00    621.36     12.75      0.00
    487.50    175.00    621.35     11.75      1.00
    387.50    125.00    621.33     12.75      0.00
    462.50    175.00    621.33     12.75      0.00
    325.00    237.50    621.32     15.00      0.00
    437.50     75.00    621.29     11.75      1.00
    312.50    225.00    621.26     13.00      1.00
    275.00     37.50    621.24     12.50      1.00
    400.00    100.00    621.18     12.75      0.00
    275.00    112.50    621.17     11.75      1.00
    325.00     87.50    621.15     13.25      0.00
    287.50     75.00    621.13     12.75      0.00
    312.50     75.00    621.12     12.75      1.00
    487.50    175.00    621.10     12.00      1.00
    425.00    162.50    621.10     13.00      1.00
    362.50    175.00    621.07     13.00      0.00
    437.50     75.00    621.04     12.00      0.00
    475.00     87.50    621.02     13.00      1.00
    325.00    187.50    621.00     13.00      1.00
    475.00    137.50    621.00     13.00      0.00
    325.00     37.50    620.99     12.75      1.00
    275.00     87.50    620.98     13.50      0.00
    450.00    200.00    620.97     12.75      0.00
    275.00    137.50    620.95     12.00      1.00
    300.00    150.00    620.93     11.75      0.00
    300.00    100.00    620.92     12.50      1.00
    350.00    150.00    620.90     13.00      1.00
    375.00    137.50    620.88     13.25      0.00
    387.50    225.00    620.87     13.25      1.00
    387.50    175.00    620.86     13.25      0.00
    337.50    225.00    620.86     15.25      1.00
    287.50    125.00    620.85     12.00      1.00
    462.50     75.00    620.83     13.25      1.00
    462.50    175.00    620.83     13.25      1.00
    325.00    237.50    620.82     15.50      0.00
    337.50    175.00    620.76     12.75      0.00
    325.00    187.50    620.75     13.25      0.00
    212.50     75.00    620.74     14.00      0.00
    437.50    175.00    620.71     13.50      0.00
    325.00    162.50    620.69     12.75      0.00
    375.00    162.50    620.68     13.25      0.00
    487.50    125.00    620.68     13.25      0.00
    312.50     75.00    620.62     13.25      1.00
    475.00     62.50    620.61     14.00      1.00
    425.00     62.50    620.60     13.00      0.00
    375.00     87.50    620.59     13.50      1.00
    387.50    125.00    620.58     13.50      1.00
    325.00    137.50    620.58     14.25      1.00
    337.50    125.00    620.58     14.25      1.00
    337.50     75.00    620.55     13.50      0.00
    337.50    175.00    620.51     13.00      0.00
    325.00    187.50    620.50     13.50      1.00
    475.00    137.50    620.50     13.50      0.00
    375.00     37.50    620.49     13.25      1.00
    425.00    112.50    620.48     13.50      0.00
    350.00    100.00    620.46     14.00      1.00
    300.00    150.00    620.43     12.25      0.00
    487.50     75.00    620.43     13.50      0.00
    375.00    137.50    620.38     13.75      1.00
    425.00    137.50    620.36     13.75      0.00
    425.00    162.50    620.35     13.75      1.00
    462.50    175.00    620.33     13.75      1.00
    375.00     62.50    620.32     13.50      1.00
    337.50     75.00    620.30     13.75      0.00
    312.50    225.00    620.26     14.00      1.00
    325.00    187.50    620.25     13.75      1.00
    275.00     37.50    620.24     13.50      1.00
    462.50    125.00    620.22     14.00      1.00
    325.00    162.50    620.19     13.25      0.00
    362.50    225.00    620.15     17.25      1.00
    387.50    175.00    620.11     14.00      0.00
    475.00     62.50    620.11     14.50      0.00
    425.00    162.50    620.10     14.00      1.00
    375.00    112.50    620.09     14.00      0.00
    412.50    175.00    620.08     14.00      0.00
    387.50     75.00    620.07     13.75      0.00
    362.50    175.00    620.07     14.00      0.00
    325.00    237.50    620.07     16.25      0.00
    337.50     75.00    620.05     14.00      1.00
    375.00    212.50    620.04     16.00      1.00
    312.50    225.00    620.01     14.25      1.00
    425.00    112.50    619.98     14.00      0.00
    362.50     75.00    619.95     14.00      1.00
    425.00    187.50    619.93     13.50      1.00
    375.00    162.50    619.93     14.00      0.00
    400.00    150.00    619.93     14.00      0.00
    487.50     75.00    619.93     14.00      0.00
    287.50     75.00    619.88     14.00      1.00
    312.50    125.00    619.86     14.25      0.00
    362.50    125.00    619.86     14.25      1.00
    337.50    225.00    619.86     16.25      1.00
    287.50    125.00    619.85     13.00      1.00
    487.50    175.00    619.85     13.25      0.00
    312.50    125.00    619.84     14.00      1.00
    337.50    125.00    619.83     15.00      0.00
    325.00    112.50    619.82     14.00      1.00
    375.00     62.50    619.82     14.00      0.00
    337.50     75.00    619.80     14.25      0.00
    325.00    187.50    619.75     14.25      0.00
    275.00     37.50    619.74     14.00      1.00
    375.00     37.50    619.74     14.00      1.00
    412.50     75.00    619.74     14.00      0.00
    312.50    175.00    619.65     13.75      1.00
    312.50     75.00    619.62     14.25      1.00
    312.50    125.00    619.59     14.25      0.00
    375.00     87.50    619.59     14.50      1.00
    387.50    125.00    619.58     14.50      1.00
    462.50     75.00    619.58     14.50      1.00
    325.00    137.50    619.58     15.25      1.00
    475.00     87.50    619.52     14.50      1.00
    337.50    175.00    619.51     14.00      0.00
    325.00    187.50    619.50     14.50      1.00
    475.00    112.50    619.50     14.50      1.00
    275.00     37.50    619.49     14.25      0.00
    275.00     87.50    619.48     15.00      0.00
    400.00    100.00    619.43     14.50      0.00
    400.00    150.00    619.43     14.50      0.00
    325.00    212.50    619.43     16.00      0.00
    275.00    112.50    619.42     13.50      1.00
    300.00    100.00    619.42     14.00      0.00
    375.00    237.50    619.42     16.00      1.00
    362.50    225.00    619.40     18.00      1.00
    437.50    125.00    619.38     14.75      0.00
    425.00     62.50    619.35     14.25      0.00
    275.00     87.50    619.23     15.25      1.00
    350.00    150.00    619.15     14.75      0.00
    375.00    137.50    619.13     15.00      0.00
    312.50     75.00    619.12     14.75      0.00
    475.00     62.50    619.11     15.50      0.00
    487.50    175.00    619.10     14.00      0.00
    387.50    125.00    619.08     15.00      0.00
    325.00    112.50    619.07     14.75      1.00
    387.50     75.00    619.07     14.75      0.00
    437.50     75.00    619.04     14.00      0.00
    475.00    137.50    619.00     15.00      1.00
    325.00     37.50    618.99     14.75      0.00
    400.00    150.00    618.93     15.00      1.00
    275.00    112.50    618.92     14.00      1.00
    425.00     87.50    618.92     15.75      0.00
    350.00    150.00    618.90     15.00      0.00
    325.00     87.50    618.90     15.50      0.00
    287.50     75.00    618.88     15.00      0.00
    375.00     87.50    618.84     15.25      1.00
    387.50    125.00    618.83     15.25      1.00
    462.50     75.00    618.83     15.25      1.00
    475.00    162.50    618.83     15.25      1.00
    375.00     62.50    618.82     15.00      0.00
    325.00    237.50    618.82     17.50      0.00
    337.50     75.00    618.80     15.25      1.00
    312.50    225.00    618.76     15.50      0.00
    375.00     62.50    618.75     15.25      0.00
    475.00    137.50    618.75     15.25      1.00
    275.00     37.50    618.74     15.00      1.00
    212.50     75.00    618.74     16.00      1.00
    375.00    162.50    618.68     15.25      1.00
    450.00    100.00    618.68     15.25      1.00
    487.50    125.00    618.68     15.25      1.00
    325.00    212.50    618.68     16.75      0.00
    425.00     87.50    618.67     16.00      0.00
    425.00    137.50    618.61     15.50      0.00
    337.50    225.00    618.61     17.50      1.00
    287.50    125.00    618.60     14.25      1.00
    375.00     87.50    618.59     15.50      1.00
    462.50    175.00    618.58     15.50      1.00
    375.00     62.50    618.57     15.25      0.00
    262.50     75.00    618.56     15.25      1.00
    475.00    137.50    618.50     15.50      1.00
    375.00     37.50    618.49     15.25      1.00
    275.00     87.50    618.48     16.00      0.00
    325.00    162.50    618.44     15.00      0.00
    487.50    125.00    618.43     15.50      0.00
    325.00     87.50    618.40     16.00      1.00
    312.50    125.00    618.36     15.75      1.00
    475.00     62.50    618.36     16.25      0.00
    375.00    112.50    618.34     15.75      0.00
    312.50    225.00    618.26     16.00      1.00
    375.00     62.50    618.25     15.75      0.00
    275.00     37.50    618.24     15.50      0.00
    462.50    125.00    618.22     16.00      0.00
    437.50    175.00    618.21     16.00      0.00
    350.00    100.00    618.21     16.25      0.00
    300.00    150.00    618.18     14.50      0.00
    375.00    237.50    618.17     17.25      1.00
    225.00     87.50    618.14     15.75      1.00
    375.00    137.50    618.13     16.00      1.00
    437.50    125.00    618.13     16.00      1.00
    387.50    175.00    618.11     16.00      0.00
    487.50    175.00    618.10     15.00      0.00
    425.00    162.50    618.10     16.00      0.00
    375.00     87.50    618.09     16.00      1.00
    387.50    125.00    618.08     16.00      0.00
    412.50    125.00    618.08     16.00      1.00
    462.50    175.00    618.08     16.00      0.00
    325.00    112.50    618.07     15.75      1.00
    387.50     75.00    618.07     15.75      0.00
    362.50    175.00    618.07     16.00      0.00
    262.50     75.00    618.06     15.75      0.00
    337.50     75.00    618.05     16.00      0.00
    375.00    212.50    618.04     18.00      0.00
    475.00     87.50    618.02     16.00      1.00
    337.50    175.00    618.01     15.50      0.00
    312.50    225.00    618.01     16.25      1.00
    325.00    187.50    618.00     16.00      0.00
    475.00    112.50    618.00     16.00      1.00
    475.00    137.50    618.00     16.00      1.00
    362.50     75.00    617.95     16.00      1.00
    375.00    187.50    617.95     16.00      0.00
    325.00    162.50    617.94     15.50      0.00
    375.00    162.50    617.93     16.00      1.00
    400.00    100.00    617.93     16.00      0.00
    450.00    100.00    617.93     16.00      0.00
    450.00    150.00    617.93     16.00      0.00
    487.50     75.00    617.93     16.00      0.00
    275.00    112.50    617.92     15.00      1.00
    350.00    150.00    617.90     16.00      0.00
    287.50     75.00    617.88     16.00      0.00
    475.00     62.50    617.86     16.75      1.00
    425.00     62.50    617.85     15.75      0.00
    312.50    125.00    617.84     16.00      0.00
    325.00    112.50    617.82     16.00      1.00
    375.00     62.50    617.82     16.00      0.00
    387.50     75.00    617.82     16.00      0.00
    262.50     75.00    617.81     16.00      0.00
    325.00    187.50    617.75     16.25      1.00
    375.00     62.50    617.75     16.25      0.00
    275.00     37.50    617.74     16.00      1.00
    375.00     37.50    617.74     16.00      1.00
    275.00     87.50    617.73     16.75      0.00
    300.00    150.00    617.68     15.00      1.00
    450.00    100.00    617.68     16.25      0.00
    325.00     87.50    617.65     16.75      1.00
    475.00     62.50    617.61     17.00      1.00
    375.00     87.50    617.59     16.50      0.00
    337.50    175.00    617.51     16.00      0.00
    275.00     37.50    617.49     16.25      0.00
    325.00    162.50    617.44     16.00      0.00
    425.00    187.50    617.43     16.00      1.00
    400.00    150.00    617.43     16.50      0.00
    300.00    100.00    617.42     16.00      1.00
    425.00     87.50    617.42     17.25      0.00
    375.00    237.50    617.42     18.00      1.00
    312.50    175.00    617.40     16.00      0.00
    362.50    225.00    617.40     20.00      1.00
    437.50    125.00    617.38     16.75      0.00
    312.50    125.00    617.36     16.75      1.00
    425.00    162.50    617.35     16.75      0.00
    300.00    150.00    617.18     15.50      1.00
    400.00    100.00    617.18     16.75      0.00
    325.00     87.50    617.15     17.25      0.00
    362.50    125.00    617.11     17.00      0.00
    425.00    137.50    617.11     17.00      1.00
    312.50    125.00    617.09     16.75      0.00
    412.50    125.00    617.08     17.00      0.00
    475.00    162.50    617.08     17.00      1.00
    375.00     62.50    617.07     16.75      0.00
    475.00     87.50    617.02     17.00      0.00
    475.00    112.50    617.00     17.00      1.00
    375.00     37.50    616.99     16.75      0.00
    462.50    125.00    616.97     17.25      1.00
    350.00    100.00    616.96     17.50      1.00
    362.50     75.00    616.95     17.00      0.00
    300.00    150.00    616.93     15.75      1.00
    275.00    112.50    616.92     16.00      1.00
    375.00    237.50    616.92     18.50      1.00
    225.00     87.50    616.89     17.00      0.00
    312.50     75.00    616.87     17.00      0.00
    312.50    125.00    616.86     17.25      0.00
    462.50    175.00    616.83     17.25      1.00
    325.00    112.50    616.82     17.00      1.00
    262.50     75.00    616.81     17.00      0.00
    375.00    212.50    616.79     19.25      1.00
    325.00    187.50    616.75     17.25      0.00
    375.00     37.50    616.74     17.00      1.00
    450.00    200.00    616.72     17.00      1.00
    300.00    150.00    616.68     16.00      1.00
    400.00    100.00    616.68     17.25      0.00
    312.50     75.00    616.62     17.25      1.00
    312.50    125.00    616.61     17.50      1.00
    287.50    125.00    616.60     16.25      1.00
    375.00     87.50    616.59     17.50      1.00
    462.50    175.00    616.58     17.50      0.00
    475.00    162.50    616.58     17.50      1.00
    325.00    137.50    616.58     18.25      0.00
    350.00    200.00    616.57     17.00      0.00
    262.50     75.00    616.56     17.25      1.00
    375.00    212.50    616.54     19.50      1.00
    475.00     87.50    616.52     17.50      1.00
    325.00    187.50    616.50     17.50      0.00
    475.00    112.50    616.50     17.50      1.00
    475.00    137.50    616.50     17.50      1.00
    350.00    100.00    616.46     18.00      1.00
    325.00    162.50    616.44     17.00      0.00
    425.00    187.50    616.43     17.00      0.00
    400.00    150.00    616.43     17.50      0.00
    487.50    125.00    616.43     17.50      0.00
    275.00    112.50    616.42     16.50      1.00
    325.00     87.50    616.40     18.00      1.00
    350.00    200.00    616.32     17.25      1.00
    325.00    237.50    616.32     20.00      0.00
    437.50     75.00    616.29     16.75      0.00
    312.50    225.00    616.26     18.00      1.00
    325.00    187.50    616.25     17.75      0.00
    375.00     62.50    616.25     17.75      0.00
    475.00    137.50    616.25     17.75      1.00
    375.00    137.50    616.13     18.00      1.00
    387.50    225.00    616.12     18.00      1.00
    312.50    125.00    616.11     18.00      1.00
    362.50    125.00    616.11     18.00      0.00
    387.50    175.00    616.11     18.00      1.00
    337.50    225.00    616.11     20.00      1.00
    287.50    125.00    616.10     16.75      0.00
    425.00     62.50    616.10     17.50      0.00
    425.00    162.50    616.10     18.00      0.00
    387.50    125.00    616.08     18.00      1.00
    412.50    125.00    616.08     18.00      1.00
    412.50    175.00    616.08     18.00      0.00
    462.50    175.00    616.08     18.00      0.00
    475.00    162.50    616.08     18.00      1.00
    325.00    137.50    616.08     18.75      0.00
    262.50     75.00    616.06     17.75      0.00
    337.50     75.00    616.05     18.00      0.00
    375.00    212.50    616.04     20.00      1.00
    325.00    187.50    616.00     18.00      0.00
    475.00    137.50    616.00     18.00      1.00
