Layer 1 Coarse Fraction
5
X
Y
Elev
Depth
CF
    625.00    287.50    632.50      1.25      0.00
    375.00     37.50    632.49      1.25      1.00
    825.00    162.50    632.48      1.25      0.00
    837.50    175.00    632.48      1.25      0.00
    200.00    100.00    632.48      1.50      0.00
    425.00    112.50    632.48      1.50      0.00
    562.50    175.00    632.46      1.50      0.00
    525.00    187.50    632.44      1.50      0.00
    487.50     75.00    632.43      1.50      0.00
    537.50    125.00    632.43      1.50      1.00
    650.00    100.00    632.43      1.50      0.00
    687.50    225.00    632.43      1.50      1.00
    700.00    100.00    632.43      1.50      0.00
    700.00    250.00    632.43      1.50      1.00
    712.50    125.00    632.43      1.50      0.00
    725.00    137.50    632.43      1.50      0.00
    725.00    162.50    632.43      1.50      0.00
    725.00    237.50    632.43      1.50      1.00
    750.00    100.00    632.43      1.50      0.00
    775.00    162.50    632.43      1.50      0.00
    675.00    212.50    632.43      2.50      0.00
    725.00    262.50    632.41      3.50      0.00
    562.50    275.00    632.40      0.50      0.00
    350.00    150.00    632.40      1.50      0.00
    475.00    187.50    632.40      3.75      1.00
    562.50    225.00    632.38      1.00      0.00
    587.50    225.00    632.37      1.25      0.00
    550.00    200.00    632.36      1.00      0.00
    650.00    150.00    632.36      1.25      1.00
    362.50    125.00    632.36      1.75      0.00
    387.50    175.00    632.36      1.75      0.00
    337.50    225.00    632.36      3.75      0.00
    675.00    287.50    632.35      1.25      0.00
    325.00    137.50    632.33      2.50      0.00
    325.00    112.50    632.32      1.50      1.00
    375.00     62.50    632.32      1.50      0.00
    325.00    237.50    632.32      4.00      1.00
    262.50     75.00    632.31      1.50      0.00
    437.50     75.00    632.29      0.75      1.00
    762.50    275.00    632.29      1.00      1.00
    237.50     75.00    632.29      1.75      0.00
    525.00     87.50    632.29      2.50      0.00
    725.00     62.50    632.28      1.50      1.00
    800.00    100.00    632.28      1.50      0.00
    812.50    125.00    632.28      1.50      0.00
    650.00    200.00    632.27      1.75      0.00
    337.50    175.00    632.26      1.25      0.00
    825.00     62.50    632.26      1.50      0.00
    175.00    162.50    632.26      2.00      0.00
    375.00     62.50    632.25      1.75      0.00
    825.00    187.50    632.23      1.50      0.00
    450.00    200.00    632.22      1.50      0.00
    450.00    200.00    632.22      1.50      0.00
    462.50    125.00    632.22      2.00      0.00
    737.50    275.00    632.21      1.50      0.00
    437.50    175.00    632.21      2.00      0.00
    350.00    100.00    632.21      2.25      0.00
    362.50     75.00    632.20      1.75      0.00
    637.50    175.00    632.20      1.75      0.00
    687.50    275.00    632.20      2.00      0.00
    587.50     75.00    632.20      2.50      0.00
    412.50    275.00    632.19      2.00      0.00
    300.00    150.00    632.18      0.50      0.00
    512.50    175.00    632.18      0.50      0.00
    225.00    162.50    632.18      1.00      0.00
    375.00    162.50    632.18      1.75      0.00
    537.50    125.00    632.18      1.75      1.00
    600.00    100.00    632.18      1.75      1.00
    600.00    150.00    632.18      1.75      0.00
    625.00    162.50    632.18      1.75      0.00
    662.50    175.00    632.18      1.75      0.00
    675.00    237.50    632.18      1.75      1.00
    675.00    262.50    632.18      1.75      1.00
    725.00    237.50    632.18      1.75      1.00
    750.00    150.00    632.18      1.75      0.00
    775.00     87.50    632.18      1.75      0.00
    275.00    112.50    632.17      0.75      0.00
    275.00    112.50    632.17      0.75      1.00
    512.50     75.00    632.17      0.75      0.00
    575.00    587.50    632.17      1.00      0.00
    425.00     87.50    632.17      2.50      0.00
    175.00    112.50    632.16      1.75      1.00
    312.50    175.00    632.15      1.25      0.00
    287.50     75.00    632.13      1.75      0.00
    375.00    137.50    632.13      2.00      0.00
    437.50    125.00    632.13      2.00      0.00
    312.50     75.00    632.12      1.75      0.00
    387.50    175.00    632.11      2.00      0.00
    425.00    137.50    632.11      2.00      0.00
    425.00    162.50    632.10      2.00      0.00
    312.50    125.00    632.09      1.75      0.00
    375.00    112.50    632.09      2.00      0.00
    662.50    275.00    632.08      1.75      1.00
    412.50    175.00    632.08      2.00      0.00
    462.50     75.00    632.08      2.00      0.00
    462.50    175.00    632.08      2.00      0.00
    475.00    162.50    632.08      2.00      0.00
    337.50    125.00    632.08      2.75      0.00
    387.50     75.00    632.07      1.75      0.00
    362.50    175.00    632.07      2.00      0.00
    587.50    175.00    632.07      2.00      0.00
    175.00    137.50    632.07      2.25      0.00
    575.00     87.50    632.06      1.75      0.00
    662.50    225.00    632.06      2.00      0.00
    737.50    225.00    632.05      1.75      0.00
    187.50    175.00    632.04      1.50      0.00
    675.00    187.50    632.04      2.00      1.00
    375.00    212.50    632.04      4.00      0.00
    525.00    287.50    632.03      1.25      0.00
    712.50     75.00    632.03      1.75      1.00
    825.00    137.50    632.03      1.75      0.00
    475.00     87.50    632.02      2.00      0.00
    650.00    200.00    632.02      2.00      0.00
    775.00    262.50    632.01      1.50      0.00
    775.00    287.50    632.01      1.50      0.00
    325.00    187.50    632.00      2.00      0.00
    750.00    250.00    632.00      2.75      1.00
    825.00    162.50    631.98      1.75      0.00
    425.00    112.50    631.98      2.00      0.00
    275.00     87.50    631.98      2.50      0.00
    562.50    175.00    631.96      2.00      0.00
    612.50    275.00    631.95      1.75      1.00
    325.00    162.50    631.94      1.50      0.00
    525.00    187.50    631.94      2.00      0.00
    412.50    275.00    631.94      2.25      0.00
    512.50    175.00    631.93      0.75      1.00
    375.00    162.50    631.93      2.00      0.00
    400.00    100.00    631.93      2.00      0.00
    450.00    100.00    631.93      2.00      1.00
    450.00    150.00    631.93      2.00      0.00
    487.50    125.00    631.93      2.00      0.00
    500.00    100.00    631.93      2.00      1.00
    512.50    125.00    631.93      2.00      0.00
    525.00    112.50    631.93      2.00      0.00
    550.00    100.00    631.93      2.00      1.00
    550.00    150.00    631.93      2.00      0.00
    550.00    150.00    631.93      2.00      0.00
    562.50    125.00    631.93      2.00      1.00
    575.00    187.50    631.93      2.00      0.00
    600.00    150.00    631.93      2.00      1.00
    612.50    125.00    631.93      2.00      1.00
    625.00     87.50    631.93      2.00      1.00
    650.00    100.00    631.93      2.00      1.00
    650.00    100.00    631.93      2.00      0.00
    662.50    125.00    631.93      2.00      0.00
    662.50    175.00    631.93      2.00      0.00
    675.00    112.50    631.93      2.00      0.00
    675.00    237.50    631.93      2.00      0.00
    675.00    262.50    631.93      2.00      0.00
    687.50    225.00    631.93      2.00      0.00
    700.00    100.00    631.93      2.00      0.00
    700.00    250.00    631.93      2.00      0.00
    725.00    137.50    631.93      2.00      0.00
    737.50    125.00    631.93      2.00      0.00
    750.00    100.00    631.93      2.00      0.00
    762.50    125.00    631.93      2.00      0.00
    775.00     87.50    631.93      2.00      0.00
    775.00    112.50    631.93      2.00      0.00
    787.50    125.00    631.93      2.00      0.00
    675.00    212.50    631.93      3.00      0.00
    712.50    275.00    631.92      1.00      0.00
    300.00    100.00    631.92      1.50      1.00
    725.00    262.50    631.91      4.00      0.00
    637.50     75.00    631.90      0.75      0.00
    350.00    150.00    631.90      2.00      0.00
    762.50     75.00    631.89      2.00      1.00
    787.50     75.00    631.89      2.00      0.00
    287.50     75.00    631.88      2.00      0.00
    587.50    225.00    631.87      1.75      0.00
    387.50    175.00    631.86      2.25      1.00
    337.50    225.00    631.86      4.25      1.00
    287.50    125.00    631.85      1.00      0.00
    375.00     87.50    631.84      2.25      0.00
    662.50    275.00    631.83      2.00      1.00
    412.50    125.00    631.83      2.25      0.00
    325.00    112.50    631.82      2.00      0.00
    375.00     62.50    631.82      2.00      0.00
    587.50    175.00    631.82      2.25      1.00
    175.00     87.50    631.82      4.75      0.00
    537.50    275.00    631.80      1.50      0.00
    575.00     62.50    631.79      1.75      0.00
    662.50     75.00    631.79      2.00      0.00
    675.00     87.50    631.79      2.00      0.00
    800.00    100.00    631.78      2.00      0.00
    650.00    200.00    631.77      2.25      1.00
    612.50    225.00    631.76      1.25      0.00
    787.50    275.00    631.76      1.75      0.00
    462.50    275.00    631.76      2.00      1.00
    787.50    175.00    631.76      2.00      0.00
    825.00     62.50    631.76      2.00      0.00
    537.50    225.00    631.75      1.50      0.00
    625.00    287.50    631.75      2.00      1.00
    637.50    275.00    631.75      2.00      1.00
    775.00    187.50    631.75      2.00      1.00
    475.00    112.50    631.75      2.25      0.00
    475.00    137.50    631.75      2.25      0.00
    750.00    250.00    631.75      3.00      0.00
    325.00     37.50    631.74      2.00      1.00
    375.00     37.50    631.74      2.00      1.00
    212.50     75.00    631.74      3.00      1.00
    275.00    187.50    631.73      1.50      0.00
    550.00     50.00    631.73      2.00      1.00
    825.00    162.50    631.73      2.00      0.00
    825.00    187.50    631.73      2.00      0.00
    200.00    150.00    631.72      2.00      0.00
    450.00    200.00    631.72      2.00      1.00
    450.00    200.00    631.72      2.00      0.00
    262.50    125.00    631.70      1.50      0.00
    425.00    187.50    631.68      1.75      0.00
    600.00    200.00    631.68      2.00      0.00
    450.00    150.00    631.68      2.25      1.00
    537.50    125.00    631.68      2.25      0.00
    575.00    112.50    631.68      2.25      0.00
    600.00    100.00    631.68      2.25      0.00
    600.00    150.00    631.68      2.25      0.00
    662.50    125.00    631.68      2.25      0.00
    675.00    237.50    631.68      2.25      1.00
    687.50    125.00    631.68      2.25      0.00
    700.00    100.00    631.68      2.25      0.00
    712.50    125.00    631.68      2.25      0.00
    737.50    125.00    631.68      2.25      0.00
    775.00    112.50    631.68      2.25      0.00
    512.50     75.00    631.67      1.25      0.00
    575.00    587.50    631.67      1.50      0.00
    312.50    175.00    631.65      1.75      0.00
    675.00     62.50    631.65      2.00      1.00
    725.00    287.50    631.65      2.00      0.00
    350.00    150.00    631.65      2.25      1.00
    262.50    175.00    631.63      1.75      0.00
    775.00    237.50    631.62      2.00      0.00
    787.50    225.00    631.62      2.00      0.00
    312.50     75.00    631.62      2.25      0.00
    387.50    175.00    631.61      2.50      1.00
    287.50    125.00    631.60      1.25      1.00
    487.50    175.00    631.60      1.50      0.00
    275.00    162.50    631.58      1.50      0.00
    412.50    125.00    631.58      2.50      0.00
    412.50    175.00    631.58      2.50      1.00
    462.50    175.00    631.58      2.50      0.00
    337.50    125.00    631.58      3.25      0.00
    225.00    187.50    631.56      2.00      0.00
    662.50    225.00    631.56      2.50      0.00
    225.00    137.50    631.55      1.25      1.00
    762.50    275.00    631.54      1.75      0.00
    762.50    275.00    631.54      1.75      0.00
    675.00    187.50    631.54      2.50      0.00
    812.50    125.00    631.53      2.25      0.00
    812.50    125.00    631.53      2.25      0.00
    825.00    137.50    631.53      2.25      0.00
    462.50    225.00    631.52      1.75      0.00
    650.00    200.00    631.52      2.50      1.00
    337.50    175.00    631.51      2.00      0.00
    525.00    212.50    631.51      2.00      1.00
    775.00    262.50    631.51      2.00      0.00
    787.50    175.00    631.51      2.25      1.00
    750.00    250.00    631.50      3.25      0.00
    275.00    187.50    631.48      1.75      0.00
    812.50    175.00    631.48      2.25      0.00
    825.00    162.50    631.48      2.25      0.00
    737.50    275.00    631.46      2.25      0.00
    562.50    175.00    631.46      2.50      0.00
    437.50    175.00    631.46      2.75      1.00
    275.00    137.50    631.45      1.50      0.00
    362.50     75.00    631.45      2.50      0.00
    325.00    162.50    631.44      2.00      0.00
    475.00    237.50    631.43      0.50      1.00
    300.00    150.00    631.43      1.25      0.00
    425.00    187.50    631.43      2.00      0.00
    400.00    150.00    631.43      2.50      0.00
    450.00    150.00    631.43      2.50      1.00
    487.50     75.00    631.43      2.50      0.00
    500.00    100.00    631.43      2.50      0.00
    537.50    125.00    631.43      2.50      0.00
    562.50    125.00    631.43      2.50      0.00
    675.00    237.50    631.43      2.50      1.00
    687.50    225.00    631.43      2.50      0.00
    700.00    250.00    631.43      2.50      1.00
    712.50    125.00    631.43      2.50      0.00
    725.00    112.50    631.43      2.50      0.00
    750.00    100.00    631.43      2.50      0.00
    750.00    150.00    631.43      2.50      0.00
    775.00    162.50    631.43      2.50      0.00
    825.00     87.50    631.43      2.50      1.00
    325.00    212.50    631.43      4.00      1.00
    712.50    275.00    631.42      1.50      0.00
    425.00     87.50    631.42      3.25      0.00
    375.00    237.50    631.42      4.00      0.00
    500.00    200.00    631.41      2.00      0.00
    637.50     75.00    631.40      1.25      0.00
    562.50    275.00    631.40      1.50      1.00
    562.50    275.00    631.40      1.50      0.00
    225.00     87.50    631.39      2.50      0.00
    750.00     50.00    631.39      2.50      1.00
    562.50    225.00    631.38      2.00      0.00
    237.50    175.00    631.37      2.00      0.00
    450.00    250.00    631.37      2.00      0.00
    550.00    200.00    631.36      2.00      0.00
    650.00    150.00    631.36      2.25      1.00
    362.50    125.00    631.36      2.75      0.00
    387.50    175.00    631.36      2.75      0.00
    425.00    137.50    631.36      2.75      0.00
    287.50    125.00    631.35      1.50      0.00
    425.00     62.50    631.35      2.25      0.00
    312.50    125.00    631.34      2.50      0.00
    375.00     87.50    631.34      2.75      0.00
    412.50    125.00    631.33      2.75      0.00
    175.00    187.50    631.33      3.25      1.00
    475.00    262.50    631.30      1.25      1.00
    337.50     75.00    631.30      2.75      0.00
    762.50    275.00    631.29      2.00      0.00
    525.00    287.50    631.28      2.00      0.00
    187.50    125.00    631.27      2.50      0.00
    475.00     87.50    631.27      2.75      1.00
    575.00    212.50    631.26      2.00      0.00
    775.00    287.50    631.26      2.25      0.00
    462.50    275.00    631.26      2.50      1.00
    425.00    237.50    631.25      1.25      0.00
    537.50    225.00    631.25      2.00      0.00
    775.00    187.50    631.25      2.50      0.00
    375.00     62.50    631.25      2.75      0.00
    550.00    250.00    631.24      1.75      0.00
    825.00    187.50    631.23      2.50      0.00
    275.00     87.50    631.23      3.25      0.00
    250.00    100.00    631.20      1.75      0.00
    262.50    125.00    631.20      2.00      0.00
    612.50    275.00    631.20      2.50      0.00
    687.50    275.00    631.20      3.00      0.00
    687.50    275.00    631.20      3.00      0.00
    412.50    275.00    631.19      3.00      0.00
    512.50    175.00    631.18      1.50      0.00
    450.00    100.00    631.18      2.75      1.00
    487.50    125.00    631.18      2.75      0.00
    500.00    100.00    631.18      2.75      0.00
    575.00    187.50    631.18      2.75      1.00
    650.00    250.00    631.18      2.75      1.00
    675.00    262.50    631.18      2.75      1.00
    725.00    137.50    631.18      2.75      0.00
    725.00    162.50    631.18      2.75      0.00
    725.00    237.50    631.18      2.75      1.00
    737.50    125.00    631.18      2.75      0.00
    562.50     75.00    631.16      2.00      1.00
    612.50     75.00    631.15      1.50      1.00
    312.50    175.00    631.15      2.25      0.00
    325.00     87.50    631.15      3.25      0.00
    437.50    125.00    631.13      3.00      0.00
    762.50    225.00    631.12      0.25      0.00
    475.00     62.50    631.11      3.50      1.00
    425.00     62.50    631.10      2.50      0.00
    675.00    287.50    631.10      2.50      0.00
    325.00    112.50    631.07      2.75      1.00
    587.50    175.00    631.07      3.00      1.00
    662.50    225.00    631.06      3.00      0.00
    225.00    137.50    631.05      1.75      0.00
    575.00     62.50    631.04      2.50      0.00
    687.50     75.00    631.04      2.75      1.00
    475.00     87.50    631.02      3.00      1.00
    650.00    200.00    631.02      3.00      0.00
    787.50    275.00    631.01      2.50      1.00
    425.00    237.50    631.00      1.50      0.00
    512.50    225.00    631.00      2.00      0.00
    475.00    112.50    631.00      3.00      0.00
    475.00    137.50    631.00      3.00      0.00
    550.00    250.00    630.99      2.00      0.00
    212.50     75.00    630.99      3.75      1.00
    425.00    112.50    630.98      3.00      0.00
    512.50    275.00    630.97      2.50      0.00
    450.00    200.00    630.97      2.75      0.00
    737.50    275.00    630.96      2.75      0.00
    737.50    275.00    630.96      2.75      0.00
    412.50    275.00    630.94      3.25      1.00
    425.00    187.50    630.93      2.50      0.00
    537.50    125.00    630.93      3.00      0.00
    550.00    100.00    630.93      3.00      0.00
    600.00    100.00    630.93      3.00      0.00
    600.00    150.00    630.93      3.00      0.00
    612.50    125.00    630.93      3.00      0.00
    625.00     87.50    630.93      3.00      1.00
    625.00     87.50    630.93      3.00      0.00
    625.00    112.50    630.93      3.00      0.00
    625.00    137.50    630.93      3.00      0.00
    625.00    162.50    630.93      3.00      0.00
    637.50    125.00    630.93      3.00      0.00
    650.00    100.00    630.93      3.00      0.00
    650.00    100.00    630.93      3.00      1.00
    650.00    250.00    630.93      3.00      0.00
    662.50    125.00    630.93      3.00      0.00
    662.50    125.00    630.93      3.00      0.00
    675.00    112.50    630.93      3.00      0.00
    675.00    137.50    630.93      3.00      0.00
    675.00    137.50    630.93      3.00      0.00
    675.00    237.50    630.93      3.00      0.00
    675.00    262.50    630.93      3.00      0.00
    687.50    125.00    630.93      3.00      0.00
    687.50    225.00    630.93      3.00      0.00
    687.50    225.00    630.93      3.00      0.00
    700.00    100.00    630.93      3.00      0.00
    700.00    250.00    630.93      3.00      0.00
    712.50    125.00    630.93      3.00      0.00
    725.00    112.50    630.93      3.00      0.00
    725.00    137.50    630.93      3.00      1.00
    725.00    137.50    630.93      3.00      0.00
    725.00    162.50    630.93      3.00      0.00
    725.00    237.50    630.93      3.00      0.00
    737.50    125.00    630.93      3.00      0.00
    750.00    100.00    630.93      3.00      0.00
    750.00    150.00    630.93      3.00      0.00
    762.50    125.00    630.93      3.00      0.00
    775.00     87.50    630.93      3.00      0.00
    775.00    112.50    630.93      3.00      0.00
    775.00    162.50    630.93      3.00      0.00
    787.50    125.00    630.93      3.00      0.00
    825.00     87.50    630.93      3.00      1.00
    712.50    275.00    630.92      2.00      0.00
    612.50     75.00    630.90      1.75      0.00
    625.00     62.50    630.90      1.75      0.00
    562.50    275.00    630.90      2.00      0.00
    562.50    275.00    630.90      2.00      0.00
    737.50    275.00    630.90      2.75      1.00
    750.00     50.00    630.89      3.00      0.00
    762.50     75.00    630.89      3.00      1.00
    787.50     75.00    630.89      3.00      0.00
    562.50    225.00    630.88      2.50      0.00
    287.50     75.00    630.88      3.00      0.00
    437.50    225.00    630.87      0.25      0.00
    762.50    225.00    630.87      0.50      0.00
    587.50    225.00    630.87      2.75      0.00
    312.50     75.00    630.87      3.00      0.00
    362.50    125.00    630.86      3.25      1.00
    387.50    175.00    630.86      3.25      0.00
    425.00    137.50    630.86      3.25      0.00
    487.50    175.00    630.85      2.25      0.00
    662.50    275.00    630.83      3.00      0.00
    387.50    125.00    630.83      3.25      0.00
    375.00     62.50    630.82      3.00      0.00
    175.00    137.50    630.82      3.50      0.00
    575.00     87.50    630.81      3.00      0.00
    537.50    275.00    630.80      2.50      0.00
    737.50    225.00    630.80      3.00      0.00
    287.50    175.00    630.79      2.00      0.00
    662.50     75.00    630.79      3.00      1.00
    675.00     87.50    630.79      3.00      0.00
    687.50     75.00    630.79      3.00      0.00
    237.50     75.00    630.79      3.25      0.00
    675.00    187.50    630.79      3.25      0.00
    375.00    212.50    630.79      5.25      1.00
    525.00    287.50    630.78      2.50      0.00
    712.50     75.00    630.78      3.00      1.00
    725.00     62.50    630.78      3.00      1.00
    725.00     87.50    630.78      3.00      0.00
    737.50     75.00    630.78      3.00      1.00
    800.00    100.00    630.78      3.00      0.00
    812.50    125.00    630.78      3.00      0.00
    812.50    125.00    630.78      3.00      0.00
    825.00    112.50    630.78      3.00      0.00
    825.00    137.50    630.78      3.00      0.00
    612.50    225.00    630.76      2.25      0.00
    787.50    175.00    630.76      3.00      0.00
    812.50     75.00    630.76      3.00      1.00
    825.00     62.50    630.76      3.00      0.00
    837.50     75.00    630.76      3.00      1.00
    837.50     75.00    630.76      3.00      1.00
    625.00    287.50    630.75      3.00      0.00
    637.50    275.00    630.75      3.00      0.00
    775.00    187.50    630.75      3.00      0.00
    750.00    250.00    630.75      4.00      0.00
    812.50    175.00    630.73      3.00      0.00
    825.00    162.50    630.73      3.00      0.00
    825.00    162.50    630.73      3.00      0.00
    825.00    187.50    630.73      3.00      0.00
    837.50    175.00    630.73      3.00      0.00
    225.00    112.50    630.71      2.75      0.00
    737.50    275.00    630.71      3.00      0.00
    612.50    275.00    630.70      3.00      0.00
    225.00    162.50    630.68      2.50      1.00
    400.00    100.00    630.68      3.25      0.00
    400.00    150.00    630.68      3.25      0.00
    512.50    125.00    630.68      3.25      0.00
    525.00    137.50    630.68      3.25      0.00
    537.50    125.00    630.68      3.25      0.00
    550.00    150.00    630.68      3.25      0.00
    575.00    162.50    630.68      3.25      1.00
    300.00    100.00    630.67      2.75      0.00
    425.00     87.50    630.67      4.00      0.00
    637.50     75.00    630.65      2.00      0.00
    312.50    175.00    630.65      2.75      0.00
    675.00     62.50    630.65      3.00      1.00
    725.00    287.50    630.65      3.00      0.00
    737.50    275.00    630.65      3.00      0.00
    487.50    275.00    630.64      3.00      1.00
    775.00    237.50    630.62      3.00      0.00
    787.50    225.00    630.62      3.00      0.00
    650.00    150.00    630.61      3.00      0.00
    675.00    287.50    630.60      3.00      0.00
    412.50    175.00    630.58      3.50      0.00
    475.00    162.50    630.58      3.50      0.00
    175.00    187.50    630.58      4.00      0.00
    175.00    137.50    630.57      3.75      0.00
    437.50     75.00    630.54      2.50      0.00
    762.50    275.00    630.54      2.75      0.00
    462.50    225.00    630.52      2.75      0.00
    775.00    262.50    630.51      3.00      0.00
    775.00    287.50    630.51      3.00      0.00
    787.50    275.00    630.51      3.00      0.00
    750.00    250.00    630.50      4.25      1.00
    550.00    250.00    630.49      2.50      0.00
    375.00     37.50    630.49      3.25      0.00
    412.50     75.00    630.49      3.25      0.00
    425.00    112.50    630.48      3.50      0.00
    362.50     75.00    630.45      3.50      0.00
    637.50    175.00    630.45      3.50      0.00
    325.00    162.50    630.44      3.00      0.00
    475.00    237.50    630.43      1.50      1.00
    450.00    100.00    630.43      3.50      0.00
    450.00    150.00    630.43      3.50      0.00
    500.00    100.00    630.43      3.50      0.00
    525.00    112.50    630.43      3.50      0.00
    525.00    137.50    630.43      3.50      0.00
    525.00    162.50    630.43      3.50      0.00
    575.00    137.50    630.43      3.50      0.00
    712.50    275.00    630.42      2.50      0.00
    562.50    275.00    630.40      2.50      1.00
    562.50    225.00    630.38      3.00      0.00
    762.50    225.00    630.37      1.00      1.00
    475.00     62.50    630.36      4.25      0.00
    425.00    162.50    630.35      3.75      0.00
    275.00    162.50    630.33      2.75      0.00
    325.00    112.50    630.32      3.50      0.00
    375.00     62.50    630.32      3.50      0.00
    375.00     62.50    630.32      3.50      0.00
    262.50     75.00    630.31      3.50      0.00
    287.50    175.00    630.29      2.50      0.00
    762.50    275.00    630.29      3.00      0.00
    187.50    125.00    630.27      3.50      0.00
    475.00    112.50    630.25      3.75      0.00
    750.00    250.00    630.25      4.50      0.00
    375.00     37.50    630.24      3.50      1.00
    212.50     75.00    630.24      4.50      1.00
    275.00     87.50    630.23      4.25      0.00
    462.50    125.00    630.22      4.00      1.00
    512.50    175.00    630.18      2.50      0.00
    600.00    200.00    630.18      3.50      0.00
    687.50    225.00    630.18      3.75      0.00
    512.50     75.00    630.17      2.75      0.00
    562.50     75.00    630.16      3.00      0.00
    375.00    137.50    630.13      4.00      0.00
    437.50    125.00    630.13      4.00      0.00
    362.50    125.00    630.11      4.00      0.00
    487.50    175.00    630.10      3.00      0.00
    425.00     62.50    630.10      3.50      0.00
    375.00     87.50    630.09      4.00      0.00
    375.00    112.50    630.09      4.00      0.00
    662.50    275.00    630.08      3.75      0.00
    387.50    125.00    630.08      4.00      0.00
    412.50    125.00    630.08      4.00      0.00
    462.50    175.00    630.08      4.00      0.00
    337.50    125.00    630.08      4.75      0.00
    325.00    112.50    630.07      3.75      0.00
    362.50    175.00    630.07      4.00      1.00
    225.00    187.50    630.06      3.50      0.00
    675.00    187.50    630.04      4.00      0.00
    475.00     87.50    630.02      4.00      0.00
    650.00    200.00    630.02      4.00      0.00
    525.00    212.50    630.01      3.50      0.00
    175.00    162.50    630.01      4.25      0.00
    425.00    237.50    630.00      2.50      0.00
    512.50    225.00    630.00      3.00      0.00
    325.00    187.50    630.00      4.00      1.00
    750.00    250.00    630.00      4.75      0.00
    412.50     75.00    629.99      3.75      0.00
    212.50    125.00    629.98      3.50      0.00
    550.00     50.00    629.98      3.75      0.00
    200.00    150.00    629.97      3.75      1.00
    450.00    200.00    629.97      3.75      0.00
    212.50    175.00    629.96      3.50      0.00
    375.00    187.50    629.95      4.00      0.00
    637.50    175.00    629.95      4.00      0.00
    587.50     75.00    629.95      4.75      0.00
    325.00    162.50    629.94      3.50      1.00
    475.00    237.50    629.93      2.00      0.00
    300.00    150.00    629.93      2.75      0.00
    375.00    162.50    629.93      4.00      0.00
    400.00    150.00    629.93      4.00      0.00
    512.50    125.00    629.93      4.00      0.00
    537.50    125.00    629.93      4.00      0.00
    537.50    125.00    629.93      4.00      0.00
    550.00    100.00    629.93      4.00      0.00
    550.00    150.00    629.93      4.00      0.00
    562.50    125.00    629.93      4.00      0.00
    575.00    187.50    629.93      4.00      1.00
    662.50    175.00    629.93      4.00      0.00
    275.00    112.50    629.92      3.00      0.00
    712.50    275.00    629.92      3.00      0.00
    712.50    275.00    629.92      3.00      1.00
    375.00    237.50    629.92      5.50      1.00
    175.00    112.50    629.91      4.00      0.00
    725.00    262.50    629.91      6.00      0.00
    562.50    275.00    629.90      3.00      0.00
    312.50    175.00    629.90      3.50      0.00
    350.00    150.00    629.90      4.00      0.00
