Layer 5 Coarse Fraction
5
X
Y
Elev
Depth
CF
    312.50    125.00    611.86     22.25      0.00
    375.00     62.50    611.82     22.00      0.00
    350.00    100.00    611.71     22.75      1.00
    375.00    187.50    611.70     22.25      0.00
    375.00    112.50    611.59     22.50      0.00
    325.00    137.50    611.58     23.25      0.00
    375.00     62.50    611.50     22.50      0.00
    375.00    187.50    611.45     22.50      1.00
    300.00    100.00    611.42     22.00      0.00
    312.50    175.00    611.40     22.00      0.00
    375.00    137.50    611.38     22.75      0.00
    337.50    125.00    611.33     23.50      0.00
    387.50     75.00    611.32     22.50      0.00
    312.50     75.00    611.12     22.75      0.00
    325.00    187.50    611.00     23.00      0.00
    350.00    100.00    610.96     23.50      0.00
    350.00    150.00    610.90     23.00      0.00
    312.50    125.00    610.86     23.25      1.00
    337.50    125.00    610.83     24.00      0.00
    300.00    150.00    610.68     22.00      0.00
    375.00    137.50    610.63     23.50      1.00
    312.50    125.00    610.59     23.25      0.00
    375.00    187.50    610.45     23.50      1.00
    325.00     87.50    610.40     24.00      0.00
    325.00    187.50    610.25     23.75      0.00
    375.00     37.50    610.24     23.50      1.00
    300.00    100.00    610.17     23.25      0.00
    375.00    137.50    610.13     24.00      0.00
    312.50    125.00    610.11     24.00      0.00
    387.50    175.00    610.11     24.00      0.00
    375.00     87.50    610.09     24.00      0.00
    362.50    175.00    610.07     24.00      0.00
    337.50     75.00    610.05     24.00      0.00
    325.00    187.50    610.00     24.00      0.00
    375.00     62.50    610.00     24.00      1.00
    362.50     75.00    609.95     24.00      0.00
    325.00    162.50    609.94     23.50      1.00
    312.50    125.00    609.84     24.00      0.00
    375.00     62.50    609.82     24.00      0.00
    387.50     75.00    609.82     24.00      0.00
    337.50     75.00    609.80     24.25      0.00
    275.00     37.50    609.74     24.00      0.00
    312.50    125.00    609.61     24.50      0.00
    350.00    100.00    609.46     25.00      0.00
    325.00    162.50    609.44     24.00      0.00
    300.00    100.00    609.42     24.00      0.00
    325.00    112.50    609.32     24.50      0.00
    275.00     37.50    609.24     24.50      0.00
    375.00    187.50    609.20     24.75      0.00
    375.00     87.50    609.09     25.00      0.00
    350.00    100.00    608.96     25.50      0.00
    325.00    162.50    608.94     24.50      0.00
    375.00    162.50    608.93     25.00      0.00
    350.00    150.00    608.90     25.00      0.00
    375.00     62.50    608.82     25.00      0.00
    387.50     75.00    608.82     25.00      0.00
    275.00     37.50    608.74     25.00      1.00
    375.00    137.50    608.63     25.50      0.00
    387.50    125.00    608.58     25.50      0.00
    387.50     75.00    608.57     25.25      1.00
    375.00    187.50    608.45     25.50      1.00
    375.00     87.50    608.34     25.75      0.00
    325.00    112.50    608.32     25.50      0.00
    375.00     62.50    608.25     25.75      0.00
    325.00     37.50    608.24     25.50      1.00
    375.00    137.50    608.13     26.00      0.00
    375.00    112.50    608.09     26.00      0.00
    325.00    137.50    608.08     26.75      0.00
    337.50    125.00    608.08     26.75      0.00
    362.50    175.00    608.07     26.00      0.00
    337.50     75.00    608.05     26.00      0.00
    325.00    187.50    608.00     26.00      0.00
    375.00     62.50    608.00     26.00      0.00
    375.00    187.50    607.95     26.00      1.00
    375.00    137.50    607.88     26.25      0.00
    312.50    125.00    607.86     26.25      0.00
    325.00    137.50    607.83     27.00      0.00
    375.00     62.50    607.82     26.00      0.00
    387.50     75.00    607.82     26.00      0.00
    337.50     75.00    607.80     26.25      0.00
    375.00     62.50    607.75     26.25      0.00
    375.00     37.50    607.74     26.00      1.00
    362.50     75.00    607.70     26.25      0.00
    325.00     87.50    607.65     26.75      0.00
    325.00    112.50    607.57     26.25      0.00
    387.50     75.00    607.57     26.25      0.00
    325.00    187.50    607.50     26.50      0.00
    350.00    100.00    607.46     27.00      0.00
    375.00    162.50    607.43     26.50      0.00
    300.00    100.00    607.42     26.00      0.00
    312.50    175.00    607.40     26.00      0.00
    312.50     75.00    607.37     26.50      0.00
    312.50    125.00    607.36     26.75      1.00
    375.00     87.50    607.34     26.75      0.00
    387.50    125.00    607.33     26.75      0.00
    375.00     37.50    607.24     26.50      0.00
    362.50     75.00    607.20     26.75      0.00
    375.00    137.50    607.13     27.00      0.00
    375.00    112.50    607.09     27.00      0.00
    387.50    125.00    607.08     27.00      0.00
    337.50    125.00    607.08     27.75      0.00
    325.00     37.50    606.99     26.75      1.00
    375.00     37.50    606.99     26.75      1.00
    325.00    162.50    606.94     26.50      0.00
    300.00    150.00    606.93     25.75      0.00
    300.00    100.00    606.92     26.50      0.00
    350.00    150.00    606.90     27.00      0.00
    325.00     87.50    606.90     27.50      0.00
    312.50     75.00    606.87     27.00      0.00
    387.50    175.00    606.86     27.25      0.00
    312.50    125.00    606.84     27.00      0.00
    375.00     87.50    606.84     27.25      0.00
    325.00    137.50    606.83     28.00      0.00
    337.50     75.00    606.80     27.25      0.00
    337.50    175.00    606.76     26.75      0.00
    325.00     37.50    606.74     27.00      0.00
    375.00     37.50    606.74     27.00      0.00
    362.50     75.00    606.70     27.25      1.00
    375.00    187.50    606.70     27.25      1.00
    375.00    137.50    606.63     27.50      0.00
    312.50    125.00    606.61     27.50      1.00
    375.00     87.50    606.59     27.50      0.00
    387.50    125.00    606.58     27.50      0.00
    375.00     62.50    606.57     27.25      0.00
    387.50     75.00    606.57     27.25      0.00
    375.00     62.50    606.50     27.50      0.00
    350.00    100.00    606.46     28.00      0.00
    375.00    187.50    606.45     27.50      0.00
    325.00    162.50    606.44     27.00      0.00
    300.00    150.00    606.43     26.25      0.00
    350.00    150.00    606.40     27.50      0.00
    312.50     75.00    606.37     27.50      0.00
    387.50    175.00    606.36     27.75      0.00
    312.50    125.00    606.34     27.50      0.00
    325.00    112.50    606.32     27.50      0.00
    362.50    175.00    606.32     27.75      0.00
    337.50    175.00    606.26     27.25      0.00
    325.00     87.50    606.15     28.25      1.00
    312.50    125.00    606.11     28.00      0.00
    350.00    100.00    605.96     28.50      0.00
    375.00    162.50    605.93     28.00      0.00
    300.00    100.00    605.92     27.50      0.00
    375.00     62.50    605.75     28.25      0.00
    300.00    150.00    605.68     27.00      0.00
    337.50    175.00    605.51     28.00      0.00
    350.00    100.00    605.46     29.00      0.00
    375.00    162.50    605.43     28.50      0.00
    300.00    100.00    605.42     28.00      1.00
