Steep Layer 1 Coarse Fraction
5
X
Y
Elev
Depth
CF
    562.50    225.00    629.88      3.50      1.00
    287.50     75.00    629.88      4.00      0.00
    387.50    225.00    629.87      4.25      0.00
    475.00     62.50    629.86      4.75      1.00
    312.50    125.00    629.84      4.00      0.00
    325.00    137.50    629.83      5.00      1.00
    387.50     75.00    629.82      4.00      1.00
    175.00    137.50    629.82      4.50      0.00
    175.00     87.50    629.82      6.75      1.00
    575.00     87.50    629.81      4.00      0.00
    225.00    137.50    629.80      3.00      0.00
    437.50     75.00    629.79      3.25      0.00
    762.50    275.00    629.79      3.50      0.00
    237.50    125.00    629.79      4.25      1.00
    525.00     87.50    629.79      5.00      1.00
    187.50    125.00    629.77      4.00      1.00
    525.00    212.50    629.76      3.75      1.00
    312.50    225.00    629.76      4.50      1.00
    537.50    225.00    629.75      3.50      0.00
    475.00    112.50    629.75      4.25      0.00
    750.00    250.00    629.75      5.00      0.00
    550.00    250.00    629.74      3.25      0.00
    700.00    150.00    629.72      0.50      0.00
    450.00    200.00    629.72      4.00      0.00
    275.00    137.50    629.70      3.25      0.00
    262.50    125.00    629.70      3.50      1.00
    600.00    200.00    629.68      4.00      0.00
    450.00    100.00    629.68      4.25      0.00
    450.00    150.00    629.68      4.25      0.00
    537.50    125.00    629.68      4.25      0.00
    575.00    187.50    629.68      4.25      1.00
    275.00    112.50    629.67      3.25      0.00
    625.00     62.50    629.65      3.00      1.00
    637.50     75.00    629.65      3.00      0.00
    225.00     87.50    629.64      4.25      0.00
    262.50    175.00    629.63      3.75      0.00
    437.50    125.00    629.63      4.50      1.00
    587.50    225.00    629.62      4.00      0.00
    175.00    187.50    629.58      5.00      0.00
    337.50    125.00    629.58      5.25      1.00
    325.00    237.50    629.57      6.75      1.00
    262.50     75.00    629.56      4.25      0.00
    337.50     75.00    629.55      4.50      0.00
    187.50    175.00    629.54      4.00      1.00
    575.00     62.50    629.54      4.00      0.00
    375.00    212.50    629.54      6.50      1.00
    612.50    225.00    629.51      3.50      0.00
    337.50    175.00    629.51      4.00      0.00
    462.50    275.00    629.51      4.25      0.00
    175.00    162.50    629.51      4.75      0.00
    425.00    237.50    629.50      3.00      1.00
    475.00    112.50    629.50      4.50      0.00
    750.00    250.00    629.50      5.25      0.00
    375.00     37.50    629.49      4.25      0.00
    700.00    200.00    629.48      0.50      0.00
    775.00    212.50    629.48      0.50      0.00
    550.00     50.00    629.48      4.25      1.00
    200.00    100.00    629.48      4.50      0.00
    700.00    150.00    629.47      0.75      0.00
    637.50    175.00    629.45      4.50      1.00
    687.50    275.00    629.45      4.75      0.00
    325.00    162.50    629.44      4.00      1.00
    412.50    275.00    629.44      4.75      1.00
    575.00    112.50    629.43      4.50      0.00
    662.50    175.00    629.43      4.50      0.00
    687.50    225.00    629.43      4.50      1.00
    175.00    112.50    629.41      4.50      1.00
    762.50    225.00    629.37      2.00      0.00
    550.00    200.00    629.36      4.00      0.00
    475.00     62.50    629.36      5.25      1.00
    375.00     87.50    629.34      4.75      0.00
    175.00    137.50    629.32      5.00      0.00
    225.00    187.50    629.31      4.25      1.00
    225.00    137.50    629.30      3.50      1.00
    537.50    275.00    629.30      4.00      0.00
    287.50    175.00    629.29      3.50      0.00
    762.50    275.00    629.29      4.00      1.00
    237.50     75.00    629.29      4.75      0.00
    525.00    287.50    629.28      4.00      0.00
    537.50    225.00    629.25      4.00      0.00
    412.50     75.00    629.24      4.50      0.00
    700.00    200.00    629.23      0.75      0.00
    212.50    125.00    629.23      4.25      0.00
    350.00    100.00    629.21      5.25      0.00
    275.00    137.50    629.20      3.75      1.00
    687.50    275.00    629.20      5.00      1.00
    325.00    162.50    629.19      4.25      1.00
    300.00    150.00    629.18      3.50      1.00
    375.00    162.50    629.18      4.75      1.00
    400.00    100.00    629.18      4.75      1.00
    450.00    100.00    629.18      4.75      0.00
    550.00    150.00    629.18      4.75      1.00
    575.00    162.50    629.18      4.75      0.00
    512.50     75.00    629.17      3.75      0.00
    425.00     87.50    629.17      5.50      1.00
    375.00    237.50    629.17      6.25      0.00
    562.50     75.00    629.16      4.00      1.00
    500.00    200.00    629.16      4.25      0.00
    562.50    275.00    629.15      3.75      1.00
    562.50    225.00    629.13      4.25      0.00
    375.00    137.50    629.13      5.00      1.00
    762.50    225.00    629.12      2.25      0.00
    237.50    175.00    629.12      4.25      1.00
    550.00    200.00    629.11      4.25      1.00
    425.00     62.50    629.10      4.50      0.00
    175.00    137.50    629.07      5.25      0.00
    262.50     75.00    629.06      4.75      1.00
    475.00    262.50    629.05      3.50      0.00
    187.50    175.00    629.04      4.50      1.00
    575.00     62.50    629.04      4.50      1.00
    525.00     87.50    629.04      5.75      1.00
    525.00    287.50    629.03      4.25      1.00
    325.00    212.50    629.03      6.40      0.00
    575.00    212.50    629.01      4.25      0.00
    175.00    162.50    629.01      5.25      1.00
    512.50    225.00    629.00      4.00      1.00
    537.50    225.00    629.00      4.25      1.00
    325.00    187.50    629.00      5.00      1.00
    775.00    212.50    628.98      1.00      1.00
    275.00    187.50    628.98      4.25      0.00
    512.50    275.00    628.97      4.50      0.00
    462.50    125.00    628.97      5.25      0.00
    562.50    175.00    628.96      5.00      0.00
    350.00    100.00    628.96      5.50      0.00
    525.00    187.50    628.94      5.00      0.00
    300.00    150.00    628.93      3.75      1.00
    425.00    187.50    628.93      4.50      0.00
    400.00    100.00    628.93      5.00      0.00
    525.00    112.50    628.93      5.00      0.00
    525.00    137.50    628.93      5.00      0.00
    525.00    162.50    628.93      5.00      0.00
    550.00    150.00    628.93      5.00      1.00
    550.00    150.00    628.93      5.00      0.00
    325.00    212.50    628.93      6.50      1.00
    275.00    112.50    628.92      4.00      0.00
    712.50    275.00    628.92      4.00      0.00
    575.00    587.50    628.92      4.25      0.00
    175.00    112.50    628.91      5.00      1.00
    612.50     75.00    628.90      3.75      0.00
    562.50    275.00    628.90      4.00      0.00
    350.00    150.00    628.90      5.00      1.00
    325.00     87.50    628.90      5.50      0.00
    262.50    175.00    628.88      4.50      1.00
    437.50    125.00    628.88      5.25      1.00
    450.00    250.00    628.87      4.50      0.00
    312.50     75.00    628.87      5.00      0.00
    362.50    125.00    628.86      5.25      0.00
    287.50    125.00    628.85      4.00      0.00
    425.00     62.50    628.85      4.75      0.00
    312.50    125.00    628.84      5.00      0.00
    375.00     87.50    628.84      5.25      1.00
    375.00    112.50    628.84      5.25      0.00
    175.00    187.50    628.83      5.75      1.00
    375.00     62.50    628.82      5.00      0.00
    225.00    137.50    628.80      4.00      1.00
    525.00    287.50    628.78      4.50      1.00
    187.50    125.00    628.77      5.00      1.00
    525.00    212.50    628.76      4.75      1.00
    750.00    250.00    628.75      6.00      0.00
    212.50     75.00    628.74      6.00      1.00
    425.00    112.50    628.73      5.25      0.00
    512.50    275.00    628.72      4.75      1.00
    450.00    200.00    628.72      5.00      0.00
    450.00    200.00    628.72      5.00      1.00
    212.50    175.00    628.71      4.75      1.00
    225.00    112.50    628.71      4.75      0.00
    562.50    175.00    628.71      5.25      1.00
    362.50     75.00    628.70      5.25      0.00
    325.00    162.50    628.69      4.75      1.00
    512.50    175.00    628.68      4.00      0.00
    425.00    187.50    628.68      4.75      0.00
    600.00    200.00    628.68      5.00      1.00
    450.00    150.00    628.68      5.25      1.00
    500.00    100.00    628.68      5.25      0.00
    512.50    125.00    628.68      5.25      0.00
    525.00    137.50    628.68      5.25      0.00
    537.50    125.00    628.68      5.25      0.00
    550.00    100.00    628.68      5.25      1.00
    550.00    150.00    628.68      5.25      1.00
    275.00    112.50    628.67      4.25      0.00
    562.50    275.00    628.65      4.25      1.00
    312.50    175.00    628.65      4.75      1.00
    225.00     87.50    628.64      5.25      1.00
    450.00    250.00    628.62      4.75      1.00
    587.50    225.00    628.62      5.00      0.00
    462.50    175.00    628.58      5.50      1.00
    175.00    187.50    628.58      6.00      1.00
    387.50     75.00    628.57      5.25      0.00
    362.50    175.00    628.57      5.50      1.00
    175.00    137.50    628.57      5.75      0.00
    337.50     75.00    628.55      5.50      0.00
    762.50    275.00    628.54      4.75      1.00
    575.00     62.50    628.54      5.00      0.00
    237.50     75.00    628.54      5.50      1.00
    250.00    150.00    628.53      4.50      0.00
    475.00     87.50    628.52      5.50      0.00
    612.50    225.00    628.51      4.50      0.00
    525.00    212.50    628.51      5.00      0.00
    550.00    250.00    628.49      4.50      1.00
    412.50     75.00    628.49      5.25      0.00
    700.00    200.00    628.48      1.50      1.00
    700.00    150.00    628.47      1.75      0.00
    512.50    275.00    628.47      5.00      1.00
    462.50    125.00    628.47      5.75      0.00
    437.50    175.00    628.46      5.75      1.00
    250.00    100.00    628.45      4.50      0.00
    362.50     75.00    628.45      5.50      1.00
    637.50    175.00    628.45      5.50      1.00
    425.00    187.50    628.43      5.00      1.00
    375.00    162.50    628.43      5.50      1.00
    487.50    125.00    628.43      5.50      0.00
    512.50    125.00    628.43      5.50      1.00
    525.00    112.50    628.43      5.50      1.00
    525.00    162.50    628.43      5.50      1.00
    562.50    125.00    628.43      5.50      0.00
    275.00    112.50    628.42      4.50      1.00
    575.00    587.50    628.42      4.75      1.00
    375.00    237.50    628.42      7.00      1.00
    562.50    275.00    628.40      4.50      1.00
    287.50     75.00    628.38      5.50      0.00
    437.50    225.00    628.37      2.75      0.00
    762.50    225.00    628.37      3.00      0.00
    237.50    175.00    628.37      5.00      1.00
    362.50    125.00    628.36      5.75      0.00
    387.50    175.00    628.36      5.75      0.00
    312.50    125.00    628.34      5.50      1.00
    375.00    112.50    628.34      5.75      1.00
    662.50    275.00    628.33      5.50      0.00
    387.50    125.00    628.33      5.75      0.00
    337.50    125.00    628.33      6.50      1.00
    325.00    112.50    628.32      5.50      0.00
    387.50     75.00    628.32      5.50      0.00
    537.50    275.00    628.30      5.00      1.00
    375.00     62.50    628.25      5.75      0.00
    550.00    250.00    628.24      4.75      1.00
    550.00     50.00    628.23      5.50      1.00
    425.00    112.50    628.23      5.75      1.00
    512.50    275.00    628.22      5.25      1.00
    462.50    125.00    628.22      6.00      1.00
    350.00    100.00    628.21      6.25      0.00
    362.50     75.00    628.20      5.75      0.00
    687.50    275.00    628.20      6.00      1.00
    412.50    275.00    628.19      6.00      1.00
    475.00    237.50    628.18      3.75      0.00
    450.00    150.00    628.18      5.75      1.00
    500.00    100.00    628.18      5.75      1.00
    550.00    100.00    628.18      5.75      1.00
    575.00    137.50    628.18      5.75      0.00
    575.00    162.50    628.18      5.75      1.00
    275.00    112.50    628.17      4.75      0.00
    512.50     75.00    628.17      4.75      0.00
    175.00    112.50    628.16      5.75      1.00
    325.00     87.50    628.15      6.25      0.00
    225.00     87.50    628.14      5.75      0.00
    437.50    125.00    628.13      6.00      1.00
    450.00    250.00    628.12      5.25      1.00
    387.50    225.00    628.12      6.00      1.00
    425.00    137.50    628.11      6.00      0.00
    287.50    125.00    628.10      4.75      1.00
    287.50    125.00    628.10      4.75      0.00
    487.50    175.00    628.10      5.00      0.00
    425.00    162.50    628.10      6.00      0.00
    712.50    225.00    628.09      0.50      0.00
    312.50    125.00    628.09      5.75      1.00
    412.50    175.00    628.08      6.00      0.00
    462.50     75.00    628.08      6.00      0.00
    462.50    175.00    628.08      6.00      1.00
    325.00    112.50    628.07      5.75      1.00
    375.00     62.50    628.07      5.75      0.00
    375.00     62.50    628.07      5.75      1.00
    387.50     75.00    628.07      5.75      1.00
    362.50    175.00    628.07      6.00      1.00
    337.50     75.00    628.05      6.00      1.00
    762.50    275.00    628.04      5.25      1.00
    675.00    187.50    628.04      6.00      0.00
    525.00    287.50    628.03      5.25      1.00
    650.00    200.00    628.02      6.00      0.00
    575.00    212.50    628.01      5.25      0.00
    600.00    250.00    628.01      6.00      0.00
    475.00    137.50    628.00      6.00      0.00
    375.00     37.50    627.99      5.75      0.00
    700.00    200.00    627.98      2.00      0.00
    775.00    212.50    627.98      2.00      0.00
    425.00    112.50    627.98      6.00      0.00
    512.50    275.00    627.97      5.50      1.00
    737.50    275.00    627.96      5.75      0.00
    562.50    175.00    627.96      6.00      1.00
    375.00    187.50    627.95      6.00      1.00
    637.50    175.00    627.95      6.00      1.00
    475.00    237.50    627.93      4.00      0.00
    512.50    175.00    627.93      4.75      0.00
    375.00    162.50    627.93      6.00      1.00
    400.00    100.00    627.93      6.00      1.00
    487.50     75.00    627.93      6.00      0.00
    487.50    125.00    627.93      6.00      1.00
    550.00    150.00    627.93      6.00      1.00
    550.00    150.00    627.93      6.00      0.00
    575.00    187.50    627.93      6.00      1.00
    662.50    175.00    627.93      6.00      1.00
    687.50    225.00    627.93      6.00      1.00
    562.50    275.00    627.90      5.00      1.00
    362.50    225.00    627.90      9.50      1.00
    375.00    137.50    627.88      6.25      1.00
    237.50    175.00    627.87      5.50      1.00
    375.00     87.50    627.84      6.25      1.00
    662.50    275.00    627.83      6.00      0.00
    412.50    125.00    627.83      6.25      0.00
    475.00    162.50    627.83      6.25      0.00
    362.50    175.00    627.82      6.25      1.00
    537.50    275.00    627.80      5.50      1.00
    287.50    175.00    627.79      5.00      1.00
    437.50     75.00    627.79      5.25      0.00
    762.50    275.00    627.79      5.50      0.00
    237.50     75.00    627.79      6.25      1.00
    462.50    275.00    627.76      6.00      0.00
    175.00    162.50    627.76      6.50      0.00
    475.00    112.50    627.75      6.25      0.00
    325.00     37.50    627.74      6.00      1.00
    375.00     37.50    627.74      6.00      1.00
    775.00    212.50    627.73      2.25      0.00
    200.00    100.00    627.73      6.25      1.00
    700.00    150.00    627.72      2.50      0.00
    225.00    112.50    627.71      5.75      1.00
    737.50    275.00    627.71      6.00      1.00
    562.50    175.00    627.71      6.25      0.00
    350.00    100.00    627.71      6.75      1.00
    475.00    237.50    627.68      4.25      0.00
    425.00    187.50    627.68      5.75      1.00
    600.00    200.00    627.68      6.00      0.00
    487.50     75.00    627.68      6.25      1.00
    487.50    125.00    627.68      6.25      0.00
    512.50    125.00    627.68      6.25      1.00
    537.50    125.00    627.68      6.25      1.00
    550.00    150.00    627.68      6.25      0.00
    575.00    137.50    627.68      6.25      1.00
    300.00    100.00    627.67      5.75      0.00
    587.50    225.00    627.62      6.00      1.00
    312.50     75.00    627.62      6.25      0.00
    425.00     62.50    627.60      6.00      1.00
    425.00    162.50    627.60      6.50      1.00
    712.50    225.00    627.59      1.00      1.00
    375.00     62.50    627.57      6.25      1.00
    375.00     62.50    627.57      6.25      1.00
    387.50     75.00    627.57      6.25      1.00
    225.00    187.50    627.56      6.00      1.00
    537.50    275.00    627.55      5.75      1.00
    187.50    175.00    627.54      6.00      1.00
    612.50    225.00    627.51      5.50      1.00
    525.00    212.50    627.51      6.00      0.00
    475.00    137.50    627.50      6.50      1.00
