Steep Layer 2 Coarse Fraction
5
X
Y
Elev
Depth
CF
    212.50    125.00    623.48     10.00      1.00
    425.00    112.50    623.48     10.50      1.00
    462.50    125.00    623.47     10.75      1.00
    212.50    175.00    623.46     10.00      1.00
    225.00    112.50    623.46     10.00      0.00
    250.00    100.00    623.45      9.50      1.00
    375.00    187.50    623.45     10.50      1.00
    325.00    162.50    623.44     10.00      0.00
    300.00    150.00    623.43      9.25      1.00
    487.50     75.00    623.43     10.50      1.00
    275.00    112.50    623.42      9.50      1.00
    375.00    237.50    623.42     12.00      1.00
    325.00     87.50    623.40     11.00      1.00
    262.50    175.00    623.38     10.00      1.00
    375.00    137.50    623.38     10.75      1.00
    237.50    175.00    623.37     10.00      1.00
    475.00     62.50    623.36     11.25      1.00
    287.50    125.00    623.35      9.50      0.00
    425.00     62.50    623.35     10.25      1.00
    312.50    125.00    623.34     10.50      0.00
    375.00     87.50    623.34     10.75      1.00
    375.00    112.50    623.34     10.75      1.00
    375.00     62.50    623.32     10.50      1.00
    362.50    175.00    623.32     10.75      1.00
    287.50    175.00    623.29      9.50      1.00
    312.50    225.00    623.26     11.00      1.00
    375.00     62.50    623.25     10.75      1.00
    275.00     37.50    623.24     10.50      1.00
    325.00     37.50    623.24     10.50      0.00
    275.00    187.50    623.23     10.00      0.00
    275.00     87.50    623.23     11.25      1.00
    462.50    125.00    623.22     11.00      0.00
    262.50    125.00    623.20     10.00      1.00
    225.00    162.50    623.18     10.00      1.00
    450.00    150.00    623.18     10.75      1.00
    487.50    125.00    623.18     10.75      1.00
    275.00    112.50    623.17      9.75      1.00
    275.00    112.50    623.17      9.75      1.00
    325.00     87.50    623.15     11.25      0.00
    437.50    225.00    623.12      8.00      0.00
    375.00     87.50    623.09     11.00      1.00
    275.00    162.50    623.08     10.00      1.00
    462.50     75.00    623.08     11.00      1.00
    462.50    175.00    623.08     11.00      1.00
    325.00    137.50    623.08     11.75      1.00
    287.50    175.00    623.04      9.75      1.00
    250.00    150.00    623.03     10.00      1.00
    325.00    187.50    623.00     11.00      1.00
    375.00     62.50    623.00     11.00      0.00
    412.50     75.00    622.99     10.75      1.00
    250.00    100.00    622.95     10.00      1.00
    375.00    187.50    622.95     11.00      0.00
    487.50     75.00    622.93     11.00      1.00
    275.00    112.50    622.92     10.00      1.00
    300.00    100.00    622.92     10.50      1.00
    375.00    237.50    622.92     12.50      1.00
    425.00    137.50    622.86     11.25      1.00
    287.50    125.00    622.85     10.00      1.00
    425.00     62.50    622.85     10.75      1.00
    375.00     87.50    622.84     11.25      1.00
    387.50    125.00    622.83     11.25      1.00
    412.50    125.00    622.83     11.25      0.00
    387.50     75.00    622.82     11.00      1.00
    225.00    137.50    622.80     10.00      1.00
    287.50    175.00    622.79     10.00      0.00
    337.50    175.00    622.76     10.75      1.00
    375.00     62.50    622.75     11.25      0.00
    475.00    112.50    622.75     11.25      1.00
    425.00    112.50    622.73     11.25      1.00
    275.00     87.50    622.73     11.75      1.00
    450.00    200.00    622.72     11.00      0.00
    462.50    125.00    622.72     11.50      1.00
    437.50    175.00    622.71     11.50      1.00
    325.00    162.50    622.69     10.75      0.00
    300.00    150.00    622.68     10.00      1.00
    425.00    187.50    622.68     10.75      1.00
    450.00    100.00    622.68     11.25      1.00
    487.50    125.00    622.68     11.25      0.00
    325.00    212.50    622.68     12.75      0.00
    300.00    100.00    622.67     10.75      1.00
    287.50     75.00    622.63     11.25      1.00
    375.00    137.50    622.63     11.50      1.00
    387.50    225.00    622.62     11.50      1.00
    425.00    137.50    622.61     11.50      1.00
    337.50    225.00    622.61     13.50      1.00
    287.50    125.00    622.60     10.25      1.00
    425.00     62.50    622.60     11.00      1.00
    312.50    125.00    622.59     11.25      0.00
    375.00    112.50    622.59     11.50      0.00
    462.50     75.00    622.58     11.50      1.00
    462.50    175.00    622.58     11.50      1.00
    325.00    112.50    622.57     11.25      1.00
    387.50     75.00    622.57     11.25      0.00
    362.50    175.00    622.57     11.50      0.00
    262.50     75.00    622.56     11.25      1.00
    337.50     75.00    622.55     11.50      1.00
    337.50    175.00    622.51     11.00      0.00
    325.00    187.50    622.50     11.50      1.00
    375.00     62.50    622.50     11.50      0.00
    325.00     37.50    622.49     11.25      1.00
    412.50     75.00    622.49     11.25      0.00
    275.00     87.50    622.48     12.00      1.00
    450.00    200.00    622.47     11.25      0.00
    437.50    175.00    622.46     11.75      1.00
    275.00    137.50    622.45     10.50      1.00
    362.50     75.00    622.45     11.50      1.00
    300.00    150.00    622.43     10.25      1.00
    450.00    150.00    622.43     11.50      0.00
    487.50     75.00    622.43     11.50      1.00
    325.00    212.50    622.43     13.00      1.00
    312.50    175.00    622.40     11.00      1.00
    350.00    150.00    622.40     11.50      1.00
    325.00     87.50    622.40     12.00      1.00
    375.00    137.50    622.38     11.75      0.00
    312.50     75.00    622.37     11.50      0.00
    312.50    125.00    622.34     11.50      1.00
    412.50    125.00    622.33     11.75      0.00
    325.00    112.50    622.32     11.50      1.00
    387.50     75.00    622.32     11.50      0.00
    475.00     87.50    622.27     11.75      1.00
    312.50    225.00    622.26     12.00      0.00
    325.00    187.50    622.25     11.75      1.00
    375.00     62.50    622.25     11.75      0.00
    375.00     37.50    622.24     11.50      1.00
    462.50    125.00    622.22     12.00      1.00
    437.50    175.00    622.21     12.00      1.00
    362.50     75.00    622.20     11.75      1.00
    300.00    150.00    622.18     10.50      1.00
    425.00     87.50    622.17     12.50      0.00
    312.50    175.00    622.15     11.25      1.00
    375.00    137.50    622.13     12.00      1.00
    437.50    125.00    622.13     12.00      1.00
    387.50    225.00    622.12     12.00      1.00
    312.50    125.00    622.11     12.00      0.00
    425.00    137.50    622.11     12.00      1.00
    487.50    175.00    622.10     11.00      1.00
    425.00    162.50    622.10     12.00      0.00
    375.00     87.50    622.09     12.00      1.00
    375.00    112.50    622.09     12.00      0.00
    412.50    175.00    622.08     12.00      0.00
    462.50    175.00    622.08     12.00      1.00
    475.00    162.50    622.08     12.00      1.00
    362.50    175.00    622.07     12.00      0.00
    337.50     75.00    622.05     12.00      0.00
    375.00    212.50    622.04     14.00      1.00
    275.00     37.50    621.99     11.75      1.00
    212.50     75.00    621.99     12.75      1.00
    425.00    112.50    621.98     12.00      0.00
    275.00     87.50    621.98     12.50      1.00
    350.00    100.00    621.96     12.50      1.00
    275.00    137.50    621.95     11.00      1.00
    375.00    162.50    621.93     12.00      1.00
    400.00    100.00    621.93     12.00      0.00
    400.00    150.00    621.93     12.00      1.00
    450.00    100.00    621.93     12.00      1.00
    450.00    150.00    621.93     12.00      1.00
    487.50     75.00    621.93     12.00      0.00
    487.50    125.00    621.93     12.00      0.00
    287.50    125.00    621.85     11.00      0.00
    312.50    125.00    621.84     12.00      0.00
    412.50    125.00    621.83     12.25      1.00
    325.00    112.50    621.82     12.00      1.00
    375.00     62.50    621.82     12.00      1.00
    387.50     75.00    621.82     12.00      1.00
    312.50    225.00    621.76     12.50      0.00
    475.00    137.50    621.75     12.25      0.00
    275.00     37.50    621.74     12.00      0.00
    375.00     37.50    621.74     12.00      1.00
    412.50     75.00    621.74     12.00      0.00
    425.00    112.50    621.73     12.25      1.00
    450.00    200.00    621.72     12.00      1.00
    400.00    150.00    621.68     12.25      0.00
    300.00    100.00    621.67     11.75      1.00
    350.00    150.00    621.65     12.25      0.00
    325.00     87.50    621.65     12.75      0.00
    312.50    125.00    621.61     12.50      1.00
    337.50    225.00    621.61     14.50      0.00
    425.00     62.50    621.60     12.00      0.00
    437.50     75.00    621.54     11.50      1.00
    475.00     87.50    621.52     12.50      1.00
    325.00    187.50    621.50     12.50      1.00
    300.00    150.00    621.43     11.25      1.00
    425.00    187.50    621.43     12.00      1.00
    375.00    162.50    621.43     12.50      0.00
    225.00     87.50    621.39     12.50      1.00
    387.50    175.00    621.36     12.75      0.00
    487.50    175.00    621.35     11.75      1.00
    387.50    125.00    621.33     12.75      0.00
    462.50    175.00    621.33     12.75      0.00
    325.00    237.50    621.32     15.00      0.00
    437.50     75.00    621.29     11.75      1.00
    312.50    225.00    621.26     13.00      1.00
    275.00     37.50    621.24     12.50      1.00
    400.00    100.00    621.18     12.75      0.00
    275.00    112.50    621.17     11.75      1.00
    325.00     87.50    621.15     13.25      0.00
    287.50     75.00    621.13     12.75      0.00
    312.50     75.00    621.12     12.75      1.00
    487.50    175.00    621.10     12.00      1.00
    425.00    162.50    621.10     13.00      1.00
    362.50    175.00    621.07     13.00      0.00
    437.50     75.00    621.04     12.00      0.00
    475.00     87.50    621.02     13.00      1.00
    325.00    187.50    621.00     13.00      1.00
    475.00    137.50    621.00     13.00      0.00
