20
1
44
16
10
3.9115243735171523
8000.0
8000.0
31.360425660775967
0
-9.209386907092597
0.1
3
0.0
57.13843921372877
1668.168334120106
500.0
-11.0
-8.421783987489748
-9.059404816309536
-9.327435712006062
-11.0
-9.325218218001481
-8.0
-8.87691915515283
-8.0
-8.886830649205391
-8.894899829093063
-9.18130860941556
-9.290126722701581
-8.0
-9.756371801498748
-10.479786833505715
-8.078759869890582
-8.81765759946519
-9.296210880974503
-10.597930020397389
-11.0
-9.45841057827271
-11.0
-8.958052865987238
-10.447167519650527
-8.67720013870434
-9.393390145519177
-8.68834300539101
-8.296451746046351
-11.0


13
18
4.385169069530967
6549.255063601451
7462.160523107083
162.19720682601198
0
-10.590474846709734
0.08840736621455782
3
0.0
133.17968501320357
12402.060943756092
3559.88931033184
-10.777908140542559
-9.825963872062301
-8.223377063439195
-9.302618125691525
-9.637385957233128
-10.522033411926582
-8.465112547005756
-8.393464042417866
-10.399890515831167
-10.372998339373275
-8.297705743401119
-10.342555886156338
-8.661890940339296
-8.112829209254697
-9.973968745485983
-8.080435569422798
-8.750868879491916
-8.38386230739226
-10.67144480743346
-10.320247798022093
-10.417832147197213
-8.40224968021763
-10.176319411892775
-9.13219671532238
-10.669229927233655
-10.919158039473306
-10.62655244544545
-10.91955818685436
-10.913167076763886
-10.25301435378319


14
11
2.530076608922677
4202.33474592968
7440.519319208706
114.60084229984952
1
-9.727154193062601
0.06539536044598097
3
0.0
95.67793639371922
6346.888850365796
8388.943893773056
-8.824240591710694
-9.15806090534528
-8.828236966330099
-8.776719182636771
-9.973971769108491
-9.459063846499271
-9.659721577148296
-8.974602805171788
-10.596535022588647
-9.988069133395854
-8.890125427366847
-9.615767834658216
-9.43975210536536
-8.268943009288515
-9.28068641395477
-8.281817537280661
-8.433573039528063
-8.195981140431673
-9.988580341424441
-9.44243475673626
-9.48244931392752
-9.352555907639802
-9.837139153282076
-8.975058209283278
-10.177714352928803
-10.962469209581572
-9.71910247973203
-10.973931424165979
-10.70160435557908
-9.886542687415659


15
2
5.629054200811712
6607.499631830664
5760.984142539394
2.1025031458802586
1
-8.0
0.09287571817975526
3
0.12153548315969945
6.4914935879485
500.0
2503.306800963596
-9.793527218106226
-8.005379318362511
-10.516127018224678
-9.114316921571831
-9.887605012918916
-8.0
-8.064565116192115
-9.150213846047885
-8.0
-8.085113138387765
-9.167368695173362
-8.234318481232382
-9.701539467162
-8.43720633661793
-10.295789586797323
-11.0
-8.269053050347047
-9.109177814002914
-8.329101961774171
-10.535638041592488
-10.436499410338028
-11.0
-11.0
-9.681430478677274
-9.906627006575542
-8.0
-8.0
-8.0
-8.0
-11.0


16
1
5.543040071627445
6708.383767828018
5763.759512496997
0.5387898230329221
0
-8.0
0.09570274602380907
3
0.11755491258448289
1.6635174545747449
500.0
2243.454610174732
-9.833430647499839
-8.001378510179284
-10.69820272978798
-9.089846254322605
-10.036419663518384
-8.0
-8.016545529358856
-9.158249568928328
-8.0
-8.021811188658422
-9.279467759746797
-8.060046717782047
-9.760877214701193
-8.39319135366453
-9.962043836837552
-11.0
-8.166331698688593
-9.15945082061923
-8.107911578292146
-10.523405427762661
-10.32229377060536
-11.0
-11.0
-9.892608812143225
-9.895416994283213
-8.0
-8.0
-8.0
-8.0
-11.0


16
1
5.653431771995605
6873.214478583512
5701.053162427959
0.0
0
-8.0
0.09863320211192678
3
0.12061825276201597
0.0
500.0
1847.8468084052597
-9.903913546794188
-8.0
-10.826185592339167
-9.100458840561787
-10.087291106549863
-8.0
-8.0
-9.159941862051685
-8.0
-8.0
-9.326077222977755
-8.0
-9.783395337316227
-8.379988765261851
-9.87844100759569
-11.0
-8.12385912600796
-9.216859462017478
-8.0
-10.563749817324542
-10.326685186718862
-11.0
-11.0
-10.737684486871752
-9.887560195596576
-8.0
-8.0
-8.0
-8.0
-11.0


15
9
1.7049553546494316
3205.5378614660585
7496.189766063062
100.7268359107995
1
-9.462084330841588
0.04346784387514269
3
0.0
84.95189909708667
4248.515731269112
10478.405793708378
-8.350603631849589
-9.881551867340766
-8.986366797194803
-8.563458553435078
-10.098678014722388
-9.107215092316636
-10.18108926331779
-9.190296040211939
-10.859863962328308
-9.916374332771838
-9.10092342885281
-8.62825553270816
-9.724946361875665
-8.324633306665362
-8.99326269624371
-8.25527079269192
-8.323473595175836
-8.086509232257146
-9.801466505466452
-9.30728402842276
-9.093267000019532
-9.65401873675516
-9.662709248707545
-8.87700958416478
-10.0001900813505
-11.0
-9.436806066500978
-11.0
-10.72361498402163
-9.703535039872918


6
10
9.19137690445707
685.812376407448
2747.4915434402374
103.3652653886647
1
-8.19563813773859
0.004504108525443675
3
0.47254079113545727
84.63897073501762
13144.893225382708
14521.30520695824
-8.204713792256886
-10.003180781666806
-10.208784110597923
-9.165525911009965
-8.188634826338488
-8.624287620449113
-9.407724464032746
-10.622826967345954
-10.967194715305926
-9.814567601587184
-8.10995549586173
-9.549534143008007
-8.253873759157281
-10.355339258466183
-10.804131606303931
-9.237639772438383
-9.986352502059763
-8.63072179988798
-9.885125550298557
-10.5176789628657
-8.11274185425028
-10.856947468019035
-8.045107017451722
-10.588211689581124
-9.689693487308231
-9.97677356057438
-8.102297421338893
-9.628957635806906
-10.973673416080185
-8.198950267405069


16
10
5.441869025026561
7021.592526505101
6481.690227428047
52.23074745757629
0
-8.915555782442041
0.09496110404218426
3
0.06976217338282871
65.10936095456351
5270.600432766947
2055.739521252231
-10.32983352926259
-8.880145676893251
-8.35162505093005
-9.280506788039085
-10.410454309110884
-9.122056219677145
-8.138919341623659
-9.38296372112532
-8.780260318118426
-9.155731584366997
-8.66738677734513
-9.288037343330043
-8.989772845187414
-8.281371196350781
-10.060060892047023
-10.119755355324614
-8.631668149959376
-8.378911730388243
-9.466905499643152
-10.574669564550957
-10.634275652262122
-9.833299001339295
-10.620247848337996
-9.430548039323767
-10.227616627412644
-9.053876423458178
-9.09043146681298
-8.960976485275761
-9.072433999268869
-10.82374613141792


15
6
5.59230163748151
6861.937438154662
6081.544666032131
0.5988869257876033
0
-8.278571410100852
0.09292127764145244
3
0.09800302698053016
31.946878600624284
1478.4210562485357
2168.779748730748
-10.243837312521167
-8.397411621034419
-9.95627378980032
-9.192933796162203
-9.775583955057343
-8.39640876086377
-8.185465285168654
-9.870409485814552
-8.15400625798843
-8.605415387708195
-8.9056064513858
-8.752496304134922
-9.238795084585213
-8.37293874758163
-9.991266576756741
-10.975411547289307
-8.535977998532063
-8.889060065759946
-8.877200215952177
-10.571933512115947
-10.582055611604154
-10.55468177456333
-10.749249747349731
-9.527833241393878
-9.97536278982382
-8.305255349628666
-8.332921008118152
-8.176239811740846
-8.295646887585388
-11.0


13
18
5.101585788518082
7351.724619107468
7350.29930289454
168.46757776204942
0
-10.726318372107702
0.0999891561145675
3
0.0
137.78164361284493
13349.710395356778
1844.2984605015286
-10.505388332151952
-9.942262863745757
-8.146157421299055
-9.468481623174858
-9.537434541370748
-10.731275340019145
-8.028224486856125
-8.245354191842642
-10.180892571516486
-10.356960513719185
-8.154120398457813
-10.446741916252073
-8.480890296138417
-8.083183407410182
-10.20594800277952
-8.194371620321068
-8.82671824301547
-8.494467724249075
-10.743733998384176
-10.656765588090058
-10.741074223945743
-8.236760135218324
-10.05775940735187
-9.218614769542208
-9.986874366267942
-10.68283826412436
-10.775398922580557
-10.717111790863436
-10.803156709493154
-10.426823962004903


15
3
5.5149868160493964
6582.892090209823
5918.571322730413
19.689874978653002
0
-8.095685743736215
0.09299634430999251
3
0.10414920737542369
13.256577627190506
786.1803240496272
2151.9062145174385
-9.064124978879235
-8.13661249930897
-10.849882624361992
-9.134671078034811
-9.382175269875358
-8.357353832875933
-8.080324673717001
-9.808556951572104
-8.0
-8.23336760735073
-9.095521121430544
-8.568216159831218
-9.570618324913578
-8.382355351967746
-9.906973719711287
-11.0
-8.265569764179407
-10.435352701198141
-8.142698350437108
-10.536062976665741
-11.0
-10.821452557048211
-10.75286300530686
-9.563226458800553
-9.959878404346211
-8.082849801976156
-8.121758783905333
-8.022427947127976
-8.041219237620727
-11.0


13
18
5.101585788518082
7351.724619107468
7350.29930289454
168.46757776204942
0
-10.726318372107702
0.0999891561145675
3
0.0
137.78164361284493
13349.710395356778
1844.2984605015286
-10.505388332151952
-9.067858710336134
-8.146157421299055
-9.468481623174858
-9.537434541370748
-10.668156480743432
-8.028224486856125
-8.245354191842642
-10.180892571516486
-10.356960513719185
-8.154120398457813
-10.357195952240373
-8.480890296138417
-8.083183407410182
-10.20594800277952
-8.194371620321068
-8.839194467247166
-8.494467724249075
-10.904060688857422
-10.656765588090058
-10.741074223945743
-8.236760135218324
-10.345507939560552
-9.218614769542208
-9.986874366267942
-10.68283826412436
-10.775398922580557
-10.717111790863436
-10.803156709493154
-10.426823962004903


15
9
1.8449839051770165
3335.608143320257
7953.4701652947215
97.02332379114917
1
-9.408326591007313
0.045424225105962786
3
0.0
81.82839794619188
4110.6907582524955
10172.332124470895
-8.360885833529176
-8.911401798576083
-9.051614029769294
-8.582502702086671
-10.098274190037156
-9.066505141722283
-10.100895237091356
-9.18921956130692
-10.669156587104649
-9.8459133130939
-9.108908270625854
-9.347362242040141
-9.727019193126427
-8.326596429604885
-9.024654611199196
-8.356188664205582
-8.316394478618594
-8.126595910644413
-9.736395896042914
-9.351843262063992
-9.137008874763705
-9.703507613042946
-9.711878593303
-8.917026361140474
-10.447713203233308
-10.978464189487926
-9.383977754832518
-10.994011667578217
-10.623473437715958
-9.751203306716768


10
15
9.19137690445707
781.1690630572746
2747.4915434402374
103.3652653886647
1
-8.19563813773859
0.004504108525443675
3
0.520288302649434
84.63897073501762
14096.943914065192
14521.30520695824
-8.204713792256886
-10.003180781666806
-10.208784110597923
-9.165525911009965
-8.188634826338488
-8.624287620449113
-9.941778362655919
-10.622826967345954
-10.967194715305926
-9.814567601587184
-8.10995549586173
-9.549534143008007
-8.253873759157281
-10.355339258466183
-10.804131606303931
-9.237639772438383
-9.986352502059763
-8.63072179988798
-9.885125550298557
-10.5176789628657
-8.11274185425028
-10.751815686328536
-8.169743940565503
-10.588211689581124
-9.689693487308231
-9.97677356057438
-8.348150339597403
-9.628957635806906
-10.973673416080185
-8.198950267405069


16
1
5.513403221468021
6743.144196729314
5764.715788219956
0.0
0
-8.0
0.0966768208811067
3
0.11618337543348789
0.0
500.0
2153.9204776427437
-9.847179690465236
-8.0
-10.760938359764678
-9.081414691910194
-10.087694931235099
-8.0
-8.0
-9.161018340956703
-8.0
-8.0
-9.318092381204714
-8.0
-9.781322506065468
-8.37802564232233
-9.847049092640205
-11.0
-8.1309382425652
-9.176772783630213
-8.031698677991558
-10.519190583683313
-10.282943311974693
-11.0
-11.0
-9.96537198123187
-9.891554495671139
-8.0
-8.0
-8.0
-8.0
-11.0


15
5
5.581724039129956
6417.7097257045525
5968.377422708242
25.929375138102234
0
-8.180520052825388
0.0925623875139053
3
0.1067687159890242
44.60766080063895
1134.0371422017542
2318.0404884419067
-10.080498123263553
-8.2599095903528
-10.131248871542075
-9.168230022299122
-9.796965212991593
-8.256881100704724
-8.148734616903733
-9.615941011060814
-8.099799250100528
-8.429956875760036
-8.984146265362838
-8.591243659253273
-9.394475189012981
-8.400897621437931
-9.972667863392376
-10.984066172545768
-8.369997954123154
-8.960439975078499
-8.711106360845715
-10.56064179713359
-10.54467339347888
-10.711424551604804
-10.8375086343641
-9.556285156461987
-9.95252873945521
-8.19781179920886
-8.215739719845667
-8.114207054176434
-8.191585316473265
-11.0



