Williams Field Omnidirectional Variogram		
	lag (m)	semivariance (lbs/ac)^2
1	0	0.00278
2	1.803	93.17635
3	4.681	120.27171
4	9.647	141.76923
5	15.865	220.63679
6	19.264	215.9808
7	25.097	137.32778
8	30.726	235
9	35.478	295.47214
10	39.475	312.71834
11	45.433	336.34899
12	50.287	327.58992
13	76.647	387.21156
14	103.839	455.31438
15	125.191	548.15603
16	149.088	564.47101
17	178.206	610.53468
18	200.598	575.90202
19	223.801	553.96352
20	250.857	618.64226
21	277.91	564.7266
22	299.536	563.65856
23	324.649	595.39271
24	352.617	628.07774
25	374.14	612.02345
26	400.076	635.82865
27	425.896	652.81267
28	450.526	669.12412
29	474.169	672.90058
30	500.861	643.83636
31	525.852	659.28463			
32	548.736	694.5619			
33	574.987	646.55543			
34	600.836	678.69576			
35	624.92	651.41676			
36	648.417	664.44808			
37	675.399	665.8554			
38	700.595	688.46239			
39	723.893	669.797			
40	749.851	698.37649			
filtered dat	lag	North-South	East-West	NE-SW	SE-NW
1	0	0.00276	0.00276	0.00276	0.00276
2	8.212	121.68222	192.34918	138.79726	133.35897
3	51.945	352.95659	380.30269	384.03707	320.51513
4	108.584	479.14082	516.74279	425.36809	416.36529
5	146.165	528.1803	609.52252	562.57547	592.7754
6	199.393	605.34989	616.58547	565.84433	616.58679
7	249.786	651.17999	621.78194	560.97857	617.2075
8	297.636	608.20465	595.85449	563.98668	573.84968
9	352.869	593.41445	646.70762	701.9541	590.26139
10	402.012	709.08803	577.73045	636.49688	639.32608
11	445.597	616.77786	642.09812	697.87221	644.70313
12	498.592	667.23072	656.33122	686.0316	623.34177
13	553.123	669.2107	726.86208	745.43251	684.638
14	600.68	791.94832	805.08711	757.26266	658.43583
15	648.409	738.49731	689.67013	731.48299	738.40982
16	702.412	649.44479	772.43687	673.76751	732.14044
10 acre	lag	variance	pairs		
3	229.114	150.82476	420		
4	412.843	221.19368	528		
5	582.816	239.53109	584		
6	778.387	242.42597	884		
2.5 acre	lag	variance	pairs
3	115.284	156.72299	1860
4	206.815	241.79171	2576
5	291.595	274.18541	3176
6	390.796	308.54076	5690
7	492.936	325.53144	4506
8	584.338	342.76532	5740
9	677.471	341.41182	5148
10	768.022	336.88057	5448
11	868.352	336.88493	6620
0.625 ac	lag	variance	pairs
3	57.793	123.15263	7808
4	103.482	224.22875	11276
5	145.821	284.84105	14502
6	195.656	324.7022	27582
7	246.563	335.88271	23130
8	292.37	348.57478	31474
9	338.864	364.86725	30178
10	384.217	378.97596	34514
11	434.63	396.83749	46258
12	485.306	404.53058	36278
13	531	415.25432	43984
14	577.513	419.84986	39584
15	625.095	428.94723	48024
16	674.174	433.61977	45232
17	720.001	429.00643	40878
18	768.119	422.76612	50688
19	819.571	415.36881	47102
0.156 ac	lag	variance	pairs
3	28.934	83.61474	31994
4	51.759	158.42794	47102
5	72.915	215.10688	61712
6	97.883	270.31139	120492
7	123.302	311.68568	103368
8	146.223	342.67953	144366
9	169.452	363.96224	141660
10	192.137	378.51705	166354
11	217.38	387.2243	229960
12	242.672	389.23704	185526
13	265.536	395.32528	232534
14	288.773	399.93199	215436
15	312.603	407.38797	271376
16	337.147	414.90589	265114
17	360.03	424.27765	248062
18	384.126	430.62472	321514
19	409.856	440.79563	313170
20	434.305	445.51386	305044
21	457.594	451.77631	308382
22	480.208	456.00224	291392
23	503.855	462.40509	362238
24	529.006	464.24144	343748
25	553.094	471.03094	343184
26	576.407	473.76948	334592
27	600.906	479.53793	378870
28	625.429	482.92597	358448
29	648.998	484.75979	340448
30	672.714	487.30034	378586
31	696.633	486.28952	344124
32	720.716	484.44152	385950
33	744.992	480.68427	359266
34	768.299	474.43788	341412
35	791.474	470.27283	363934
36	816.083	468.38993	378712



















1.572	26.0815
3.145	42.417655
4.717	57.521115
6.289	72.06373
7.861	86.29223
9.434	100.153365
11.006	113.790285
12.578	127.120975
14.15	140.254315
15.723	152.93605
17.295	165.64344
18.867	177.936475
20.439	190.23596
22.012	201.991525
23.584	213.508975
25.156	224.910445
26.729	235.949105
28.301	246.983735
29.873	257.59065
31.445	268.053185
33.018	278.230135
34.59	288.13349
36.162	297.77145
37.734	307.210625
39.307	316.5316
40.879	325.44614
42.451	334.28454
44.023	342.9857
45.596	351.25003
47.168	359.412995
48.74	367.338925
50.313	375.11016
51.885	382.724365
53.457	390.067935
55.029	397.26613
56.602	404.138345
58.174	410.93669
59.746	417.47131
61.318	423.622925
62.891	429.81475
64.463	435.872685
66.035	441.79797
67.607	447.56322
69.18	453.16894
70.752	458.660835
72.324	463.91044
73.896	469.19896
75.469	474.288125
77.041	479.20753
78.613	484.173885
80.186	488.963025
81.758	493.476175
83.33	497.94581
84.902	502.2433
86.475	506.307335
88.047	510.446455
89.619	514.368285
91.191	518.30663
92.764	522.050655
94.336	525.64571
95.908	529.199745
97.48	532.55132
99.053	535.899445
100.625	539.14247
102.197	542.25418
103.77	545.21755
105.342	548.03704
106.914	550.81858
108.486	553.44539
110.059	556.051505
111.631	558.62985
113.203	561.170305
114.775	563.65494
116.348	565.96522
117.92	568.33471
119.492	570.449465
121.064	572.681855
122.637	574.62689
124.209	576.41626
125.781	578.21663
127.354	579.789895
128.926	581.390615
130.498	582.900875
132.07	584.26198
133.643	585.66213
135.215	587.05485
136.787	588.26022
138.359	589.464215
139.932	590.617185
141.504	591.761075
143.076	592.82135
144.648	594.020235
146.221	595.113025
147.793	596.25338
149.365	597.435675
150.938	598.647255
152.51	599.906585
154.082	601.12558
155.654	602.33983
157.227	603.46722
158.799	604.50574
160.371	605.51621
161.943	606.512035
163.516	607.395365
165.088	608.2928
166.66	609.206665
168.232	610.129005
169.805	611.06759
171.377	611.845795
172.949	612.7195
174.522	613.61296
176.094	614.448245
177.666	615.232195
179.238	616.0361
180.811	616.822405
182.383	617.56595
183.955	618.385965
185.527	619.04487
187.1	619.792805
188.672	620.52541
190.244	621.238875
191.816	621.9463
193.389	622.6455
194.961	623.456365
196.533	624.286685
198.106	625.219755
199.678	626.22305
201.25	627.293305
202.822	628.379985
204.395	629.511175
205.967	630.654535
207.539	631.81664
209.111	632.966835
210.684	634.13682
212.256	635.249805
213.828	636.456605
215.4	637.584735
216.973	638.639735
218.545	639.72349
220.117	640.742825
221.689	641.71763
223.262	642.51122
224.834	643.28269
226.406	644.11309
227.979	644.905375
229.551	645.6366
231.123	646.317075
232.695	646.929285
234.268	647.5755
235.84	648.128675
237.412	648.625345
238.984	649.055115
240.557	649.404255
242.129	649.76036
243.701	650.088725
245.273	650.33188
246.846	650.50808
248.418	650.68374
249.99	650.803195
251.563	651.050605
253.135	651.28211
254.707	651.562985
256.279	651.856345
257.852	652.12517
259.424	652.312025
260.996	652.526845
262.568	652.70266
264.141	652.87597
265.713	653.068265
267.285	653.308335
268.857	653.57495
270.43	653.79272
272.002	653.99599
273.574	654.24205
275.147	654.530245
276.719	654.826205
278.291	655.172885
279.863	655.58875
281.436	655.98714
283.008	656.415795
284.58	656.838695
286.152	657.26888
287.725	657.702645
289.297	658.106995
290.869	658.494365
292.441	658.834165
294.014	659.153045
295.586	659.50649
297.158	659.923565
298.731	660.332275
300.303	660.74623
301.875	661.14906
303.447	661.614655
305.02	662.112795
306.592	662.60985
308.164	663.04843
309.736	663.516405
311.309	663.9748
312.881	664.438995
314.453	664.91758
316.025	665.400195
317.598	665.82443
319.17	666.16657
320.742	666.51061
322.315	666.850945
323.887	667.12642
325.459	667.356395
327.031	667.48825
328.604	667.54605
330.176	667.6054
331.748	667.734715
333.32	667.95949
334.893	668.215415
336.465	668.540725
338.037	668.93052
339.609	669.261565
341.182	669.63911
342.754	670.15865
344.326	670.70785
345.899	671.27912
347.471	671.880485
349.043	672.556755
350.615	673.2516
352.188	673.867265
353.76	674.493165
355.332	675.11789
356.904	675.781675
358.477	676.47484
360.049	677.196435
361.621	677.89343
363.193	678.56333
364.766	679.202825
366.338	679.777415
367.91	680.37487
369.483	680.942195
371.055	681.64073
372.627	682.32113
374.199	683.01105
375.772	683.723905
377.344	684.50229
378.916	685.29566
380.488	686.08959
382.061	686.837555
383.633	687.5866
385.205	688.32269
386.777	689.05857
388.35	689.776995
389.922	690.49969
391.494	691.232255
393.066	691.894895
394.639	692.53009
396.211	693.11311
397.783	693.659565
399.356	694.227555
400.928	694.716985
402.5	695.22263
404.072	695.724365
405.645	696.201175
407.217	696.660455
408.789	697.127285
410.361	697.618605
411.934	698.11113
413.506	698.55809
415.078	698.99865
416.65	699.4611
418.223	699.963305
419.795	700.47805
421.367	701.006975
422.94	701.532965
424.512	702.07867
426.084	702.625465
427.656	703.18846
429.229	703.75356
430.801	704.33985
432.373	704.934715
433.945	705.50408
435.518	706.11659
437.09	706.739035
438.662	707.319565
440.234	707.99194
441.807	708.630265
443.379	709.312145
444.951	709.97645
446.524	710.61544
448.096	711.24158
449.668	711.84136
451.24	712.32887
452.813	712.701985
454.385	713.01095
455.957	713.271155
457.529	713.51034
459.102	713.729945
460.674	713.85272
462.246	713.904435
463.818	713.856
465.391	713.74542
466.963	713.579125
468.535	713.360475
470.108	713.133955
471.68	712.959935
473.252	712.832635
474.824	712.678445
476.397	712.486205
477.969	712.21176
479.541	711.919985
481.113	711.6516
482.686	711.37327
484.258	711.05234
485.83	710.76619
487.402	710.56126
488.975	710.329545
490.547	710.15689
492.119	710.057525
493.692	709.99611
495.264	709.991655
496.836	710.08943
498.408	710.23591
499.981	710.458235
501.553	710.728465
503.125	711.06697
504.697	711.55043
506.27	712.08358
507.842	712.757765
509.414	713.57237
510.986	714.47905
512.559	715.48307
514.131	716.565105
515.703	717.7057
517.276	718.954525
518.848	720.25059
520.42	721.630685
521.992	723.030075
523.565	724.5417
525.137	726.129555
526.709	727.85035
528.281	729.576055
529.854	731.31608
531.426	733.009135
532.998	734.57492
534.57	736.065975
536.143	737.41754
537.715	738.801625
539.287	740.157125
540.859	741.48884
542.432	742.721635
544.004	743.865665
545.576	744.84913
547.149	745.770685
548.721	746.592165
550.293	747.315945
551.865	747.966585
553.438	748.56523
555.01	749.13992
556.582	749.76344
558.154	750.35995
559.727	750.778195
561.299	751.105965
562.871	751.38453
564.443	751.62496
566.016	751.76128
567.588	751.910245
569.16	751.97228
570.733	751.925685
572.305	751.86813
573.877	751.79206
575.449	751.627005
577.022	751.523555
578.594	751.319135
580.166	751.17736
581.738	751.062325
583.311	750.94301
584.883	750.801235
586.455	750.664795
588.027	750.519615
589.6	750.392525
591.172	750.14517
592.744	749.85489
594.317	749.568495
595.889	749.273125
597.461	748.99483
599.033	748.70581
600.606	748.363245
602.178	748.071595
603.75	747.8287
605.322	747.634905
606.895	747.42029
608.467	747.18046
610.039	746.92135
611.611	746.64535
613.184	746.436435
614.756	746.27296
616.328	746.08763
617.901	746.029175
619.473	746.02416
621.045	746.092775
622.617	746.169285
624.19	746.231145
625.762	746.21172
627.334	746.15948
628.906	746.05347
630.479	745.859425
632.051	745.635235
633.623	745.425395
635.195	745.173545
636.768	744.929765
638.34	744.675995
639.912	744.371855
641.484	744.021345
643.057	743.813395
644.629	743.544395
646.201	743.218085
647.774	742.790415
649.346	742.35189
650.918	741.817725
652.49	741.273735
654.063	740.65822
655.635	740.13365
657.207	739.645835
658.779	739.175585
660.352	738.766595
661.924	738.36252
663.496	738.023885
665.068	737.79647
666.641	737.551555
668.213	737.400725
669.785	737.259685
671.358	737.115695
672.93	737.00504
674.502	736.961395
676.074	737.031885
677.647	737.1073
679.219	737.15154
680.791	737.27903
682.363	737.48045
683.936	737.70129
685.508	738.03636
687.08	738.33385
688.653	738.61973
690.225	738.91854
691.797	739.332235
693.369	739.755975
694.942	740.231565
696.514	740.769245
698.086	741.26364
699.658	741.785535
701.231	742.196805
702.803	742.55254
704.375	742.796435
705.947	743.014225
707.52	743.21336
709.092	743.39865
710.664	743.60981
712.237	743.888275
713.809	744.14977
715.381	744.497615
716.953	744.842225
718.526	745.181255
720.098	745.53159
721.67	745.908105
723.242	746.221575
724.815	746.620665
726.387	747.00564
727.959	747.442255
729.531	747.887905
731.104	748.34836
732.676	748.889065
734.248	749.36058
735.82	749.857155
737.393	750.233505
738.965	750.5038
740.537	750.71346
742.11	750.86493
743.682	751.00285
745.254	751.192535
746.826	751.47389
748.399	751.892445
749.971	752.19343
751.543	752.55214
753.115	752.91284
754.688	753.327875
756.26	753.67722
757.832	753.977185
759.404	754.22581
760.977	754.51292
762.549	754.690845
764.121	754.759265
765.694	754.873405
767.266	754.94795
768.838	755.00975
770.41	755.13376
771.983	755.30368
773.555	755.530925
775.127	755.85206
776.699	756.21038
778.272	756.64226
779.844	757.23189
781.416	757.838425
782.988	758.53594
784.561	759.16172
786.133	759.747225
