Freyberg    Hyd     Cond    Orig
           2
hydcond
log         Hydcond
  0.00013650
  0.00013540
  0.00012868
  0.00010569
  0.00010485
  0.00011341
  0.00010984
  0.00011112
  0.00011261
  0.00010732
  0.00009370
  0.00008950
  0.00008930
  0.00010660
  0.00010899
  0.00010987
  0.00010586
  0.00010455
  0.00010751
  0.00010487
  0.00013264
  0.00013096
  0.00010561
  0.00010832
  0.00010558
  0.00010492
  0.00011369
  0.00010606
  0.00010553
  0.00009190
  0.00008610
  0.00009080
  0.00009170
  0.00010984
  0.00011115
  0.00010681
  0.00008830
  0.00010951
  0.00010898
  0.00011447
  0.00012858
  0.00013088
  0.00010891
  0.00010621
  0.00011008
  0.00010700
  0.00011471
  0.00011339
  0.00011304
  0.00008750
  0.00009370
  0.00009290
  0.00008890
  0.00010913
  0.00010737
  0.00011205
  0.00009060
  0.00011097
  0.00010550
  0.00010459
  0.00010915
  0.00011370
  0.00010782
  0.00011182
  0.00011049
  0.00011466
  0.00011408
  0.00011358
  0.00011064
  0.00009420
  0.00009000
  0.00009030
  0.00008930
  0.00010809
  0.00011447
  0.00009390
  0.00008700
  0.00011121
  0.00011340
  0.00011368
  0.00010496
  0.00008560
  0.00011425
  0.00010592
  0.00010866
  0.00010810
  0.00008900
  0.00008920
  0.00009310
  0.00009220
  0.00008730
  0.00008920
  0.00008640
  0.00011251
  0.00011332
  0.00009210
  0.00009090
  0.00011445
  0.00010837
  0.00010854
  0.00011412
  0.00009310
  0.00009370
  0.00008600
  0.00008960
  0.00009410
  0.00008960
  0.00008790
  0.00009010
  0.00009030
  0.00009440
  0.00009250
  0.00009260
  0.00010921
  0.00011424
  0.00008910
  0.00009300
  0.00010782
  0.00011282
  0.00010819
  0.00011505
  0.00009290
  0.00009120
  0.00008770
  0.00009100
  0.00008710
  0.00008940
  0.00008770
  0.00008830
  0.00009160
  0.00006770
  0.00008970
  0.00008750
  0.00009320
  0.00008920
  0.00008740
  0.00008590
  0.00008630
  0.00008740
  0.00010676
  0.00010921
  0.00009440
  0.00009310
  0.00010989
  0.00010713
  0.00011225
  0.00010888
  0.00008950
  0.00008690
  0.00009000
  0.00006710
  0.00009170
  0.00008740
  0.00008570
  0.00009390
  0.00008580
  0.00009250
  0.00009050
  0.00008900
  0.00011216
  0.00010541
  0.00009400
  0.00009240
  0.00010668
  0.00000000
  0.00000000
  0.00000000
  0.00011494
  0.00008690
  0.00009230
  0.00006960
  0.00009360
  0.00008600
  0.00008970
  0.00009290
  0.00008980
  0.00008700
  0.00009150
  0.00009050
  0.00011201
  0.00010772
  0.00008570
  0.00009270
  0.00010741
  0.00000000
  0.00000000
  0.00000000
  0.00000000
  0.00010582
  0.00008930
  0.00006660
  0.00009400
  0.00009390
  0.00008720
  0.00009340
  0.00008570
  0.00009170
  0.00009250
  0.00008720
  0.00011103
  0.00010602
  0.00008890
  0.00008570
  0.00010720
  0.00000000
  0.00000000
  0.00000000
  0.00000000
  0.00010981
  0.00008700
  0.00006840
  0.00006720
  0.00006830
  0.00009290
  0.00009160
  0.00006950
  0.00009290
  0.00009150
  0.00008850
  0.00009090
  0.00011273
  0.00009030
  0.00009100
  0.00011348
  0.00000000
  0.00000000
  0.00000000
  0.00000000
  0.00010649
  0.00009270
  0.00007050
  0.00007250
  0.00007120
  0.00008850
  0.00008630
  0.00006790
  0.00009180
  0.00009310
  0.00009230
  0.00009030
  0.00011219
  0.00009220
  0.00009220
  0.00010457
  0.00000000
  0.00000000
  0.00000000
  0.00000000
  0.00011023
  0.00009390
  0.00007280
  0.00009280
  0.00008810
  0.00009440
  0.00009230
  0.00009050
  0.00009010
  0.00009100
  0.00009430
  0.00009330
  0.00011220
  0.00009230
  0.00008880
  0.00011043
  0.00000000
  0.00000000
  0.00000000
  0.00000000
  0.00011353
  0.00009290
  0.00006680
  0.00007070
  0.00006840
  0.00009320
  0.00008730
  0.00006850
  0.00009260
  0.00009020
  0.00008590
  0.00009120
  0.00010908
  0.00009450
  0.00008580
  0.00010481
  0.00000000
  0.00000000
  0.00000000
  0.00000000
  0.00008790
  0.00008600
  0.00005040
  0.00006930
  0.00006710
  0.00006720
  0.00007270
  0.00007120
  0.00007100
  0.00009180
  0.00009020
  0.00010807
  0.00011409
  0.00009050
  0.00008950
  0.00011100
  0.00000000
  0.00000000
  0.00000000
  0.00000000
  0.00009430
  0.00007320
  0.00005060
  0.00006880
  0.00006680
  0.00007340
  0.00007050
  0.00006980
  0.00007150
  0.00008610
  0.00008920
  0.00011134
  0.00010907
  0.00009010
  0.00009160
  0.00010807
  0.00000000
  0.00000000
  0.00000000
  0.00000000
  0.00008630
  0.00006840
  0.00004880
  0.00007120
  0.00006780
  0.00007250
  0.00006830
  0.00007180
  0.00007310
  0.00009260
  0.00008790
  0.00011313
  0.00010934
  0.00008930
  0.00009300
  0.00010722
  0.00000000
  0.00000000
  0.00000000
  0.00000000
  0.00009270
  0.00007080
  0.00004780
  0.00007090
  0.00006920
  0.00007140
  0.00006940
  0.00006900
  0.00007280
  0.00008710
  0.00009020
  0.00010689
  0.00010516
  0.00008980
  0.00009100
  0.00011320
  0.00000000
  0.00000000
  0.00000000
  0.00000000
  0.00008940
  0.00006830
  0.00004910
  0.00004910
  0.00005060
  0.00007070
  0.00006840
  0.00007350
  0.00007330
  0.00009210
  0.00009340
  0.00010600
  0.00011154
  0.00008870
  0.00009250
  0.00010863
  0.00000000
  0.00000000
  0.00000000
  0.00000000
  0.00008580
  0.00006670
  0.00005160
  0.00004940
  0.00005230
  0.00007020
  0.00007110
  0.00006920
  0.00007290
  0.00009310
  0.00009320
  0.00011393
  0.00011092
  0.00008670
  0.00008620
  0.00011444
  0.00000000
  0.00000000
  0.00000000
  0.00000000
  0.00009300
  0.00006990
  0.00004930
  0.00005180
  0.00005040
  0.00007300
  0.00006800
  0.00007330
  0.00006940
  0.00008560
  0.00008670
  0.00010495
  0.00011154
  0.00009450
  0.00009160
  0.00011133
  0.00000000
  0.00000000
  0.00011097
  0.00011329
  0.00009410
  0.00007100
  0.00004840
  0.00004880
  0.00005110
  0.00006910
  0.00006760
  0.00007100
  0.00006990
  0.00009340
  0.00009320
  0.00010824
  0.00011389
  0.00008680
  0.00009210
  0.00011360
  0.00011486
  0.00000000
  0.00010593
  0.00008880
  0.00009040
  0.00007010
  0.00004910
  0.00005030
  0.00005190
  0.00006820
  0.00007170
  0.00007330
  0.00006860
  0.00009380
  0.00009090
  0.00010881
  0.00010772
  0.00008860
  0.00008560
  0.00008680
  0.00011250
  0.00011246
  0.00009350
  0.00008860
  0.00009280
  0.00007300
  0.00005160
  0.00005180
  0.00005130
  0.00007260
  0.00007260
  0.00004780
  0.00006830
  0.00006690
  0.00009330
  0.00008620
  0.00011049
  0.00009350
  0.00008720
  0.00008790
  0.00008930
  0.00008790
  0.00008770
  0.00009000
  0.00007190
  0.00006870
  0.00005120
  0.00004880
  0.00005090
  0.00006710
  0.00006700
  0.00004810
  0.00007340
  0.00006790
  0.00008680
  0.00008670
  0.00011026
  0.00009070
  0.00008630
  0.00007010
  0.00008610
  0.00008760
  0.00008680
  0.00009250
  0.00006720
  0.00007340
  0.00005090
  0.00004800
  0.00004860
  0.00006930
  0.00006930
  0.00005210
  0.00006870
  0.00007230
  0.00009040
  0.00009190
  0.00011251
  0.00008560
  0.00008830
  0.00008620
  0.00007010
  0.00008690
  0.00008890
  0.00006770
  0.00006920
  0.00005160
  0.00002930
  0.00004920
  0.00005100
  0.00005140
  0.00004890
  0.00005060
  0.00006830
  0.00006860
  0.00007160
  0.00009400
  0.00011158
  0.00010604
  0.00009130
  0.00008840
  0.00009080
  0.00008850
  0.00007330
  0.00005240
  0.00006970
  0.00005230
  0.00003060
  0.00004920
  0.00005030
  0.00004780
  0.00005130
  0.00005100
  0.00004940
  0.00006680
  0.00006800
  0.00009350
  0.00011525
  0.00010523
  0.00009100
  0.00009110
  0.00008880
  0.00007250
  0.00004870
  0.00003080
  0.00006880
  0.00005050
  0.00003140
  0.00005170
  0.00005010
  0.00005060
  0.00005170
  0.00002860
  0.00004890
  0.00004840
  0.00006760
  0.00007130
  0.00011479
  0.00011347
  0.00011177
  0.00009030
  0.00008920
  0.00006760
  0.00003060
  0.00003050
  0.00003120
  0.00002950
  0.00003040
  0.00005030
  0.00005130
  0.00005050
  0.00004770
  0.00002920
  0.00003040
  0.00004850
  0.00004940
  0.00006690
  0.00011462
  0.00008990
  0.00008850
  0.00008580
  0.00007220
  0.00005150
  0.00002880
  0.00003050
  0.00003050
  0.00002990
  0.00002920
  0.00004800
  0.00005100
  0.00005150
  0.00002980
  0.00003010
  0.00002940
  0.00002910
  0.00005060
  0.00004840
  0.00011523
  0.00009190
  0.00008680
  0.00008600
  0.00009200
  0.00007250
  0.00003060
  0.00002930
  0.00003060
  0.00002920
  0.00002860
  0.00003080
  0.00005170
  0.00005170
  0.00003040
  0.00003120
  0.00003080
  0.00002880
  0.00005240
  0.00006890
  0.00000000
  0.00008620
  0.00008740
  0.00008610
  0.00009160
  0.00007010
  0.00006950
  0.00004970
  0.00003010
  0.00003110
  0.00003050
  0.00002930
  0.00003050
  0.00004800
  0.00005090
  0.00005060
  0.00002890
  0.00005230
  0.00004970
  0.00007170
  0.00000000
  0.00000000
  0.00008850
  0.00008760
  0.00008570
  0.00007020
  0.00007100
  0.00004790
  0.00002870
  0.00003030
  0.00002880
  0.00002880
  0.00003010
  0.00004950
  0.00005230
  0.00005100
  0.00005220
  0.00005040
  0.00007320
  0.00008810
  0.00000000
  0.00000000
  0.00000000
  0.00007010
  0.00007340
  0.00007140
  0.00006800
  0.00007240
  0.00002880
  0.00003010
  0.00002860
  0.00003070
  0.00002890
  0.00004820
  0.00005140
  0.00005030
  0.00004930
  0.00004890
  0.00007250
  0.00008710
  0.00000000
  0.00000000
  0.00000000
  0.00000000
  0.00007220
  0.00006950
  0.00006730
  0.00005170
  0.00004960
  0.00003030
  0.00003020
  0.00003080
  0.00003080
  0.00005010
  0.00005090
  0.00004930
  0.00004790
  0.00006850
  0.00009390
  0.00000000
  0.00000000
  0.00000000
  0.00000000
  0.00000000
  0.00008890
  0.00006890
  0.00006860
  0.00005210
  0.00004950
  0.00003100
  0.00002980
  0.00002960
  0.00003060
  0.00004980
  0.00005230
  0.00005130
  0.00007050
  0.00007050
  0.00009210
  0.00000000
  0.00000000
  0.00000000
  0.00000000
  0.00000000
  0.00000000
  0.00006980
  0.00007270
  0.00004900
  0.00004820
  0.00003000
  0.00002900
  0.00002870
  0.00003100
  0.00002930
  0.00003010
  0.00004770
  0.00005170
  0.00006770
  0.00000000
  0.00000000
  0.00000000
  0.00000000
  0.00000000
  0.00000000
  0.00000000
  0.00006720
  0.00007200
  0.00004870
  0.00004950
  0.00002860
  0.00002910
  0.00003000
  0.00003110
  0.00003020
  0.00002910
  0.00004810
  0.00004890
  0.00000000
  0.00000000
  0.00000000
  0.00000000
  0.00000000
  0.00000000
  0.00000000
  0.00000000
  0.00008960
  0.00005110
  0.00004920
  0.00002940
  0.00003090
  0.00002920
  0.00003060
  0.00002860
  0.00002990
  0.00005220
  0.00000000
  0.00000000
  0.00000000
  0.00000000
  0.00000000
