FreybergObservations
6
ID
X
Y
Head
Hydcond
LogHydcond
71      2625      9125        22.22158       0.0000899625    -9.3161176411
77      4125      9125        19.69107       0.0000870057    -9.3495369242
90      2375      8875        22.66976       0.0000922049    -9.2914972835
176     3875      7875        16.29162       0.0000898073    -9.3178442942
203     625       7375        28.83823       0.0000856501    -9.3652401657
213     3125      7375        17.50686       0.0000683011    -9.5915846861
292     2875      6375        18.44698       0.0000693262    -9.5766876568
338     4375      5875        17.51641       0.0000925927    -9.2873002531
394     3375      5125        15.22509       0.0000702220    -9.5638489057
452     2875      4375        18.20994       0.0000503435    -9.8966410435
477     4125      4125        16.07255       0.0000683458    -9.5909304451
506     1375      3625        23.31628       0.0000875577    -9.3432125534
510     2375      3625        20.02407       0.0000733922    -9.5196928950
548     1875      3125        21.77313       0.0000524470    -9.8557074221
566     1375      2875        22.78357       0.0000724584    -9.5324979539
617     4125      2375        14.95987       0.0000293851    -10.4350228148
672     2875      1625        11.85154       0.0000288240    -10.4543021845
689     2125      1375        18.93550       0.0000288149    -10.4546179435
712     2875      1125        14.96599       0.0000307929    -10.3882264140
789     2125      125         15.60000       0.0000294271    -10.4335945395
792     2875      125         13.00000       0.0000305971    -10.3946053247
794     3375      125         12.00000       0.0000299442    -10.4161749083
