4
24
2
genes_interpgrid.out_Ind0
genes_headgrid.out_Ind0
11
8
3.594054762484764
6012.504192623021
3624.1863261248554
88.76955466870777
1
2.2311530130337385
0.03984179630113201
2
0.3611108099708151
88.76561917519894
5148.558753692924
11986.44038467944
1
0.6588200778579133
69.17458473310963
12391.857864510455
7343.202428469492
3
0.5949684011461347
135.09751514510762
8573.055807799079
4329.951597058534


genes_interpgrid.out_Ind1
genes_headgrid.out_Ind1
16
10
6.1060647109807595
6507.928010675648
7882.783867254755
47.930880617397776
0
1.7033982978152136
0.08853651400523921
2
0.09662356224355212
56.75229154004969
13058.489384606955
9313.786571357257
1
0.6105706472860074
83.7171779318743
11132.777920498256
13190.444523662158
1
0.20151770696174137
57.14259543600815
13125.441458929276
4846.262834037437


genes_interpgrid.out_Ind2
genes_headgrid.out_Ind2
12
19
4.123279809741764
3980.702690706178
7200.867869481483
155.8951070480091
0
2.088159910654256
0.024713750527964564
3
0.6968547526874218
7.237167873717976
13348.455811076612
3775.1049299208594
3
0.7652612430612129
167.96289882961622
10308.553063628224
6160.524843717053
3
0.27534461885611156
21.67083549381449
13126.57378523856
7871.324319651683


genes_interpgrid.out_Ind3
genes_headgrid.out_Ind3
18
2
3.17659609883133
3729.0194986354786
5350.086046062519
138.5774902676304
0
2.3669937495090783
0.041098422713992805
1
0.22069558243056175
57.92317403237322
2915.972881526158
14506.339851739103
3
0.19062130884349165
74.91001612162533
5022.7454190945
6334.968177970716
2
0.521912787682088
138.6528842799935
3035.585735548054
13034.023852070815


