1
4
44
15
6
6.493484890912512
4648.944147401477
4904.495446610132
61.614116561653326
0
-8.041728974217113
0.08772940947928208
3
0.21724832930179502
22.10885157246699
2566.357759597036
642.3957022215668
-9.323898401665257
-8.090383768005168
-10.732791593208956
-9.085544360657611
-9.76489639925152
-8.618040075577285
-8.003194313252683
-9.564789670899515
-8.699534255776758
-8.783049885825166
-8.542002023845038
-8.42528155180536
-9.41615570902164
-8.360484760748
-10.635094674879124
-10.760962712694804
-8.034688797218825
-8.788143688814742
-8.796236581354297
-10.571823451950793
-9.587394812767455
-11.0
-10.860667447395674
-9.946160185238469
-9.988334984588892
-8.368473746517191
-8.040416640706459
-8.10123909726509
-9.18535741150562
-10.451319315999642


15
9
1.9578377756857404
2950.039050075762
7835.263457549785
0.0
1
-8.184150238837729
0.09490833407428531
3
0.3204543172743573
63.64588084137266
4823.193240336011
8038.569670025238
-10.687981062641372
-8.704548009726748
-8.974058221957868
-10.973196537504123
-9.868108878312126
-10.633735001886661
-8.939793390795492
-8.557828473588913
-11.0
-9.448088436224849
-8.774153303215037
-10.631979288405805
-9.558561082436968
-9.395887910469858
-9.231785019237368
-10.375109455354766
-9.159496750442655
-10.490663682784866
-11.0
-10.515385422032308
-10.48956719205375
-9.334168670419869
-8.003335578208542
-10.27229946464265
-9.811793335921179
-10.40065022469581
-9.748921753057786
-10.35322584761375
-8.307173019398643
-10.896736050456077


15
9
2.077148413097171
2995.3779196963337
7758.169320680905
1.1010928078370341
1
-8.180403833654271
0.09471949176631939
3
0.3177394737477645
62.55324525655985
4643.6844134965995
7844.012596230409
-10.652098735902026
-8.688392359762467
-9.020321873919741
-10.529759328290462
-9.865393864036834
-10.580711951288746
-8.915156061192524
-8.584316685578859
-10.984924472022643
-9.430594532635
-8.76804654128805
-10.573931890352222
-9.554815095273206
-9.36633557331898
-9.26869921587717
-10.385259362724316
-9.129908568105002
-10.445878729166154
-10.967946767053313
-10.516870029884894
-10.465835460088476
-9.37880880564861
-8.0784979702439
-10.263720339256114
-9.816437281117334
-10.347193625276946
-9.703979360319384
-10.300532615746
-8.33027374503387
-10.885019320042174


15
6
6.374174253501082
4628.2775383822545
4981.5895834790135
59.97931190579696
0
-8.045475379400573
0.08791825178724802
3
0.21996317282838787
23.20148715727981
2625.7240358745144
836.9527760163971
-9.359780728404603
-8.10653941796945
-10.686527941247085
-9.124560909603321
-9.767611413526815
-8.671063126175202
-8.00276223423256
-9.538301458909572
-8.568215644605997
-8.800543789415018
-8.242797609551424
-8.483328949858945
-9.419901696185402
-8.30199496516552
-10.598180478239323
-10.750812805325255
-8.064276979556478
-8.832928642433455
-8.854906958448577
-10.57033884409821
-9.61112654473273
-10.986543193451345
-10.785505055360318
-9.954739310625007
-9.983691039392738
-8.421930345936056
-8.085359033444862
-8.402762359357885
-9.162256685870396
-10.463036046413547



