8
44
1
archive_interpgrid.out_Ind0
18
8
1.603961436
4018.773033
4850.457388
40.90387148
1
-9.088454572
1.96E-4
1
0.400032355
0.001812261
7399.655576
5299.604297
-9.55793347
-8.596795052
-9.007569124
-9.070154237
-9.467320622
-9.354374539
-9.533781997
-9.343257604
-9.297951362
-8.750091316
-9.278372929
-9.249551666
-9.053193436
-9.362136078
-9.80917888
-9.205003207
-9.041610193
-9.5605102
-9.461783326
-9.002195875
-9.857746441
-9.816999173
-9.329131593
-9.797982924
-10.26770265
-10.2051771
-9.417855636
-10.19417848
-9.919235175
-9.558593981


archive_interpgrid.out_Ind1
12
4
10.0
3766.147378
4838.888105
62.61287946
1
-10.18088635
9.91E-4
1
0.400888921
1.67E-4
7399.579943
5299.594211
-9.064833327
-8.90883774
-8.98875909
-9.049419868
-9.499665194
-9.373547741
-8.485303938
-9.388853319
-8.98664574
-9.745563333
-9.276916592
-9.618792596
-9.282275954
-9.152032124
-9.806509025
-9.429489845
-8.950102576
-9.666032388
-9.444881097
-9.273960232
-10.11898938
-10.24050311
-9.656939612
-9.83390816
-10.67788799
-9.500254598
-9.349149326
-9.363674746
-9.369569831
-9.949145893


archive_interpgrid.out_Ind2
7
1
9.548491585
4135.420935
5329.186345
54.75128299
1
-9.709152296
9.73E-4
1
0.400929115
0.001111733
7399.76617
5299.622377
-8.554211972
-9.10094166
-9.036759966
-8.968993767
-9.041127222
-9.410584044
-9.43011355
-9.360356646
-8.894061172
-9.754729101
-9.226593056
-9.606338036
-9.067057675
-8.955344685
-10.38820436
-8.171793222
-8.935755102
-9.664387349
-9.469065151
-9.279583894
-10.16931212
-10.1131524
-10.38051405
-10.28786725
-10.76276651
-9.445917678
-9.285404953
-9.048744099
-9.551997791
-10.12989578


archive_interpgrid.out_Ind3
18
11
7.110855935
3721.62188
2748.603522
56.50035563
1
-9.847530322
7.43E-4
1
0.400873593
8.33E-4
7399.595824
5299.592112
-9.368449713
-8.941377293
-8.984471292
-9.078880138
-9.531978393
-9.357910608
-9.485048291
-9.378794418
-9.120220253
-8.577937163
-9.289642799
-9.428332231
-8.972478255
-8.712724216
-9.736270999
-9.221600321
-9.050552901
-9.622175093
-9.445456825
-9.145486281
-10.00872987
-9.814040457
-9.367771466
-9.465183492
-10.50933624
-9.772647583
-9.377915878
-10.16400464
-8.929054811
-9.660079208


archive_interpgrid.out_Ind4
13
1
9.66902766
4173.793469
5382.281992
54.35257994
1
-9.686763946
9.86E-4
1
0.400932362
0.001182776
7399.493969
5299.625294
-8.790042053
-9.086410378
-9.041591749
-8.959578115
-8.996245064
-9.415022227
-8.80903597
-9.358214184
-8.877547974
-9.755468861
-9.221048028
-9.652672508
-9.076468676
-8.928741592
-10.52251752
-8.0
-8.926440873
-9.666821536
-9.471341726
-9.404100992
-10.92782549
-10.13802496
-10.46620999
-9.784857853
-10.78058559
-9.42504051
-9.276876795
-8.952331709
-9.714523677
-10.55464902


archive_interpgrid.out_Ind5
5
3
8.358993603
4008.110386
5111.051289
54.63253741
1
-9.827905912
8.63E-4
1
0.400854403
4.06E-4
7399.569857
5299.610591
-8.867767303
-9.135699668
-9.018345216
-9.008897224
-9.236432738
-9.390708473
-9.453960953
-9.365496522
-8.987891355
-9.752698284
-9.249498996
-10.91011119
-9.035311822
-9.080018163
-10.52470286
-9.268780913
-8.963573027
-9.646838861
-10.56959538
-9.289643586
-10.1025101
-10.00659715
-9.997648741
-9.803161757
-10.65558763
-9.588712574
-9.337291086
-9.480363221
-9.745274118
-10.02519191


archive_interpgrid.out_Ind6
14
1
9.878230428
4197.414504
4668.966804
54.35761303
1
-9.666786701
0.0010
1
0.400944689
0.002100945
7399.526939
5299.627415
-8.431293642
-9.079180116
-9.044946286
-8.492546244
-8.961189535
-9.418612938
-9.421846911
-9.357247304
-8.860776169
-9.755847029
-9.216891071
-8.660801797
-8.555890405
-8.90621751
-10.59231481
-8.0
-8.921076217
-9.669959048
-10.3127203
-9.421385773
-10.19244038
-10.15741365
-10.53536168
-9.78226095
-10.7997045
-9.399653757
-9.267875291
-8.874596709
-9.709562731
-10.13132806


archive_interpgrid.out_Ind7
16
6
2.379323815
3906.403679
4897.482775
41.55023299
1
-9.796135937
3.03E-4
1
0.400578137
0.001366095
7399.7103
5299.607396
-9.516034669
-9.264679575
-9.146727064
-9.026131065
-9.500644918
-10.33116048
-9.494334437
-9.913761724
-9.279223122
-10.57434611
-9.235911741
-9.162067235
-9.08753255
-9.384073095
-9.454384215
-9.325924832
-9.095692669
-10.17193676
-9.723181188
-9.060624054
-9.830135837
-9.838569974
-9.275492912
-9.824331865
-10.38374381
-10.2255174
-9.502537373
-10.56043947
-9.899930805
-9.979090026


