HYDCOND   OBS
5
ID
X
Y
HYDCOND
LOGHYDCOND
77        4125        9125            8.70E-05         -9.3495372000
90        2375        8875            9.22E-05         -9.2914976000
176       3875        7875            8.98E-05         -9.3178438000
213       3125        7375            6.83E-05         -9.5915852000
292       2875        6375            6.93E-05         -9.5766875000
338       4375        5875            9.26E-05         -9.2873003000
452       2875        4375            5.03E-05         -9.8966407000
477       4125        4125            6.83E-05         -9.5909311000
506       1375        3625            8.76E-05         -9.3432130000
548       1875        3125            5.24E-05         -9.8557071000
566       1375        2875            7.25E-05         -9.5324980000
617       4125        2375            2.94E-05         -10.4350230000
672       2875        1625            2.88E-05         -10.4543030000
712       2875        1125            3.08E-05         -10.3882250000
789       2125        125             2.94E-05         -10.4335930000
792       2875        125             3.06E-05         -10.3946050000
794       3375        125             2.99E-05         -10.4161760000
-1        375         9625            0.00009          -9.3157008000
-2        3375        9625            0.00009          -9.3157008000
-3        4875        9625            0.00009          -9.3157008000
-4        1375        9375            0.00009          -9.3157008000
-5        375         8625            0.00009          -9.3157008000
-6        3375        8625            0.00009          -9.3157008000
-7        1375        8375            0.00009          -9.3157008000
-8        4625        8375            0.00009          -9.3157008000
-9        2625        8125            0.00009          -9.3157008000
-10       2375        7125            0.00009          -9.3157008000
-11       3875        6875            0.00009          -9.3157008000
-12       4875        6875            0.00009          -9.3157008000
-13       375         6125            0.00009          -9.3157008000
-14       3625        5875            0.00009          -9.3157008000
-15       2375        5625            0.00009          -9.3157008000
-16       4875        5125            0.00009          -9.3157008000
-17       375         4875            0.00009          -9.3157008000
-18       4125        4875            0.00009          -9.3157008000
-19       2125        4375            0.00009          -9.3157008000
-20       625         3875            0.00009          -9.3157008000
-21       3375        3625            0.00009          -9.3157008000
-22       4625        3125            0.00009          -9.3157008000
-23       375         2875            0.00009          -9.3157008000
-24       2875        2875            0.00009          -9.3157008000
-25       2125        2125            0.00009          -9.3157008000
-26       3375        2125            0.00009          -9.3157008000
-27       875         1875            0.00009          -9.3157008000
-28       4875        1625            0.00009          -9.3157008000
-29       1375        1125            0.00009          -9.3157008000
-30       4125        1125            0.00009          -9.3157008000
-31        2625        9125            9.00E-05         -9.3161173000
-32       625         7375            8.57E-05         -9.3652397000
-33       3375        5125            7.02E-05         -9.5638483000
-34       2375        3625            7.34E-05         -9.5196927000
-35       2125        1375            2.88E-05         -10.4546160000




