gen   0
   10.90709    
   10.91926    
   10.52824    
   11.20301    
   10.66389    
   11.01825    
   10.49589    
   10.69371    
   10.57528    
   10.79470    
   11.07125    
   10.87701    
   10.91497    
   10.91926    
   10.42675    
   10.43361    
   11.04291    
   10.68367    
   10.94312    
   10.86356    
  
  
   4.021902    
   3.966140    
   3.963635    
   4.022524    
   4.023297    
   3.981621    
   3.958896    
   4.027011    
   4.000042    
   3.971445    
   3.990417    
   3.967502    
   3.979930    
   3.989519    
   3.958061    
   3.948750    
   4.017214    
   3.971931    
   4.052805    
   3.976297    
  
  
   2.226728    
   2.195608    
   2.240395    
   2.199044    
   2.215727    
   2.185796    
   2.209580    
   2.249802    
   2.200784    
   2.183744    
   2.197516    
   2.177470    
   2.210271    
   2.202572    
   2.228724    
   2.222237    
   2.229323    
   2.197821    
   2.227535    
   2.175697    
  
  
   1.847874    
   1.840176    
   1.862820    
   1.828862    
   1.857608    
   1.811171    
   1.840176    
   1.866300    
   1.824403    
   1.829568    
   1.827420    
   1.810497    
   1.854246    
   1.832216    
   1.866036    
   1.865625    
   1.885456    
   1.835759    
   1.837790    
   1.813785    
  
  
   1.724751    
   1.693924    
   1.732057    
   1.699039    
   1.744574    
   1.678812    
   1.710903    
   1.725315    
   1.703445    
   1.696288    
   1.689595    
   1.681824    
   1.723008    
   1.706397    
   1.736932    
   1.730273    
   1.754680    
   1.704787    
   1.711597    
   1.681482    
  
  
