gen   0
   9.605306    
   7.459692    
   10.22710    
   12.51912    
   11.01193    
   16.76695    
   8.701012    
   10.53123    
   11.79933    
   10.35268    
   12.74005    
   10.74446    
   11.16960    
   12.45777    
   9.425003    
   9.549473    
   12.25702    
   14.74381    
   11.27419    
   11.93684    
  
  
   4.031377    
   4.340834    
   4.193855    
   4.349654    
   4.479551    
   7.245227    
   4.711142    
   4.039382    
   3.657406    
   4.064701    
   4.575947    
   4.330405    
   4.284441    
   5.145121    
   3.688316    
   3.666091    
   4.047131    
   5.213449    
   4.895791    
   3.983360    
  
  
   2.738713    
   3.283416    
   3.273889    
   2.392479    
   2.638225    
   5.712759    
   3.623847    
   2.391847    
   2.567662    
   2.626490    
   3.710241    
   2.892352    
   2.414511    
   3.607526    
   2.601029    
   2.696201    
   2.541564    
   4.102230    
   3.787322    
   3.239538    
  
  
   2.201973    
   3.331186    
   3.348207    
   1.935971    
   2.709553    
   5.233799    
   3.511077    
   2.137136    
   2.659028    
   2.619498    
   3.862333    
   2.507786    
   1.944032    
   3.257521    
   2.462400    
   2.550670    
   2.321423    
   3.268833    
   3.530980    
   3.005523    
  
  
   2.096453    
   3.152659    
   3.629592    
   1.750055    
   2.992492    
   4.624599    
   3.121752    
   2.007765    
   2.615157    
   2.866126    
   3.831123    
   2.507375    
   1.852442    
   2.992613    
   2.462595    
   2.450431    
   2.299600    
   2.830517    
   3.398888    
   2.876297    
  
  
