gen   0
   11.03118    
   10.58325    
   9.480565    
   11.62137    
   11.46456    
   12.96478    
   9.642993    
   10.55628    
   11.74712    
   9.885245    
   12.42206    
   11.68153    
   11.27575    
   11.50871    
   9.355213    
   8.926820    
   12.06899    
   12.43974    
   11.29626    
   11.31854    
  
  
   4.223494    
   3.869787    
   4.175336    
   4.014176    
   4.496420    
   3.981016    
   4.289530    
   4.105595    
   4.208629    
   3.920851    
   4.045317    
   3.810056    
   3.917040    
   4.078370    
   4.009346    
   3.974144    
   4.332613    
   4.013646    
   4.285115    
   3.834373    
  
  
   2.439754    
   2.269840    
   2.914335    
   2.249163    
   2.671794    
   2.425844    
   2.783785    
   2.427382    
   2.472588    
   2.305513    
   2.441082    
   2.099813    
   2.304005    
   2.353126    
   2.515789    
   2.721198    
   2.759746    
   2.311894    
   2.655763    
   2.215027    
  
  
   2.021584    
   1.958255    
   2.602940    
   1.905293    
   2.526491    
   2.102737    
   2.502195    
   2.027829    
   2.122898    
   2.059910    
   2.047453    
   1.823424    
   1.986604    
   2.018654    
   2.232323    
   2.436205    
   2.624212    
   1.965488    
   2.316480    
   1.911064    
  
  
   1.981714    
   1.775127    
   2.591666    
   1.831447    
   2.419431    
   1.927239    
   2.384998    
   1.929914    
   1.966193    
   1.869414    
   1.868736    
   1.719528    
   1.868878    
   1.824068    
   2.134427    
   2.221905    
   2.668212    
   1.925718    
   2.240472    
   1.793117    
  
  
