gen   0
   10.40842    
   9.849980    
   9.960724    
   11.74672    
   11.50912    
   13.40420    
   10.50554    
   10.89898    
   11.36247    
   10.89001    
   11.95818    
   11.37951    
   11.18749    
   11.44353    
   10.06586    
   10.29823    
   11.43516    
   12.58149    
   11.18123    
   11.23797    
  
  
   4.043402    
   3.835647    
   4.100966    
   4.112073    
   4.318595    
   4.353183    
   3.971016    
   4.028844    
   3.939739    
   3.993947    
   4.080761    
   3.921661    
   4.019071    
   4.049345    
   3.882589    
   3.827730    
   3.983368    
   4.211440    
   4.225444    
   3.859541    
  
  
   2.371448    
   2.279449    
   2.715805    
   2.292987    
   2.498643    
   2.774076    
   2.309380    
   2.291730    
   2.208064    
   2.340975    
   2.499292    
   2.115911    
   2.273583    
   2.376139    
   2.281981    
   2.337061    
   2.257007    
   2.517360    
   2.461700    
   2.282327    
  
  
   1.933237    
   2.000512    
   2.496909    
   1.899040    
   2.330398    
   2.394027    
   2.006869    
   1.946397    
   1.867458    
   2.119815    
   2.235782    
   1.781022    
   1.897107    
   2.059200    
   2.002791    
   2.085732    
   1.973528    
   2.067291    
   2.065606    
   1.977162    
  
  
   1.848500    
   1.839651    
   2.543015    
   1.749573    
   2.263883    
   2.114811    
   1.879268    
   1.824848    
   1.728634    
   2.100682    
   2.068812    
   1.680876    
   1.758234    
   1.923688    
   1.893506    
   1.965864    
   1.879453    
   1.844728    
   1.923773    
   1.840458    
  
  
