gen   0
   10.83446    
   10.91285    
   10.62344    
   11.02664    
   10.67151    
   10.84545    
   10.58499    
   10.62439    
   10.63171    
   10.93814    
   10.91675    
   10.80860    
   10.82633    
   10.79390    
   10.48527    
   10.60201    
   10.90327    
   10.57180    
   10.86847    
   10.85693    
  
  
   4.003079    
   3.983671    
   3.978533    
   4.020103    
   3.999347    
   3.984821    
   3.966950    
   4.009563    
   3.985798    
   3.992351    
   3.991838    
   3.973263    
   3.988924    
   3.980143    
   3.962751    
   3.973214    
   4.001027    
   3.982963    
   4.038539    
   3.982194    
  
  
   2.217197    
   2.192570    
   2.221542    
   2.196579    
   2.208179    
   2.191011    
   2.200673    
   2.235334    
   2.196660    
   2.198031    
   2.200923    
   2.191435    
   2.207508    
   2.200966    
   2.220382    
   2.209383    
   2.210254    
   2.203915    
   2.222142    
   2.186373    
  
  
   1.842358    
   1.827552    
   1.846976    
   1.824161    
   1.844429    
   1.813729    
   1.827210    
   1.852532    
   1.824841    
   1.840551    
   1.832697    
   1.822392    
   1.841918    
   1.832020    
   1.856008    
   1.849325    
   1.852693    
   1.830369    
   1.840482    
   1.821869    
  
  
   1.713231    
   1.688828    
   1.717517    
   1.697195    
   1.723772    
   1.680737    
   1.698713    
   1.713951    
   1.701521    
   1.707839    
   1.699648    
   1.692022    
   1.713358    
   1.704334    
   1.727176    
   1.716815    
   1.717316    
   1.697990    
   1.710609    
   1.689498    
  
  
