gen   0
   10.30388    
   8.707250    
   10.09011    
   12.40658    
   13.24567    
   15.29607    
   9.064360    
   10.10904    
   11.77216    
   9.864768    
   13.40142    
   12.08544    
   11.80977    
   13.08429    
   9.302863    
   8.615590    
   12.25908    
   14.23012    
   11.82239    
   12.45009    
  
  
   4.153902    
   3.735244    
   4.550052    
   4.368432    
   5.835454    
   4.930305    
   4.805027    
   4.035709    
   3.985731    
   3.807271    
   4.301756    
   3.824899    
   4.142196    
   5.264437    
   3.997628    
   3.905288    
   4.362545    
   4.587252    
   4.390342    
   3.979210    
  
  
   2.698301    
   2.652608    
   3.505708    
   2.547653    
   4.255997    
   3.657379    
   3.563340    
   2.459892    
   2.354369    
   2.393730    
   3.377671    
   2.092344    
   2.609658    
   3.767667    
   2.638896    
   2.900083    
   2.804841    
   2.942376    
   3.020055    
   2.889300    
  
  
   2.202550    
   2.590440    
   3.502135    
   2.119245    
   4.399593    
   3.096564    
   3.540392    
   2.152167    
   2.217582    
   2.253844    
   3.247397    
   1.758758    
   2.205269    
   3.473484    
   2.478828    
   2.657070    
   2.670744    
   2.211606    
   2.704043    
   2.523670    
  
  
   2.301129    
   2.403474    
   3.881800    
   1.970126    
   4.297267    
   2.627230    
   3.321294    
   2.081170    
   2.131811    
   2.241423    
   3.070695    
   1.702251    
   2.005286    
   3.090469    
   2.456231    
   2.399981    
   2.807058    
   1.945955    
   2.499659    
   2.411187    
  
  
