gen   0
   10.96928    
   10.93544    
   10.13622    
   11.58917    
   10.48173    
   11.25463    
   10.18181    
   10.62814    
   10.25180    
   10.40808    
   11.36795    
   10.89407    
   11.12097    
   11.11148    
   10.01203    
   9.878105    
   11.29610    
   10.77203    
   10.94144    
   10.91773    
  
  
   4.058999    
   3.932452    
   3.990834    
   4.055421    
   4.074183    
   3.951826    
   3.945922    
   4.077997    
   4.010903    
   3.995670    
   3.975961    
   3.931738    
   3.966609    
   4.006989    
   3.954379    
   3.919291    
   4.065268    
   3.939878    
   4.126093    
   3.949026    
  
  
   2.266237    
   2.208462    
   2.387192    
   2.230984    
   2.237375    
   2.179643    
   2.264612    
   2.323969    
   2.209783    
   2.242504    
   2.201895    
   2.149287    
   2.244158    
   2.217158    
   2.307189    
   2.321310    
   2.331566    
   2.205394    
   2.294832    
   2.146766    
  
  
   1.880477    
   1.871513    
   2.001000    
   1.861326    
   1.903588    
   1.813861    
   1.901451    
   1.934530    
   1.829502    
   1.922678    
   1.822258    
   1.783688    
   1.913949    
   1.838390    
   1.961139    
   1.975407    
   2.045248    
   1.880666    
   1.887466    
   1.796370    
  
  
   1.769407    
   1.703392    
   1.871912    
   1.726597    
   1.826173    
   1.683114    
   1.763077    
   1.776716    
   1.712933    
   1.770334    
   1.676276    
   1.658918    
   1.772280    
   1.717897    
   1.836357    
   1.825711    
   1.946393    
   1.761170    
   1.771536    
   1.671519    
  
  
