gen   0
   10.79993    
   10.99762    
   10.43915    
   11.14139    
   10.45926    
   10.85210    
   10.33098    
   10.40862    
   10.41792    
   10.99956    
   11.00829    
   10.78990    
   10.87536    
   10.70918    
   10.10718    
   10.33676    
   10.95617    
   10.34055    
   10.88552    
   10.89691    
  
  
   4.001749    
   3.976973    
   3.973581    
   4.035978    
   3.996955    
   3.974733    
   3.947271    
   4.043161    
   3.972766    
   3.974933    
   3.988291    
   3.943257    
   3.981659    
   3.969186    
   3.956713    
   3.946633    
   4.001229    
   3.975176    
   4.083559    
   3.966529    
  
  
   2.232215    
   2.184897    
   2.258382    
   2.192456    
   2.209531    
   2.182182    
   2.208977    
   2.292568    
   2.190882    
   2.191328    
   2.203658    
   2.184617    
   2.211249    
   2.206569    
   2.277149    
   2.225887    
   2.222847    
   2.222198    
   2.246431    
   2.174280    
  
  
   1.851965    
   1.826250    
   1.877736    
   1.822634    
   1.855939    
   1.799835    
   1.824958    
   1.900841    
   1.821240    
   1.846896    
   1.837829    
   1.820339    
   1.850053    
   1.836281    
   1.930268    
   1.874850    
   1.882825    
   1.853060    
   1.850713    
   1.816862    
  
  
   1.722888    
   1.679540    
   1.748952    
   1.701343    
   1.754466    
   1.663835    
   1.694220    
   1.745556    
   1.703483    
   1.711791    
   1.699802    
   1.688850    
   1.721414    
   1.713865    
   1.807699    
   1.736628    
   1.746699    
   1.717063    
   1.721605    
   1.689580    
  
  
