gen   0
   10.42592    
   9.198975    
   10.12644    
   12.24503    
   12.93898    
   14.68632    
   9.540815    
   10.34377    
   11.71859    
   10.11580    
   13.03488    
   11.88460    
   11.73722    
   12.60160    
   9.619588    
   9.066023    
   12.03896    
   13.73720    
   11.67854    
   12.15310    
  
  
   4.128670    
   3.723879    
   4.373836    
   4.293246    
   5.451726    
   4.657762    
   4.435349    
   4.037300    
   3.985750    
   3.841278    
   4.203476    
   3.828892    
   4.099747    
   4.827042    
   3.946439    
   3.847712    
   4.257532    
   4.461884    
   4.310598    
   3.920744    
  
  
   2.576827    
   2.474828    
   3.232478    
   2.475218    
   3.812215    
   3.288270    
   3.096544    
   2.413440    
   2.281316    
   2.329318    
   3.063670    
   2.072448    
   2.507607    
   3.286593    
   2.489825    
   2.690823    
   2.641138    
   2.782413    
   2.798190    
   2.641670    
  
  
   2.105015    
   2.336015    
   3.158034    
   2.052304    
   3.887461    
   2.787539    
   3.002292    
   2.075680    
   2.030528    
   2.144951    
   2.880676    
   1.748961    
   2.115886    
   3.006397    
   2.291420    
   2.433881    
   2.470292    
   2.143893    
   2.459309    
   2.288627    
  
  
   2.147732    
   2.157797    
   3.443005    
   1.899372    
   3.792176    
   2.389065    
   2.813757    
   1.985830    
   1.938277    
   2.113907    
   2.704102    
   1.664501    
   1.931553    
   2.702423    
   2.247832    
   2.221553    
   2.553469    
   1.884790    
   2.261527    
   2.145987    
  
  
