gen   0
   10.83446    
   10.91299    
   10.62337    
   11.02696    
   10.67151    
   10.84537    
   10.58499    
   10.62447    
   10.63158    
   10.93810    
   10.91667    
   10.80871    
   10.82628    
   10.79401    
   10.48518    
   10.60193    
   10.90317    
   10.57211    
   10.86866    
   10.85688    
  
  
   4.002921    
   3.983626    
   3.978509    
   4.020208    
   3.999219    
   3.984676    
   3.966877    
   4.009480    
   3.985648    
   3.992267    
   3.991790    
   3.973327    
   3.989112    
   3.980027    
   3.962730    
   3.973032    
   4.000999    
   3.983012    
   4.038469    
   3.982232    
  
  
   2.216951    
   2.192622    
   2.221488    
   2.196514    
   2.208264    
   2.190879    
   2.200689    
   2.235296    
   2.196568    
   2.197989    
   2.200762    
   2.191483    
   2.207605    
   2.200900    
   2.220464    
   2.209314    
   2.210217    
   2.203822    
   2.222142    
   2.186329    
  
  
   1.842121    
   1.827696    
   1.846909    
   1.824089    
   1.844530    
   1.813640    
   1.827250    
   1.852510    
   1.824689    
   1.840455    
   1.832511    
   1.822402    
   1.841974    
   1.831965    
   1.856140    
   1.849379    
   1.852705    
   1.830287    
   1.840516    
   1.821834    
  
  
   1.712986    
   1.689016    
   1.717423    
   1.697092    
   1.723906    
   1.680664    
   1.698744    
   1.713947    
   1.701304    
   1.707704    
   1.699409    
   1.691998    
   1.713388    
   1.704298    
   1.727329    
   1.716896    
   1.717346    
   1.697959    
   1.710650    
   1.689484    
  
  
