gen   0
   10.82699    
   10.95843    
   10.53759    
   11.09522    
   10.57889    
   10.85742    
   10.47152    
   10.52520    
   10.53657    
   10.97899    
   10.96539    
   10.80310    
   10.84817    
   10.76277    
   10.31597    
   10.48547    
   10.93542    
   10.46049    
   10.88324    
   10.87936    
  
  
   4.003345    
   3.980048    
   3.974829    
   4.028970    
   3.998365    
   3.980207    
   3.956409    
   4.022767    
   3.979579    
   3.986056    
   3.990536    
   3.959728    
   3.985434    
   3.973866    
   3.955384    
   3.960121    
   4.001998    
   3.978716    
   4.059567    
   3.975084    
  
  
   2.223682    
   2.188369    
   2.236791    
   2.194437    
   2.208460    
   2.185980    
   2.202104    
   2.259047    
   2.193092    
   2.195081    
   2.201658    
   2.187160    
   2.208934    
   2.201619    
   2.240882    
   2.214716    
   2.215800    
   2.210584    
   2.232568    
   2.179940    
  
  
   1.846438    
   1.826263    
   1.859747    
   1.822530    
   1.849129    
   1.805991    
   1.824606    
   1.871725    
   1.822027    
   1.843456    
   1.834539    
   1.820174    
   1.845509    
   1.832314    
   1.883587    
   1.859493    
   1.866225    
   1.837948    
   1.844732    
   1.818575    
  
  
   1.717294    
   1.683627    
   1.730684    
   1.697671    
   1.736393    
   1.671429    
   1.695615    
   1.726201    
   1.701538    
   1.709318    
   1.699372    
   1.689463    
   1.717134    
   1.706801    
   1.757265    
   1.724914    
   1.730016    
   1.703706    
   1.715284    
   1.687408    
  
  
