gen   0
   9.969822    
   8.054801    
   9.950010    
   12.33339    
   11.87612    
   16.02654    
   9.120072    
   10.28589    
   11.58074    
   10.06530    
   13.16156    
   11.12988    
   11.38283    
   13.23593    
   9.549073    
   9.218334    
   12.23499    
   14.41592    
   11.64953    
   12.26016    
  
  
   4.026598    
   3.974246    
   4.559995    
   4.351960    
   4.832552    
   6.122205    
   4.555481    
   4.017668    
   3.865203    
   3.965069    
   4.546764    
   4.030795    
   4.151226    
   5.451962    
   3.810241    
   3.725903    
   4.141386    
   4.858584    
   4.583069    
   4.048174    
  
  
   2.621992    
   2.908696    
   3.561999    
   2.411858    
   3.122176    
   4.770738    
   3.420847    
   2.423708    
   2.408033    
   2.501675    
   3.680686    
   2.438843    
   2.404418    
   3.894199    
   2.551603    
   2.656693    
   2.562848    
   3.472559    
   3.287787    
   3.127792    
  
  
   2.138180    
   2.916403    
   3.662190    
   1.953715    
   3.237982    
   4.196284    
   3.388345    
   2.194420    
   2.462775    
   2.437686    
   3.679377    
   2.048546    
   1.969778    
   3.487362    
   2.408767    
   2.463903    
   2.352847    
   2.677270    
   3.003969    
   2.814322    
  
  
   2.118321    
   2.750242    
   3.995374    
   1.774299    
   3.395055    
   3.640484    
   3.062942    
   2.104215    
   2.445048    
   2.624712    
   3.550481    
   2.054836    
   1.830017    
   3.106011    
   2.387343    
   2.311498    
   2.369467    
   2.255012    
   2.835170    
   2.664708    
  
  
