gen   0
   10.65385    
   10.32089    
   10.11655    
   11.62793    
   11.67884    
   12.66189    
   10.41198    
   10.71949    
   11.18290    
   10.69077    
   11.92392    
   11.43543    
   11.29541    
   11.32856    
   10.11322    
   10.14784    
   11.39038    
   12.11847    
   11.21135    
   11.23233    
  
  
   4.070572    
   3.847181    
   4.026803    
   4.081738    
   4.379649    
   4.078868    
   3.981832    
   4.034624    
   4.024386    
   3.921838    
   4.039776    
   3.917195    
   3.998484    
   4.011963    
   3.940964    
   3.845630    
   4.043432    
   4.096251    
   4.148171    
   3.889051    
  
  
   2.326341    
   2.218711    
   2.544454    
   2.278186    
   2.567261    
   2.403230    
   2.310327    
   2.301459    
   2.217521    
   2.219843    
   2.381968    
   2.125333    
   2.281897    
   2.297894    
   2.278439    
   2.313724    
   2.300413    
   2.326715    
   2.345656    
   2.197904    
  
  
   1.907342    
   1.905159    
   2.238696    
   1.893057    
   2.384778    
   2.030807    
   1.997250    
   1.921606    
   1.846256    
   1.931992    
   2.065174    
   1.822867    
   1.923896    
   1.974057    
   1.970017    
   2.025041    
   2.026279    
   1.925074    
   1.941307    
   1.869980    
  
  
   1.827097    
   1.748951    
   2.229604    
   1.752352    
   2.283249    
   1.827002    
   1.874722    
   1.793077    
   1.716344    
   1.833136    
   1.897212    
   1.712368    
   1.777941    
   1.832792    
   1.860566    
   1.889126    
   1.954335    
   1.753797    
   1.798653    
   1.736599    
  
  
