gen   0
   11.08246    
   10.79366    
   9.915910    
   11.57631    
   10.99876    
   12.22931    
   9.876131    
   10.62706    
   11.15485    
   10.03619    
   12.09113    
   11.35361    
   11.22922    
   11.29274    
   9.805912    
   9.399342    
   11.77839    
   11.62656    
   11.13992    
   10.99601    
  
  
   4.158800    
   3.920629    
   4.020498    
   4.013389    
   4.252423    
   3.954175    
   4.088929    
   4.096299    
   4.120321    
   3.970053    
   4.006724    
   3.859791    
   3.928298    
   4.025940    
   3.969722    
   3.940809    
   4.198596    
   3.948653    
   4.197135    
   3.875082    
  
  
   2.345346    
   2.253540    
   2.574775    
   2.222083    
   2.402001    
   2.282080    
   2.509974    
   2.375916    
   2.307797    
   2.272393    
   2.323547    
   2.103619    
   2.265425    
   2.266616    
   2.383292    
   2.511708    
   2.554538    
   2.226395    
   2.445891    
   2.152319    
  
  
   1.948493    
   1.931302    
   2.217273    
   1.862600    
   2.163226    
   1.955828    
   2.180553    
   1.975678    
   1.963686    
   1.986160    
   1.927817    
   1.797222    
   1.939412    
   1.906476    
   2.060968    
   2.190341    
   2.349640    
   1.921901    
   2.068592    
   1.831647    
  
  
   1.861866    
   1.756729    
   2.134863    
   1.755117    
   2.071749    
   1.803427    
   2.039487    
   1.844271    
   1.836199    
   1.802762    
   1.749436    
   1.693021    
   1.807322    
   1.761424    
   1.956577    
   2.010183    
   2.313035    
   1.848521    
   1.974360    
   1.711178    
  
  
