gen   0
   10.76637    
   11.01911    
   10.35817    
   11.15787    
   10.35471    
   10.83259    
   10.20792    
   10.31292    
   10.31368    
   10.99817    
   11.03542    
   10.77587    
   10.90024    
   10.65561    
   9.924266    
   10.20412    
   10.96298    
   10.25023    
   10.87849    
   10.90554    
  
  
   3.999630    
   3.975008    
   3.974525    
   4.039470    
   3.996523    
   3.970051    
   3.942153    
   4.063957    
   3.968178    
   3.963465    
   3.985351    
   3.929099    
   3.978862    
   3.967815    
   3.966587    
   3.938460    
   3.999245    
   3.972703    
   4.103519    
   3.959158    
  
  
   2.240804    
   2.182809    
   2.278969    
   2.191328    
   2.211578    
   2.180935    
   2.219496    
   2.324609    
   2.191225    
   2.188561    
   2.205902    
   2.184156    
   2.213783    
   2.214869    
   2.317940    
   2.240648    
   2.228749    
   2.233710    
   2.259620    
   2.170696    
  
  
   1.857962    
   1.827163    
   1.894685    
   1.824725    
   1.863749    
   1.797563    
   1.828882    
   1.929632    
   1.823109    
   1.851163    
   1.841420    
   1.822362    
   1.854539    
   1.843545    
   1.981469    
   1.891978    
   1.896936    
   1.869480    
   1.856688    
   1.817011    
  
  
   1.729359    
   1.677417    
   1.765873    
   1.707800    
   1.773318    
   1.660921    
   1.695727    
   1.765224    
   1.707223    
   1.715974    
   1.700739    
   1.689976    
   1.725364    
   1.724198    
   1.862317    
   1.749464    
   1.761552    
   1.732866    
   1.727671    
   1.695120    
  
  
