gen   0
   10.19878    
   9.522736    
   9.944458    
   11.88771    
   11.22830    
   13.84322    
   10.38283    
   11.05366    
   11.59417    
   11.14949    
   11.93015    
   11.33383    
   11.08792    
   11.21396    
   10.00601    
   10.40997    
   11.45163    
   12.82179    
   11.08640    
   11.12592    
  
  
   4.048409    
   3.876919    
   4.061391    
   4.130399    
   4.229541    
   4.637818    
   3.988958    
   4.057204    
   3.881059    
   4.050725    
   4.116694    
   3.947355    
   4.047804    
   3.973845    
   3.825806    
   3.823049    
   3.938550    
   4.291564    
   4.282959    
   3.825851    
  
  
   2.438267    
   2.358502    
   2.698944    
   2.308296    
   2.381115    
   3.091120    
   2.336415    
   2.291008    
   2.261067    
   2.451683    
   2.557094    
   2.132419    
   2.273201    
   2.342565    
   2.288105    
   2.356792    
   2.234221    
   2.693172    
   2.561187    
   2.336345    
  
  
   1.979721    
   2.101662    
   2.513440    
   1.912455    
   2.188435    
   2.735845    
   2.023804    
   1.948266    
   1.949659    
   2.265953    
   2.328620    
   1.764665    
   1.883483    
   2.029315    
   2.022066    
   2.124290    
   1.947190    
   2.219318    
   2.176419    
   2.060770    
  
  
   1.880622    
   1.933016    
   2.566231    
   1.752643    
   2.143175    
   2.417295    
   1.893242    
   1.822045    
   1.786836    
   2.266557    
   2.172086    
   1.669195    
   1.748650    
   1.916506    
   1.909837    
   2.014512    
   1.836112    
   1.963771    
   2.043625    
   1.924400    
  
  
