gen   0
   10.97214    
   10.85707    
   10.32332    
   11.35181    
   10.94943    
   11.57088    
   10.35774    
   10.67952    
   10.89467    
   10.64069    
   11.47483    
   11.14854    
   11.07947    
   11.01613    
   10.23783    
   10.21086    
   11.31476    
   11.18347    
   11.07714    
   10.95852    
  
  
   4.071054    
   3.938378    
   3.941986    
   4.021152    
   4.114834    
   3.976228    
   3.971138    
   4.056607    
   4.047596    
   3.931586    
   4.006373    
   3.940689    
   3.968438    
   3.976058    
   3.954644    
   3.898872    
   4.066144    
   3.971762    
   4.085635    
   3.937207    
  
  
   2.259465    
   2.210443    
   2.311778    
   2.214632    
   2.272439    
   2.200578    
   2.255185    
   2.288281    
   2.217352    
   2.170914    
   2.239054    
   2.148026    
   2.224989    
   2.207418    
   2.256397    
   2.258913    
   2.299141    
   2.192640    
   2.258229    
   2.156166    
  
  
   1.869715    
   1.867536    
   1.938829    
   1.846390    
   1.958296    
   1.839553    
   1.895200    
   1.892871    
   1.846584    
   1.836220    
   1.875781    
   1.813580    
   1.875093    
   1.844991    
   1.906605    
   1.924529    
   2.000040    
   1.844288    
   1.858800    
   1.809785    
  
  
   1.761949    
   1.715691    
   1.825664    
   1.715531    
   1.851813    
   1.697619    
   1.764650    
   1.751499    
   1.726206    
   1.696994    
   1.723847    
   1.693400    
   1.740427    
   1.718415    
   1.783433    
   1.782508    
   1.891994    
   1.718677    
   1.740075    
   1.680429    
  
  
