gen   0
   10.78131    
  
  
   7.051203    
  
  
   3.995588    
  
  
   2.424716    
  
  
   2.206118    
  
  
   2.002887    
  
  
   1.834720    
  
  
   1.790524    
  
  
   1.704302    
  
  
   1.660610    
  
  
   2.662885    
  
  
   2.550006    
  
  
   2.609775    
  
  
   3.477549    
  
  
   4.493919    
  
  
   5.030647    
  
  
   3.832588    
  
  
   6.138903    
  
  
   3.480805    
  
  
   3.032714    
  
  
