gen   0
   9.861511    
   8.430710    
   10.08387    
   12.29656    
   11.13716    
   15.50214    
   9.608377    
   10.86065    
   11.84915    
   10.83340    
   12.37166    
   11.03415    
   11.16427    
   11.79934    
   9.711098    
   10.02816    
   11.88166    
   13.96289    
   11.18427    
   11.56741    
  
  
   4.043921    
   4.032920    
   4.117839    
   4.257064    
   4.367832    
   5.903356    
   4.240175    
   4.053202    
   3.733206    
   4.095919    
   4.312770    
   4.033905    
   4.175075    
   4.444016    
   3.739830    
   3.737616    
   3.964714    
   4.778099    
   4.571699    
   3.854609    
  
  
   2.614958    
   2.772785    
   2.996451    
   2.370956    
   2.516451    
   4.434093    
   2.877571    
   2.332905    
   2.346084    
   2.597226    
   3.096304    
   2.361049    
   2.334550    
   2.878002    
   2.415966    
   2.518678    
   2.357823    
   3.448997    
   3.153546    
   2.750884    
  
  
   2.114598    
   2.680303    
   2.976109    
   1.936703    
   2.454858    
   4.029098    
   2.678129    
   2.023914    
   2.165398    
   2.517798    
   3.059823    
   1.920780    
   1.899378    
   2.561896    
   2.224109    
   2.344655    
   2.111700    
   2.780692    
   2.847608    
   2.502844    
  
  
   2.017366    
   2.504607    
   3.161809    
   1.753670    
   2.563843    
   3.566460    
   2.433510    
   1.896042    
   2.053011    
   2.656889    
   2.958179    
   1.848517    
   1.785607    
   2.399331    
   2.160466    
   2.250547    
   2.044214    
   2.403902    
   2.710891    
   2.357305    
  
  
