gen   0
   11.06202    
   10.79317    
   10.09685    
   11.49834    
   11.20931    
   12.12018    
   10.08207    
   10.64946    
   11.23608    
   10.40873    
   11.84941    
   11.36473    
   11.23858    
   11.20997    
   9.969281    
   9.776810    
   11.61824    
   11.69685    
   11.19384    
   11.11500    
  
  
   4.133784    
   3.915631    
   3.968951    
   4.023608    
   4.258340    
   3.973243    
   4.037076    
   4.082043    
   4.103235    
   3.904384    
   4.017227    
   3.891217    
   3.951455    
   4.000862    
   3.956767    
   3.875550    
   4.156270    
   3.988479    
   4.142450    
   3.900353    
  
  
   2.316365    
   2.229485    
   2.466382    
   2.228581    
   2.409012    
   2.259101    
   2.398746    
   2.339888    
   2.280185    
   2.181576    
   2.302483    
   2.122991    
   2.254104    
   2.248249    
   2.317336    
   2.372375    
   2.438067    
   2.224647    
   2.356241    
   2.154349    
  
  
   1.919040    
   1.896808    
   2.112551    
   1.863965    
   2.158389    
   1.914016    
   2.063546    
   1.937676    
   1.917324    
   1.876045    
   1.932020    
   1.817578    
   1.912779    
   1.895432    
   1.991094    
   2.054107    
   2.192548    
   1.875264    
   1.969285    
   1.821411    
  
  
   1.827487    
   1.733534    
   2.035949    
   1.743430    
   2.053795    
   1.757376    
   1.928236    
   1.801202    
   1.787513    
   1.726482    
   1.767265    
   1.703428    
   1.776392    
   1.754096    
   1.878308    
   1.891418    
   2.131363    
   1.764092    
   1.862548    
   1.692548    
  
  
