gen   0
   10.94955    
   10.91010    
   9.932559    
   11.72049    
   10.38544    
   11.31405    
   10.06210    
   10.56645    
   10.09388    
   10.20343    
   11.45388    
   10.86275    
   11.20017    
   11.15623    
   9.813924    
   9.655666    
   11.37705    
   10.79884    
   10.89310    
   10.92281    
  
  
   4.068264    
   3.915149    
   4.033545    
   4.070876    
   4.094638    
   3.936918    
   3.947575    
   4.104540    
   4.013025    
   4.045506    
   3.967079    
   3.924011    
   3.965194    
   4.016191    
   3.962448    
   3.927737    
   4.084067    
   3.928030    
   4.166561    
   3.934547    
  
  
   2.283573    
   2.214525    
   2.485693    
   2.250926    
   2.247606    
   2.183220    
   2.295982    
   2.364860    
   2.216540    
   2.317258    
   2.206121    
   2.146251    
   2.265394    
   2.225898    
   2.358753    
   2.388500    
   2.387117    
   2.214741    
   2.342891    
   2.137679    
  
  
   1.894968    
   1.885035    
   2.096468    
   1.880952    
   1.925390    
   1.826436    
   1.935851    
   1.972557    
   1.835313    
   2.018109    
   1.823590    
   1.776443    
   1.946594    
   1.841498    
   2.021002    
   2.048845    
   2.131238    
   1.908885    
   1.931250    
   1.793517    
  
  
   1.790152    
   1.708973    
   1.967180    
   1.745248    
   1.865203    
   1.700261    
   1.792852    
   1.804573    
   1.719202    
   1.848081    
   1.678992    
   1.653597    
   1.799739    
   1.724294    
   1.898055    
   1.891906    
   2.052417    
   1.797502    
   1.819454    
   1.675233    
  
  
