gen   0
   11.07689    
   10.69190    
   9.785974    
   11.58286    
   11.37838    
   12.60620    
   9.826947    
   10.60360    
   11.53793    
   10.13300    
   12.17911    
   11.54613    
   11.28931    
   11.38325    
   9.646816    
   9.311027    
   11.88492    
   12.13342    
   11.27290    
   11.24390    
  
  
   4.189081    
   3.891429    
   4.058638    
   4.020404    
   4.396941    
   3.975514    
   4.160078    
   4.097825    
   4.161232    
   3.902790    
   4.031547    
   3.843607    
   3.931570    
   4.040511    
   3.976187    
   3.908257    
   4.254896    
   4.004094    
   4.215530    
   3.863057    
  
  
   2.381908    
   2.250818    
   2.690545    
   2.240260    
   2.558104    
   2.343950    
   2.599825    
   2.389223    
   2.377694    
   2.233434    
   2.377030    
   2.106695    
   2.282530    
   2.304459    
   2.412681    
   2.546741    
   2.610417    
   2.270404    
   2.505635    
   2.177675    
  
  
   1.974858    
   1.928693    
   2.360373    
   1.884702    
   2.368545    
   2.011817    
   2.294727    
   1.986675    
   2.022047    
   1.960908    
   1.994704    
   1.820281    
   1.953017    
   1.961033    
   2.111255    
   2.245924    
   2.424008    
   1.919062    
   2.144907    
   1.859109    
  
  
   1.906508    
   1.754174    
   2.322292    
   1.785819    
   2.262825    
   1.843041    
   2.163937    
   1.867840    
   1.877774    
   1.791279    
   1.821164    
   1.711610    
   1.824108    
   1.793115    
   2.008021    
   2.055809    
   2.419372    
   1.840618    
   2.053792    
   1.733195    
  
  
