gen   0
   10.15496    
   8.936824    
   9.954170    
   12.10181    
   11.74987    
   14.88651    
   9.922763    
   10.67229    
   11.58687    
   10.52330    
   12.59547    
   11.25805    
   11.32608    
   12.31277    
   9.834085    
   9.805923    
   11.85657    
   13.65180    
   11.40499    
   11.78364    
  
  
   4.036207    
   3.840075    
   4.312396    
   4.242798    
   4.591562    
   5.183813    
   4.147062    
   4.022787    
   3.867182    
   4.003738    
   4.267081    
   3.913021    
   4.091843    
   4.628850    
   3.828572    
   3.760640    
   4.040641    
   4.558128    
   4.401135    
   3.898617    
  
  
   2.509853    
   2.539536    
   3.157356    
   2.366016    
   2.819304    
   3.775805    
   2.746184    
   2.351005    
   2.246315    
   2.448532    
   3.038068    
   2.176058    
   2.331244    
   3.035501    
   2.387018    
   2.477797    
   2.385622    
   3.027622    
   2.860783    
   2.649899    
  
  
   2.045286    
   2.404805    
   3.123452    
   1.934671    
   2.798686    
   3.311596    
   2.587239    
   2.054135    
   2.035204    
   2.317671    
   2.913650    
   1.780767    
   1.923358    
   2.705989    
   2.181709    
   2.269899    
   2.143589    
   2.399384    
   2.525812    
   2.345939    
  
  
   1.995270    
   2.239081    
   3.328716    
   1.764723    
   2.837857    
   2.890051    
   2.375693    
   1.946471    
   1.955863    
   2.417582    
   2.763041    
   1.711240    
   1.785738    
   2.474280    
   2.113113    
   2.149176    
   2.105059    
   2.059375    
   2.363154    
   2.189697    
  
  
