gen   0
   10.54225    
   9.767383    
   10.12142    
   11.98775    
   12.41384    
   13.79352    
   10.04245    
   10.58370    
   11.53577    
   10.42714    
   12.52147    
   11.66298    
   11.57002    
   11.96675    
   9.912372    
   9.631647    
   11.72782    
   13.02805    
   11.45812    
   11.72178    
  
  
   4.099214    
   3.759336    
   4.179511    
   4.189336    
   4.917133    
   4.339880    
   4.122414    
   4.037809    
   4.005466    
   3.884937    
   4.104393    
   3.860073    
   4.047449    
   4.342100    
   3.928245    
   3.818718    
   4.135704    
   4.288228    
   4.225555    
   3.880063    
  
  
   2.443813    
   2.310925    
   2.888254    
   2.378808    
   3.193790    
   2.828860    
   2.619865    
   2.356838    
   2.238062    
   2.271299    
   2.691868    
   2.082417    
   2.385016    
   2.715258    
   2.359275    
   2.471543    
   2.450840    
   2.564953    
   2.551740    
   2.372915    
  
  
   1.998353    
   2.075438    
   2.705310    
   1.970574    
   3.161321    
   2.400920    
   2.420132    
   1.992177    
   1.892586    
   2.036602    
   2.441920    
   1.776882    
   2.010785    
   2.429161    
   2.107113    
   2.203179    
   2.230920    
   2.048315    
   2.179022    
   2.037910    
  
  
   1.973815    
   1.906723    
   2.851975    
   1.820261    
   3.066383    
   2.097791    
   2.273412    
   1.879712    
   1.777549    
   1.978892    
   2.265638    
   1.674412    
   1.846381    
   2.218251    
   2.030597    
   2.039623    
   2.239239    
   1.820734    
   2.003849    
   1.889425    
  
  
