  -999.0000000000  -999.0000000000  -999.0000000000  -999.0000000000  -999.0000000000    16.8999996185    16.3999996185    16.1000003815    15.6000003815    15.1000003815    14.0000000000    13.0000000000    12.5000000000    12.0000000000    11.3999996185  -999.0000000000  -999.0000000000  -999.0000000000  -999.0000000000  -999.0000000000  
  -999.0000000000  -999.0000000000  -999.0000000000  -999.0000000000  -999.0000000000    18.0331287384    17.7016868591    17.2309265137    16.6301002502    15.8885793686    14.9768705368    14.0814533234    13.2873477936    12.4633922577    11.5005025864    12.4657154083    12.9242677689  -999.0000000000  -999.0000000000  -999.0000000000  
  -999.0000000000  -999.0000000000  -999.0000000000  -999.0000000000  -999.0000000000    19.1321678162    18.7568759918    18.1774768829    17.4570426941    16.5898284912    15.6538410187    14.7070646286    13.7742433548    12.7982063293    11.7219314575    12.6361742020    13.1842803955    13.5656881332  -999.0000000000  -999.0000000000  
  -999.0000000000  -999.0000000000  -999.0000000000  -999.0000000000    20.9366302490    20.2776699066    19.6864891052    18.9665813446    18.1358070374    17.1444110870    16.1005115509    15.0422306061    14.0374879837    13.0272674561    11.9534740448    12.8403825760    13.4005327225    13.8025922775    14.1241703033  -999.0000000000  
  -999.0000000000  -999.0000000000  -999.0000000000  -999.0000000000    21.3959197998    20.9899215698    20.4231739044    19.6343269348    18.6623363495    17.5486145020    16.3323383331    15.0815095901    14.1057949066    13.1690444946    12.1840314865    13.0418319702    13.5978984833    14.0104055405    14.3006639481  -999.0000000000  
  -999.0000000000  -999.0000000000  -999.0000000000    22.5186939240    22.0564842224    21.5836677551    21.0065288544    20.2134513855    19.1355819702    17.8502120972    16.3384151459    14.5750684738    13.9673013687    13.2803344727    12.4015293121    13.2484006882    13.8140926361    14.2720546722    14.6475334167    14.9842376709  
  -999.0000000000  -999.0000000000    23.1533527374    22.8381938934    22.4710521698    22.0100669861    21.4221725464    20.6568317413    19.5764999390    18.1756191254    16.2622890472    12.3465681076    13.7414035797    13.4379644394    12.6300029755    13.4581737518    14.0632762909    14.5626411438    14.9355144501    15.1692142487  
  -999.0000000000    23.6490688324    23.3963699341    23.1065769196    22.7779979706    22.3415279388    21.7514286041    20.9893646240    19.9762611389    18.7094097137    17.2193565369    15.5122499466    14.7854804993    13.9424781799    12.8614187241    13.6844692230    14.3604621887    14.8851470947    15.2319135666    15.4300937653  
    23.9428710938    23.8108024597    23.5986251831    23.3231220245    23.0142078400    22.5950737000    22.0187911987    21.2677764893    20.3086986542    19.1784152985    17.9776306152    16.7433376312    15.6700239182    14.5042371750    13.0938386917    13.9513092041    14.6582193375    15.1844635010    15.5199260712    15.6992464066  
    23.9935874939    23.9644889832    23.7987995148    23.5311374664    23.1996650696    22.7817974091    22.2318038940    21.4790306091    20.5409317017    19.5042381287    18.4509277344    17.3826313019    16.2628688812    14.9727373123    13.3171806335    14.2077331543    14.9284811020    15.4452981949    15.7555599213    15.9091806412  
  -888.0000000000    24.1708660126    24.0087432861    23.7294807434    23.3747634888    22.9137592316    22.3791637421    21.6333713531    20.7123184204    19.7422828674    18.7616519928    17.7510471344    16.6254539490    15.2971601486    13.5516767502    14.4373998642    15.1368560791    15.6317892075    15.9257469177    16.0644855499  
  -888.0000000000    24.4475250244    24.2692089081    23.9481639862    23.5316028595    22.9394035339    22.4700393677    21.7405796051    20.8530292511    19.9106826782    18.9730072021    18.0010051727    16.8889560699    15.5337038040    13.7841682434    14.6335172653    15.3042297363    15.7772073746    16.0551719666    16.1880455017  
    25.0413074493    24.7948818207    24.5598945618    24.2127723694    23.7742004395    23.2540969849    22.6508197784    21.8302021027    20.9083137512    20.0070896149    19.1167030334    18.1804275513    17.0775432587    15.7198467255    14.0061359406    14.8199968338    15.4491729736    15.8940525055    16.1601104736    16.2924022675  
    25.2288703918    25.0701522827    24.8430728912    24.4858283997    24.0121192932    23.4564876556    22.7710456848    21.9003257751    20.9561614990    20.0341587067    19.1935157776    18.2896137238    17.2016773224    15.8515338898    14.2394447327    14.9927177429    15.5695238113    15.9937658310    16.2566413879    16.3910579681  
    25.4928646088    25.3597335815    25.1380443573    24.7629451752    24.2482681274    23.6038837433    22.8329391479    21.9267444611    20.9557743073    19.9218540192    19.2232818604    18.3537673950    17.2797241211    15.9806852341    14.4679870605    15.1717386246    15.7121038437    16.1078052521    16.3624858856    16.4959335327  
    25.8019065857    25.6786975861    25.4804325104    25.1051692963    24.5017642975    23.6977901459    22.8090400696    21.9061775208    20.9903793335    20.0792789459    19.2712917328    18.3845767975    17.3250560760    16.0876502991    14.6872129440    15.3583993912    15.8694257736    16.2385196686    16.4798965454    16.6077060699  
    26.1448116302    26.0382709503    25.8573379517    25.5216159821    24.9003009796    23.8195648193    22.5995998383    21.7243957520    20.9127407074    20.0646266937    19.2326774597    18.3576679230    17.3266544342    16.1770038605    14.9133892059    15.5578680038    16.0372982025    16.3787384033    16.6077556610    16.7312908173  
    26.5303974152    26.4444198608    26.3089389801    26.0550537109    25.5320377350  -999.0000000000    21.9072570801    21.3918952942    20.6629467010    19.9025573730    19.1075973511    18.2519817352    17.2619590759    16.2268009186    15.1427936554    15.7469978333    16.2019920349    16.5266571045    16.7442359924    16.8560924530  
    26.9475078583    26.8862762451    26.8097000122    26.7277183533  -999.0000000000  -999.0000000000    21.5958805084    21.1336288452    20.3359775543    19.6248283386    18.8887844086    18.0921478271    17.1709957123    16.2255878448    15.3596611023    15.9335298538    16.3674812317    16.6769142151    16.8820934296    16.9819507599  
    27.3489379883    27.3112010956    27.2676925659    27.2424678802  -999.0000000000  -999.0000000000  -999.0000000000  -999.0000000000    19.6963691711    19.2326202393    18.6363086700    17.9109325409    17.0153484344    16.0543861389    15.5821237564    16.1228771210    16.5349769592    16.8321151733    17.0241107941    17.1132621765  
    27.7196407318    27.6912631989    27.6661376953    27.6590518951  -999.0000000000  -999.0000000000  -999.0000000000  -999.0000000000    19.2802085876    18.9477424622    18.4445877075    17.7795963287    16.8348407745    15.3018732071    15.7943239212    16.3148860931    16.7038993835    16.9852409363    17.1641712189    17.2462406158  
    28.0421276093    28.0220928192    28.0060100555    28.0065917969  -999.0000000000  -999.0000000000  -999.0000000000  -999.0000000000    19.0647850037    18.7875251770    18.3625621796    17.8203277588    17.1207141876    16.3493652344    16.0397109985    16.5128688812    16.8726177216    17.1357936859    17.3036575317    17.3802490234  
    28.3161773682    28.2999248505    28.2869930267    28.2970352173  -999.0000000000  -999.0000000000  -999.0000000000  -999.0000000000    18.9780139923    18.7417812347    18.3781471252    17.9250965118    17.3711872101    16.7806816101    16.2656745911    16.7056350708    17.0379486084    17.2853126526    17.4435024261    17.5153255463  
    28.5492420197    28.5288906097    28.5262374878    28.5342578888  -999.0000000000  -999.0000000000  -999.0000000000  -999.0000000000    18.9688358307    18.7700672150    18.4635562897    18.0664863586    17.5813312531    17.0487861633    16.4966773987    16.8956928253    17.2051677704    17.4386329651    17.5856723785    17.6544589996  
    28.7468547821    28.7304210663    28.7292385101    28.7305850983  -999.0000000000  -999.0000000000  -999.0000000000  -999.0000000000    19.0257701874    18.8478145599    18.5840816498    18.2224750519    17.7714881897    17.2697124481    16.7259426117    17.0888786316    17.3749694824    17.5908985138    17.7284488678    17.7949104309  
    28.9019660950    28.8931941986    28.8824577332    28.8804302216  -999.0000000000  -999.0000000000  -999.0000000000  -999.0000000000    19.1227931976    18.9620494843    18.7281970978    18.3865261078    17.9477748871    17.4692192078    16.9453563690    17.2791156769    17.5401744843    17.7391357422    17.8683071136    17.9310455322  
    29.0066146851    28.9988861084    28.9821147919    28.9771842957  -999.0000000000  -999.0000000000  -999.0000000000  -999.0000000000    19.2353019714    19.0964756012    18.8755607605    18.5439434052    18.1067581177    17.6494197845    17.1728820801    17.4633769989    17.6962261200    17.8787612915    18.0002670288    18.0607433319  
    29.0570049286    29.0492286682    29.0340900421    29.0250587463  -999.0000000000  -999.0000000000  -999.0000000000  -999.0000000000    19.3797321320    19.2473506927    19.0196323395    18.6667442322    18.2016544342    17.7961387634    17.3985710144    17.6305789948    17.8333282471    18.0030632019    18.1222667694    18.1834468842  
    29.0473251343    29.0349941254    29.0149745941    28.9993362427  -999.0000000000  -999.0000000000  -999.0000000000  -999.0000000000    19.5810585022    19.4382648468    19.1865406036    18.7457695007    18.1245975494    17.8839206696    17.6123943329    17.7625331879    17.9365940094    18.1055507660    18.2321014404    18.2972373962  
    28.9796409607    28.9502868652    28.9101829529    28.8744373322  -999.0000000000  -999.0000000000  -999.0000000000  -999.0000000000    19.8865032196    19.7016296387    19.4040737152    18.8283348083    17.4815120697    17.9272537231    17.8333110809    17.7951145172    17.9691143036    18.1771297455    18.3308048248    18.4077644348  
    28.8527870178    28.7925739288    28.7095394135    28.6330528259  -999.0000000000  -999.0000000000  -999.0000000000  -999.0000000000    20.3535575867    20.0900421143    19.7667636871    19.3033962250    18.6694450378    18.3813457489    18.0560073853    17.5384235382    17.8903217316    18.2256011963    18.4335384369    18.5291919708  
    28.6777915955    28.5602569580    28.3921909332    28.2119388580  -999.0000000000  -999.0000000000  -999.0000000000    22.0141353607    21.0684337616    20.5636119843    20.1813735962    19.7548942566    19.2520236969    18.7762756348    18.2487297058    16.2745914459    17.7442779541    18.3151512146    18.5811519623    18.6997699738  
    28.5208816528    28.2620010376    27.9751930237    27.4635734558    26.4783363342    25.5083618164    24.4183979034    23.0127029419    21.8389320374    21.0602397919    20.5754604340    20.1387462616    19.6426620483    19.1130504608    18.5144195557    17.9951629639    18.3150939941    18.6259231567    18.8212661743    18.9335575104  
  -888.0000000000    27.8809928894    27.6566543579    27.0012512207    26.2480812073    25.4499073029    24.5512351990    23.4653491974    22.3964080811    21.5232601166    20.9532642365    20.4845390320    19.9653186798    19.3960533142    18.7579040527    18.6766128540    18.8032321930    18.9726581573    19.1124038696    19.2005805969  
  -888.0000000000    27.5764713287  -888.0000000000    26.4760837555    26.0107593536    25.3404617310    24.5546875000    23.6889934540    22.7442283630    21.8913364410    21.2824592590    20.7826786041    20.2492790222    19.6556701660    18.9933223724    19.0678195953    19.1717281342    19.2873554230    19.4029598236    19.4650440216  
    27.1535987854    27.1260490417    26.7023353577    26.3013248444    25.8193149567    25.1844425201    24.5256767273    23.7819747925    22.9271163940    22.1882019043    21.5638542175    21.0166091919    20.4801845551    19.8923416138    19.2181606293    19.3515090942    19.4562435150    19.5635337830    19.6561050415    19.7049064636  
    27.0599365234    26.9245834351    26.5779075623    26.1631221771    25.6784801483    25.0740756989    24.4522285461    23.8222045898    23.0852890015    22.3780364990    21.7533855438    21.1799793243    20.6364345551    20.0877990723    19.4520149231    19.5838546753    19.6977176666    19.7955722809    19.8609580994    19.8950901031  
    26.9625110626    26.7907104492    26.4569606781    26.0437202454    25.5670509338    24.9935016632    24.4195194244    23.8437538147    23.1699905396    22.5055446625    21.8978233337    21.3090305328    20.7673549652    20.2558956146    19.6793041229    19.7938480377    19.8918590546    19.9626045227    20.0090370178    20.0298194885  
    26.8973083496    26.6838169098    26.3607196808    25.9633083344    25.5027980804    24.9521903992    24.3950614929    23.8467178345    23.2049026489    22.5576190948    21.9682388306    21.4004344940    20.8721599579    20.3984317780    19.8988170624    19.9630565643    20.0229759216    20.0711345673    20.1045722961    20.1198215485  
  -888.0000000000    26.5562934875    26.2946510315    25.9206886292    25.4843635559    24.9368000031    24.3802490234    23.8522129059    23.2148742676    22.5596446991    21.9879341125    21.4501209259    20.9371280670    20.4977226257    20.1102886200    20.0741786957    20.0906143188    20.1241836548    20.1515922546    20.1643600464  
  
