FreybergObservations
6
ID
X
Y
Head
Hydcond
LogHydcond
77      4125      9125        19.74297             0.0000870057      -9.349536924
90      2375      8875        22.47836             0.0000922049      -9.291497284
176     3875      7875        16.26502             0.0000898073      -9.317844294
213     3125      7375        17.76526             0.0000683011      -9.591584686
292     2875      6375        18.09578             0.0000693262      -9.576687657
338     4375      5875        17.25881             0.0000925927      -9.287300253
452     2875      4375        18.25264             0.0000503435      -9.896641044
477     4125      4125        16.40875             0.0000683458      -9.590930445
506     1375      3625        23.80038             0.0000875577      -9.343212553
548     1875      3125        21.97613             0.0000524470      -9.855707422
566     1375      2875        22.74787             0.0000724584      -9.532497954
617     4125      2375        14.93487             0.0000293851      -10.43502281
672     2875      1625        11.65154             0.0000288240      -10.45430218
712     2875      1125        15.27539             0.0000307929      -10.38822641
789     2125      125         15.92400               0.0000294271      -10.43359454
792     2875      125         12.93050              0.0000305971      -10.39460532
794     3375      125         12.05430              0.0000299442      -10.41617491
