20
44
2
genes_interpgrid.out_Ind0
genes_headgrid.out_Ind0
14
12
9.491518297957677
2716.7327487126263
5175.254329502871
40.120763671035625
1
-9.34887149124735
6.580583901495688E-4
1
0.4006300783865329
0.00848943650191653
7399.35625029673
5299.136192533897
-9.177555696190902
-8.096415923682638
-8.126719695454248
-8.130603522158134
-8.453150079542077
-10.709586529203941
-9.887092003144506
-10.213826983033814
-8.647767553128533
-10.972304682952219
-8.573679062546407
-10.503208327979614
-10.719799913347869
-9.229011675826735
-8.158530158318456
-9.942409606855323
-9.290800203099364
-8.037340136647574
-10.08014210771263
-10.165577656997964
-9.90360112104973
-9.99215923295032
-9.75985853673534
-9.638327715944024
-10.180822159335804
-8.08300994602833
-8.605280769193541
-10.685465417679186
-8.142216736377298
-9.363160847969194


genes_interpgrid.out_Ind1
genes_headgrid.out_Ind1
14
16
5.413640916826385
7019.272946386565
7211.412721494538
10.67838445113707
1
-9.483799945501046
7.260708048414437E-4
1
0.400752298747781
6.756454342214768E-4
7399.503705685989
5299.619438023838
-10.469873703688325
-8.678268865475655
-9.460513628126904
-9.53580203025224
-8.550932530052096
-9.619235309614002
-10.774416376777896
-9.259842164999618
-10.871416196414684
-8.6023554261722
-8.793616862765914
-9.59381126847289
-10.854713312435672
-10.293352239276711
-9.829048895956305
-9.5768561195509
-10.356431746944404
-9.650290133973307
-9.193181916317366
-10.112108842784647
-10.758310036405476
-8.384424800444103
-10.052851451618922
-9.947308699871648
-10.013568401060398
-10.008273270072703
-10.223901140771545
-9.583235674067302
-10.310233795540771
-9.785144076894337


genes_interpgrid.out_Ind2
genes_headgrid.out_Ind2
14
6
8.157273343044304
5111.652353364749
6602.937463563149
8.995524793339765
1
-9.079014627443438
5.220336054693024E-4
1
0.40038563764913565
0.0041170186373066355
7399.061339533114
5299.169701554014
-9.592919681196054
-9.93271012950357
-8.459131830108939
-8.320206640080372
-8.257585089115071
-9.890288878976854
-8.11244316647076
-9.121796619102206
-10.200470221852749
-9.712203330622703
-8.133803462107393
-9.32200244699306
-10.44997324928271
-10.100330459519816
-10.817492638339278
-10.673516536760687
-10.159537026002317
-10.811440007885658
-8.854062490503157
-10.272515285424596
-8.194183245634758
-10.20762805325927
-9.17387275167166
-9.020365748088778
-10.515329631183128
-10.232483432050035
-8.368040070741017
-9.889924860199475
-9.806182618050352
-8.519194256008461


genes_interpgrid.out_Ind3
genes_headgrid.out_Ind3
14
9
4.079395820500991
3914.1925510386873
3139.0959375112034
69.5631442321877
1
-9.213943036993651
5.90045990358855E-4
1
0.40050785801038374
0.0063032274205999704
7399.208794907471
5299.6529470439555
-10.885237733396963
-10.514563026593104
-9.792925762781595
-9.725405103470996
-8.355367539625089
-8.799937704090397
-8.999767584807634
-8.16781180106801
-9.424118909842383
-10.342254029139204
-8.3537412623269
-8.412605387486337
-10.58488660366703
-8.164671067673275
-9.488011375977127
-10.307963049456264
-8.22516861455084
-9.424390049914873
-10.967102299107893
-10.21904647121128
-9.048892160990501
-8.599893620753054
-9.466865666555242
-9.329346687312917
-10.348075872907724
-9.157746711390924
-9.986660442319021
-8.787695161291072
-8.974199721917309
-8.941177529637086


genes_interpgrid.out_Ind4
genes_headgrid.out_Ind4
14
6
2.670008490608466
3426.8936213647676
7819.887979425927
12.361244108934384
1
-9.88858517415169
9.301079893124239E-4
1
0.4001189598315252
0.007234271933113094
7399.9460718239625
5299.069174508562
-8.346827726180596
-10.423827601447739
-10.461895426144869
-10.751397375720625
-8.844280015692604
-9.348181695547668
-10.436389587085033
-9.397887800303995
-8.542362215680104
-10.492507477018215
-9.453430263424435
-9.865620045249237
-8.259453375588635
-10.486374019033606
-8.84060515357333
-8.480195747044597
-10.553326423183005
-8.48914030476444
-9.532301342131577
-9.951702489551666
-10.322436871879676
-9.561221547628934
-10.931830151566183
-10.874251606951033
-9.511807170937669
-9.784063063391887
-9.079762210802077
-9.27654648793513
-10.814285017734674
-8.05109398718718


genes_interpgrid.out_Ind5
genes_headgrid.out_Ind5
14
9
8.082130968065155
7729.433819038706
4356.046453373981
72.92886354778231
1
-10.023513628405386
9.981203742019766E-4
1
0.4002411802076744
0.009420481014429653
7399.09352719832
5299.552419998504
-9.639145688974537
-8.005680498537274
-8.795689358817523
-9.156595883814731
-8.942062555609592
-8.257830520661212
-8.323713960718424
-8.4439029822698
-10.766010903669738
-8.122558220238197
-9.673368108347425
-8.95622294103903
-8.394366729972957
-8.550714627187066
-10.511123891211177
-8.114642304443656
-8.618958011731529
-10.102090346793657
-8.645341106032829
-9.89823367533835
-8.177145831938905
-10.953487115122718
-8.224823066449765
-8.18323263558214
-9.344553412662265
-8.70932638743626
-10.698382537676597
-8.174316789026728
-9.98230212160163
-8.473077260815806


genes_interpgrid.out_Ind6
genes_headgrid.out_Ind6
14
19
1.3357633942830724
5821.8132260168895
3747.571195442592
71.24600523123853
1
-9.618728310347777
7.940831897309963E-4
1
0.40087451912393024
0.002861854217514812
7399.651161060347
5299.10268352868
-8.76219171118575
-9.260121762565188
-10.79430756079956
-10.94100044893938
-8.648715025265599
-8.528884134727546
-8.661740750411287
-8.305857346965421
-10.09506488440432
-9.232406079985216
-9.01355466298542
-8.684414208966167
-10.989626666819994
-8.35769284743017
-8.499567678297634
-9.211302676949959
-8.422063335492926
-8.263240176002524
-8.30622168021862
-10.058640117978298
-8.613018996464703
-9.776690367937885
-10.345844321799019
-10.25628968379927
-9.846314642784995
-8.933536504710109
-8.842521467646067
-8.4810059751589
-9.478250899407728
-10.207127395226445


genes_interpgrid.out_Ind7
genes_headgrid.out_Ind7
14
3
6.747885871739759
4624.353341734442
5783.72958743426
41.80362467008646
1
-9.753656764601475
8.620955895217102E-4
1
0.40099673947027714
0.005048063149819759
7399.798616449605
5299.585929018622
-10.054509718683173
-9.841974704358206
-9.128101493472213
-9.346198957033486
-8.746497565182585
-10.43853295984109
-9.54906516874816
-10.351872618338192
-9.318713572393953
-9.8624568232052
-9.233492463204929
-10.77501710475596
-8.12453997650083
-9.42203345558363
-10.170086371232
-8.845749189645536
-9.487694879337965
-9.876190262735225
-10.41926153352684
-10.005171303764982
-9.467727956523932
-8.168955935431669
-10.638837281386085
-10.565270667726894
-9.67906088450959
-10.858799828754481
-10.461141839224071
-10.378776231547015
-8.646267958571201
-10.629110668855072


genes_interpgrid.out_Ind8
genes_headgrid.out_Ind8
14
11
2.9705777077010254
3955.76767671255
5807.452020182602
26.657891773671214
1
-9.11058912560041
2.5760899480566148E-5
1
0.4006967896420737
0.006020422871655856
7399.817321133336
5299.538300700802
-8.16192382917712
-9.131945946498995
-9.1156654007175
-10.405840534893638
-9.106370194418005
-9.878015128810233
-9.591306454797865
-9.10946230293014
-9.280199443708668
-10.851088052666693
-9.295171767871274
-8.328738024361881
-10.481879452827648
-10.684837527178543
-10.06608018678922
-9.71569267631272
-10.715642614376604
-8.326538949132441
-10.367186745902435
-8.448828795786202
-10.390586481959602
-9.5777851660647
-8.728028892453759
-8.22278410168107
-8.19491200031764
-9.876691420660919
-8.758392343059754
-10.138978862033081
-10.109807092936526
-8.235561655033415


genes_interpgrid.out_Ind9
genes_headgrid.out_Ind9
14
14
8.382700185157713
2758.307874386489
7843.610576087042
87.22551121251914
1
-9.245517535150624
9.377328437011879E-5
1
0.40081901001822295
0.008206631803960803
7399.964776507693
5299.021546190744
-9.45424179197106
-9.71379884358853
-10.449459333390154
-8.811038953580777
-9.20415268963151
-8.787663909220292
-10.478630828431255
-8.155477484895943
-8.503848131698302
-8.481138751183192
-9.51510956809078
-10.419340964855158
-10.616792762508485
-8.749178090628519
-8.736598924427067
-9.35013923371178
-8.781274158221645
-9.939488946458173
-9.480226554507173
-8.39536002627637
-8.245295442018831
-10.970050733558482
-9.021021762633858
-8.531765085608692
-8.02765828674572
-8.801954700001808
-10.377012669934274
-9.03674916312468
-9.277824152099999
-8.657544973365523


genes_interpgrid.out_Ind10
genes_headgrid.out_Ind10
14
4
1.6363324699636106
6350.687281364672
7235.13515424288
85.54265155472183
1
-8.840732261796498
8.897360998991386E-4
1
0.4004523489195776
0.0016480050070459618
7399.522410369719
5299.57180972092
-8.577287858885757
-10.968240107616445
-9.448077490668705
-10.595443608112392
-8.910805203991
-9.058717478583144
-10.816657618124118
-8.017431894295049
-10.832902112432883
-9.590986655633694
-8.85529616743226
-10.147532188078811
-10.212052744059006
-8.556156310871625
-9.725042666810042
-10.446799606218084
-8.584379481983042
-8.100638820370524
-9.141107128692962
-8.555766424212836
-8.681168651248113
-9.793253986373651
-8.142043062686595
-10.604822133825822
-8.529419472164966
-9.02616486197914
-8.521151644607228
-9.343438349256852
-8.773772929906098
-10.391595107776164


genes_interpgrid.out_Ind11
genes_headgrid.out_Ind11
14
8
7.048455230244338
5153.227397082224
3771.293628190934
56.10027233482327
1
-8.975660716050196
9.577484996898524E-4
1
0.4005745692957268
0.003834213790339297
7399.6698657440775
5299.055055210862
-9.869605821679697
-8.550093004705978
-10.78187142334136
-9.000642026799532
-9.008587743907986
-10.968366303696689
-8.70398203646099
-10.063447120964337
-10.056550755719034
-10.221037398853678
-9.07523401235525
-9.238135128572088
-10.346966098443326
-9.620496919025083
-8.395561449151373
-10.081246163617143
-9.650011070531566
-9.713588907103224
-8.2541469372977
-8.50229760999952
-9.535877566603858
-8.185519553867433
-8.435035977570177
-10.913803117753446
-8.362165758593044
-10.95142814132003
-10.13977197148175
-8.241208605644967
-10.94178998906957
-10.813578426108272


genes_interpgrid.out_Ind12
genes_headgrid.out_Ind12
14
5
5.6390677589397935
4665.928549364691
2952.085834018431
88.90836952906292
1
-9.650302853208233
2.9781046884109894E-4
1
0.4001856711019671
0.004765258302852421
7399.407142660568
5299.4712826754685
-10.331195814463332
-8.459357579560614
-8.450841086704635
-10.026634388456129
-9.497500175272018
-8.516610339857442
-10.14060403873839
-8.29352307549684
-9.174794106260237
-10.37129084673269
-10.174923013452783
-10.691149786334986
-8.021532825661449
-8.942199870385414
-10.748155182044094
-8.253478816501993
-8.97816887916373
-8.778339117249306
-9.819345980321382
-8.234953628339905
-10.809422277493033
-9.146847480743315
-9.900000507284602
-9.458708037391562
-10.52589705662299
-8.577744493320992
-9.232873739964804
-8.730059976992507
-9.781875374293902
-9.923494883658368


genes_interpgrid.out_Ind13
genes_headgrid.out_Ind13
14
8
1.5611902363964811
3468.46874703863
4988.244226010098
59.46599030916438
1
-9.785231262758447
3.658228686318127E-4
1
0.40030789146321516
0.00695146738416898
7399.554598034926
5299.954528180311
-8.623513777257271
-9.04121052135363
-9.78463501937729
-8.43183280714327
-9.59528267048552
-10.426259164970986
-8.02792841237178
-10.339538302166126
-8.39844279424987
-8.001341545249188
-10.394860813672292
-9.781752682124779
-8.156446224749253
-10.006540478538874
-9.418673919681941
-10.887925373901053
-10.04380042300877
-10.391289203982007
-8.932385744222636
-8.181484858830071
-8.664131192848778
-10.539113048237096
-10.1929933774647
-9.767688976615702
-10.358643298347586
-10.503007772661881
-10.851494066839326
-10.627830233380623
-8.949892433457375
-10.345478157286992


genes_interpgrid.out_Ind14
genes_headgrid.out_Ind14
14
17
4.3048226626143995
7060.848154016814
4379.768968078709
57.783130651367074
1
-9.380445944700838
1.6178568416083263E-4
1
0.400941230379471
3.9284058725413853E-4
7399.112231882051
5299.504791680685
-10.746559799468484
-10.295651785381546
-8.78325326606281
-10.216237461674885
-9.301935184845012
-10.697312734333838
-8.365955202064644
-10.201492666861748
-10.727496774984452
-9.11118944969969
-9.73504741301377
-9.509943905348434
-10.75170616159629
-9.813518698781978
-10.4071177067684
-8.984585746407356
-9.846905702066685
-8.552439033190874
-8.593266363111908
-8.341891256766537
-9.10000440207806
-9.362316345755747
-9.314014677517438
-8.840746024832832
-10.860404528470315
-10.727217934639214
-8.995632996808794
-10.934519419512794
-8.445841211263472
-9.079528291697633


genes_interpgrid.out_Ind15
genes_headgrid.out_Ind15
14
1
9.716945281483106
5863.388269734367
6415.927360070376
28.340750090214996
1
-9.515374398954535
2.2979808395154634E-4
1
0.40006345074071903
0.002579049519559086
7399.2596872862105
5299.988037170626
-9.038877806965907
-10.87750468247108
-10.11704715403198
-8.621435880362023
-9.399717680058515
-9.606961559447381
-9.253279620401518
-9.247507848827551
-9.951145462974086
-9.741240148216189
-9.954985213233277
-8.60054684584171
-10.88661951598061
-10.877859306935438
-9.077636399702762
-8.619032303806417
-10.912537290615207
-10.16538907522009
-10.706306171716646
-8.28842244255322
-9.954713317433804
-10.754581868546047
-9.60700759240102
-9.149727053463938
-10.693150814898395
-9.652481213980103
-10.614253413090283
-9.83228967590091
-10.613858315130429
-9.501511565326258


genes_interpgrid.out_Ind16
genes_headgrid.out_Ind16
14
18
8.307557810178563
5376.089340060447
5596.719483941486
61.14884996696169
1
-10.190016580816057
5.698600680039541E-4
1
0.4006745525618605
0.0035100940320722095
7399.996964172899
5299.404264650134
-9.500467799749542
-10.786769257325714
-10.786016817395254
-9.647428197315136
-9.88863015612603
-10.155205550904652
-10.689901622678917
-10.477583848063537
-9.069388813515289
-9.891493596095202
-8.054674214330813
-10.053561458901125
-8.561186287902215
-10.199562258295769
-8.430230177298967
-9.791265001394748
-10.240695143950857
-9.230139285366175
-9.271505170036844
-8.021078416190122
-8.228258028322978
-8.71590979542193
-8.071972077411964
-10.694631973102055
-9.856882068224856
-10.278797610684551
-9.70735518157334
-10.32114104724845
-9.453943610947794
-8.611428067579837


genes_interpgrid.out_Ind17
genes_headgrid.out_Ind17
14
2
4.22968042904727
4178.6296196907715
7632.877875933154
31.706469405809628
1
-10.32494499036627
6.378724528935067E-4
1
0.40079677292310856
0.005696302815365546
7399.144419577059
5299.887510140075
-10.792785807246966
-8.368622154415249
-9.11981075006791
-8.052626660705759
-9.986412651339533
-9.064854376018197
-8.577226041015791
-9.52359903002934
-8.293037501504923
-10.5215442946117
-8.27461201455032
-9.144164399394402
-8.696099642286537
-8.263902821745745
-10.100748914936814
-9.42571155879381
-8.306326687795897
-10.843089372098873
-8.384545023345066
-10.967609646680291
-9.082966988382207
-10.108175407619195
-8.364964992295544
-8.003612957029677
-9.689628309949452
-9.204060845321957
-8.32597550844786
-9.218911348340049
-8.621960714814751
-9.033411341208462


genes_interpgrid.out_Ind18
genes_headgrid.out_Ind18
14
11
6.973312855265188
7771.008862756183
7024.402618001765
30.023609748012312
1
-9.920159717012146
4.3383526842252654E-4
1
0.4004301118393644
0.009137676316473928
7399.702053424185
5299.437773670252
-9.915831784754694
-9.623063418443165
-8.118428996753428
-9.837031270533892
-9.693065165699023
-9.33590799008453
-8.915252786005171
-9.385553484131929
-10.622091482239505
-8.631392243765687
-10.614798613891798
-8.872355622618056
-8.291359579133573
-8.07088104198885
-8.089192702023272
-10.522371931300112
-8.109432011557294
-9.004239246011224
-8.045425597530855
-8.128016044616755
-9.518840152908005
-8.931378660434364
-10.485986337051767
-10.076670005246807
-10.191389540072182
-9.42827105200277
-9.47011443841733
-9.525600489768737
-8.117909537324332
-10.7674614756191


genes_interpgrid.out_Ind19
genes_headgrid.out_Ind19
14
15
2.895435332721875
6573.549142386508
3560.5610919498195
0.5812291868602394
1
-10.055088126562358
5.018476682132403E-4
1
0.4005523322006124
0.0013238850997672625
7399.849508798542
5299.921019160193
-8.208149747548635
-10.204916360236181
-9.4522228847226
-8.242229733924514
-9.790847616209042
-8.245556815198075
-9.802577204342043
-8.431568666097732
-9.845740170229138
-9.261442942282185
-10.834736414111305
-10.962958518407849
-8.426272888814411
-9.13522165014231
-9.75971143966112
-10.156818488699173
-9.175063555402334
-10.617189243336957
-10.158465406135592
-8.07454723040344
-10.373549112967234
-10.323644227928146
-10.778979207231865
-10.385650944470948
-10.02413582650026
-8.353534286640176
-8.08873476529185
-8.423370790860336
-10.285926551784321
-8.189444749247727


