0
20
115
-0.05721566275315495
-0.21965237466994422
0.27488202714607507
-0.2723622103337654
-0.6762411498664955
-0.9218997694179554
-0.4098464892046114
-0.12633694525037267
-0.3909705973186947
0.1914791087469071
0.2276370735385441
0.23849171215558612
-0.35378690427994697
-0.46664194999880454
-0.055294689895849264
-0.6121979642947718
-0.2767442941249427
-0.7996172744774099
-0.4984883375995515
-1.0465210253113677
0.3943337656559645
-0.6669064290807205
-0.030438934552095245
-0.3058746651928659
0.2689106206231659
0.4075014569759011
0.18878311294365682
-0.12390210875200351
0.13566841164021767
-0.048528694036649715
-0.666192140512476
0.3822803730998142
0.25381200381776065
0.06245500859068959
0.05706253896205721
-0.23465506354975674
-0.11025662720288867
0.6724535139188151
0.2992726472925788
0.20420249415628672
0.06363791762952875
0.4037954968313857
-0.5334243805319876
0.4350051254080046
0.43907534619088556
-0.47334546643221254
0.27561938941909375
-0.2609939261932982
-0.1522267943090943
0.6117577041348906
-0.3430744841277846
0.17952147683077657
0.23522059590364558
-0.21499808121158714
0.13367649911810864
-0.24076851858263085
0.7222820150152521
0.5957506960256357
-0.05819041556430819
-0.23333925829440494
0.9467809440869606
0.2751145514515405
-0.24799491573432103
0.6109883247926803
0.3513022156412737
0.6920918141214412
-0.6644712712392538
0.5078463330304409
-0.3128925018022993
-0.8174362068905905
-0.31790026464964755
0.09737151755906406
-0.06341559704510866
0.049598531632092456
-0.13197683700270804
-0.18669792378794126
1.055248935136875
-0.917458744959721
-0.739457978547797
-0.396558510706516
-0.4858962687342278
-0.2328684426287173
-0.6443154506446231
0.39528695851765766
-0.01466774386746253
-0.9026489072748936
-0.06627809260040224
-0.12305766682027117
0.10026709477546816
-0.1449465826682889
0.0566181189517356
0.36786767270368265
-0.03350465692900275
0.3607386626569261
0.33442098516830726
0.3993130895785322
0.5430174326041795
0.42855533185677885
0.5676616842198656
0.2613873118215715
-0.03633635578630406
0.15466701472072825
0.7493575325396948
-0.5884359098137251
0.21654885879813968
-0.6979363474911613
0.5064507984599224
-0.27131246631981226
0.14205137555966854
0.4423485938225308
-0.4434604757475048
0.4476537515734884
2.672186855487771
0.5423615701985004
-0.08881835709637469


-0.06367727178914717
-0.22195819460812594
0.27633293235733214
-0.27466264973313737
-0.6443262791198157
-0.9243772946019977
-0.41056137772622275
-0.36865058877984896
0.038561732975240015
-0.049529050311063916
0.23607059171154907
0.20748847031405654
-0.3631955565981445
-0.47972673172177144
-0.03718029070241215
-0.6150815318691621
-0.26137039249139693
-0.7994547762437659
-0.5096608823660329
-1.0373121560001584
0.383292267587783
-0.6701268990339612
-0.01588933310611407
-0.2869173688270899
0.2662850122102954
0.43573954699154765
0.19079348338668276
0.4722737959969685
0.1279872851864003
-0.015588771842861915
-0.013009030055912054
0.3750030866032938
0.3327687874940706
0.06530565379470643
0.07883235085477114
-0.2286895110175684
-0.08676045956640155
0.6399887009654337
0.30509338611300757
0.2260031916091296
0.02327646932675024
0.4271633226123968
0.19196553557674084
0.4699497006805995
0.4689387806804808
-0.45989767075961424
0.24143906748360372
-0.2838206341914251
-0.11456669538306669
0.5901495790720713
-0.34049347658649687
0.16701677893150957
0.2820421983470353
-0.18455030364229552
0.13788844203860864
-0.22743860818911218
0.743408011630609
0.5660725813403722
-0.07779490875069506
-0.19494843261833705
0.9863854296041339
0.3459520952594676
-0.6464676884308193
0.6304971197398398
0.37134038813907316
0.6743249361708858
-0.65588343039553
0.4991383189457805
-0.2994603325777023
-0.8199054706215957
-0.3287218882294327
0.12444893309027145
0.11714921237294242
-0.13463328988234388
-0.13413079989107574
-0.19675795516961384
1.0496931335361182
-0.9099337309189203
-0.7466082155064057
-0.3966427512919716
-0.4819425880254525
-0.21651164128689138
-0.652907285122874
0.38603458975038824
-0.010522359073191496
-0.9141096674603028
-0.06566066045533508
-0.11824391253843111
0.08760015269999774
0.7662160539049983
0.0558331039697324
0.3837484343928222
-0.031322893900985464
0.34330227301243343
0.32602808357416163
0.3986386794965454
0.5472933310778745
0.41529418605223545
0.5548682815871837
0.21394805571653291
-0.034648649272543144
0.15395555235260636
0.7485361507607023
-0.5610375985580107
0.8734881416131439
-0.7089916359926218
0.4879757756903873
-0.25324843360527477
1.3146079666734842
0.4423194719673414
-0.4155185147713961
0.4563140740983217
2.6681680384957436
1.5538622340799821
-0.06555634101545604


-0.27930422665168225
-0.23035831897630002
0.40549849425269385
-0.011351230949207716
-0.4403432516099184
-0.9415661531418129
-0.3314559172604428
-0.03985185639030588
-0.3224424730378182
0.10466456293018489
0.2949933527110426
0.6549581065852743
-0.6941524010287581
-0.25036343361271374
0.6207468590581152
1.0697736336657058
-0.09754148827260992
-1.1787345971621899
-0.6221208966112562
-1.0943603937852013
0.39842495733183836
-0.5908018772523196
0.30166547776803265
-0.12812951981008155
-0.002203302701403044
-0.0594507658985692
0.6500000077476481
-0.007856572442162568
-0.1363761913283319
0.19008992059187335
-0.10338115089718758
-0.14559280857990436
0.36198120197893097
0.3956059056659944
0.6130028107061254
0.17176138832842852
0.06517047115619828
0.2518568082531735
-0.07278572333785936
0.428329836538911
-0.1356162118517006
0.8132663844459656
-0.1765074127098648
0.19775053047282884
0.8876963439678682
-0.08200944677443242
0.12510674186844906
-0.39290632304670026
-0.535305546023829
0.5513952916337189
-0.09437839637854406
0.35650121676409535
0.5529144402350266
-0.04196563414107579
-0.21589986277141582
-0.04973998031329269
0.9094378927230167
1.5318894897348687
0.22187971129728556
-0.44702247368416204
0.7943899751040099
0.4766006079927516
-0.4498089532472483
0.7851360804023652
0.44747828198264056
0.23639706960576154
-0.42996618828550703
0.5879067364194568
-0.08667133171017727
-0.9570537422459537
-0.3436879504431939
0.2612685276750003
0.11920979540701283
1.1471676239222939
-0.18983133575460998
-0.36709768009604193
0.8388820833349251
0.6167335116506912
-1.0592777830448725
-1.5335105301461622
0.16030301857221912
-0.16471959302274083
-0.212724705545225
-0.3751403388711743
-0.6147280991160586
-1.1629552769002978
-0.6334578094400277
-0.14744935767004716
-0.15824624656340988
-0.40680598268098417
0.3663635286004877
0.4502090716424137
-0.7740877112314772
1.4285206372919477
0.1089985671117127
0.6763302727203904
0.7541700219198362
-0.035247387493139236
0.5584606200469593
0.03611643986639493
-0.6156366586639498
0.2540718043963354
1.1539182150525433
-0.07152883160777042
0.07309804295008085
-0.9217350738153426
0.25131867881197184
-0.20864593148704697
0.5531841507992912
0.37560002768176887
0.05967628308092596
0.7365138312091546
2.700606228010497
2.7210351535324175
0.22350843001413


-0.8925555242667698
-0.12457793743574297
0.4887435299790925
0.9679831375511639
-0.6642348142902768
-0.9197054784879016
-0.26227636799429843
-0.519193660231533
-0.6533900064274197
-0.3848538809487972
0.4122192958337014
0.3307240748908773
-0.7575336919053575
0.3963911491184516
0.1310993040298211
0.6267290798913893
-0.21242170352849077
-1.8348413613154233
0.8210128472240905
-1.1939932989643258
0.4725306103496345
-0.447490148043649
0.3623290236647922
0.07631827064068858
0.8057629530280346
-1.2894300492696946
0.8888424778501552
0.5753224120361
-0.49227942608246245
-0.23553511522623913
0.13294305030313194
-0.31613215420745655
-0.5395152634491919
0.8590269163013802
0.7578568285983517
0.17643270680143786
0.12777931597332837
-0.06025053882837933
-0.14399756395295993
0.8962755335310632
0.4420056400909122
0.6391597032616728
-0.14748981995965152
0.23574918752945825
0.41469603620351303
0.19674177566372023
-0.06156376472311524
0.8288857685917894
0.12954135183856597
1.0130595159384548
0.9179628618642863
0.21283748939482308
1.2176634793004417
0.9110565025219303
0.6666938143802106
0.31683586130100694
0.9665479629209573
1.0413436933836788
1.4487059614860587
-1.0039630254565857
-0.6410106664710813
1.3161896119708794
-1.1194721970907295
1.1569358312748785
0.7522586121146456
-0.4595507463613619
-1.3749042888828362
1.5358964404160003
1.1306970831918624
-0.9189251178844149
0.07307254932027753
0.6443238519360404
0.6562140157056123
-0.45684226693519914
0.2646108977019294
-0.5593150419414711
1.1881756706184436
-0.6321555340293616
-1.6963394379880745
-0.340614256141439
-0.8005783175730871
-0.5109370348521297
-1.560132397822409
-0.7716676522770219
-1.4506270345554935
-1.334697046761022
-1.1708878374266025
-1.0674012273903242
-0.10566876514708469
1.3706683486406106
0.002210959100062035
0.6945269442180356
-0.3044447167959709
2.0451037951246454
0.40086686949821293
1.3749386842586317
1.591539487576505
-0.330704098342078
0.5379742369218864
0.47606349124618474
-0.6581437451388646
1.826415285538851
1.6942732684644037
0.058019802736210685
-0.2529034769488077
-0.49027586242104293
0.002125082285917036
-0.33659984481231414
0.6288907056093592
0.5370905437092262
0.6432600175629143
1.0881369416334397
2.9308228156877494
2.5069561889152947
0.3331902538396149


-0.9778174241213345
-0.14790713169809774
0.6022023319203871
0.7818690377033926
-0.32794825390389715
-0.9900024460236376
-0.24900994879402566
-0.10890112744021035
-0.15191641628009872
-0.3922874124656309
0.6270411264008716
0.14986981460416018
-1.2540859021452753
0.8090956329787434
0.3136799995960323
0.017423579837755998
1.262123337178875
-2.7437874836404834
-1.0008158500505502
-1.677528850846352
-0.3462342290462648
-0.5732681589450442
0.8376183280343988
-0.021676269458507032
-0.027748188073876794
-1.0068020593568687
1.5870830172323425
-0.48401287146065614
-0.6043112619944295
0.9780841226929381
-0.02173810047023037
-0.6710132895644427
1.3515206738940257
0.8987427527195255
2.0094875296608032
0.6829314440403798
0.3513628398025074
-0.4336953944314101
-0.425093349742775
1.214011903017354
-0.1723837198038008
1.4653985047142462
0.8452099177409621
0.33367042225897786
1.24860519946461
0.6455198234334067
-1.2605225678832574
-0.026231408328355608
0.8763639979048564
-0.15881132355404917
1.0142450389335198
0.5618131937390871
1.0121387166445637
1.2631034016191949
1.08714867193478
0.48645242830548946
1.5229946916944654
-0.1637539860242673
1.1295001067023636
-0.8018286913596936
-0.6771447066434698
1.670316628805814
-0.7798035713178946
2.043521299262401
1.1009454842890494
-1.6288976798135362
-1.1813645542690239
1.8115559809430857
1.5901289997832015
-0.9519978129541685
-0.0852919137464569
0.7446993472181483
0.6878584831700513
-0.09268766478820276
0.3482825134304463
-0.7039222735268186
0.9589378327178194
-0.28032232376084076
-1.0555851624548214
-0.11265060712083108
-0.7474976474680328
-0.29980790653758677
-1.2592063240844205
-1.5934188047028526
-1.8685224500881672
-1.5898849407293112
-1.4977354077921652
-1.0921895393751433
-0.31502608547198235
2.091466387283605
-0.7239585150601058
0.6983699688428916
-0.24383915878277498
1.0746801620343596
0.04890382414859844
1.726393036465785
1.175498311881077
-0.5167673150396334
0.6349034052749709
-0.6264764557823661
-1.0556979349956117
1.5043796068060695
2.058142734932059
0.5002611357707518
-0.5187921797633905
-0.701386177453234
-0.13238770914549647
-1.0564399148060586
1.5689871642408157
0.5480891731517293
0.7547650790648147
1.483416336040745
2.8671535661601357
2.565579865431996
0.7371190750361076


-1.0
-0.1966526705700878
0.95251337499144
0.9972841698920282
-0.05286343348103151
-0.9741589086886399
0.6838213924561876
-0.05579754967568973
-0.48793392798132207
-0.7502577028117012
0.6311190551407904
0.35760169380824475
-2.2923985883114595
0.005731016854311197
0.02686132626087408
-0.21877207504333557
-0.3582044362201734
-3.0
-1.0392440121289575
-0.9531717237517937
-0.3636301234599429
-0.7293669745789568
0.3899315729413164
-1.7713177348769462
0.0076578560593933975
-1.069754852668932
2.3728649688816694
-0.532468804976986
-0.2574721048447183
1.1833701452596603
-0.47406090352274505
-1.2862046024554188
0.3370956183659514
1.8701932041822216
2.480567901486832
1.0405210454358071
1.1900584353541825
-0.10375046601188047
-0.4473058430553506
1.7446035479155115
-0.3738645440931921
2.4785057456173347
-1.9298533686073154
-0.17632541678247404
1.8320962518184494
0.8293907967312716
0.603902724499952
-0.4974100209819979
0.8779619415756821
0.7185253958280264
1.1432768499175163
0.4041400424427866
1.388150453633515
0.7233279022619212
1.422502300731303
0.3052223944791576
1.3882605057738553
0.0465161425646793
1.126300033738583
-0.8030880358602266
0.2824560889664277
1.8655789134254523
-0.404865372087525
1.2947851034953637
0.508245640846709
-0.5744829944735016
-1.6870519313919632
1.5575383625415193
1.1768666266269607
-2.013601551573503
-0.48706076175644797
1.945724981197081
0.7434308453171314
-2.288740491560451
0.4921948779156838
-1.0877759854919666
0.8786648118430569
0.7669233302606686
-1.7558312466670256
0.12552134944711557
-0.6471380831942803
-0.0587304539374358
-1.3349365223424028
-2.038865083350221
-2.369844691767012
-1.2902703990688826
-1.9666150728988891
-0.9804732303262209
-0.8464834329756595
2.4776215366043335
0.7854628729585685
1.6070814738889472
0.03821996463703553
2.359311682993014
0.056501782801939085
2.1894882444840613
1.837216916539247
-0.5490316381090918
-0.40706796113411736
1.4470695959149487
-0.8016049696722327
1.0020256342797036
2.3916459194992696
0.9492889853611872
-1.5108837837114382
-0.8560995181850406
-0.6505827674376299
0.15633117143907763
1.9105978855662054
0.516955087773998
2.2847908198219193
1.7991511622219063
2.7312713591633626
2.7380625503512444
0.3921950910379348


-0.9992469920155469
-0.33473858325278594
0.9780887964146453
0.9975818933170573
-0.15726363148731468
-0.9687190982801362
-0.4137932224247011
0.7670214162167286
-0.12105562598625721
-0.7339257419829994
0.8735188704766718
0.024316548038938096
-2.917545654897081
-0.7928784176731235
1.0696701326148068
-1.3186704855845153
0.3725647867929588
-2.9929527950230703
-0.7810798956039067
-1.0528788700835245
1.6116286317975994
-0.7162625002539063
2.110593248730237
0.47397504302929394
-0.9008392678149714
-2.0312229768826753
2.9430304400967726
2.1677192100440887
-1.9030663243136585
2.2103115802407816
-0.9355660021890737
-0.7893032046214424
0.5368448289184969
2.553844951787939
2.965001360420954
2.395221516325875
1.2003596220410675
-0.02189644737851248
-0.5976141909704479
2.1609095260137785
-0.9959985723317365
2.8961719828576373
-1.4896546402534676
1.2372331089616309
2.7184707982458725
1.5411020750428983
-0.6898630935895435
-1.2675049720925273
1.1006021067074259
0.044360160796516314
0.6132472448661234
1.77611475927048
0.888670862011575
1.0315217437937862
2.3331154782711785
0.35742454117743483
1.5412546378605128
1.4613782078188289
1.2866006836136468
-1.391441285022381
0.5555920496286275
1.8963667114424725
-1.025541826877939
1.5938251852403453
0.8033884654580353
-0.9214964225173402
-2.5922938808728313
1.1204800958455603
0.9348616175321866
-1.8350018040612874
-1.0110440271355245
0.9552497559708877
0.11587951394909046
1.1366987927062133
-0.2494323477427021
-1.2419871557496942
0.9065663221984102
0.9360169565740049
-2.7502774649446007
0.08247004831449067
-1.5385810516524017
0.6621484647215843
-1.333620081623413
-2.515382006801395
-2.3836007735035074
-2.1070629795761393
-2.6576781457089504
-0.6397753330167026
-1.5662299761671317
2.9565526109614737
2.3159189257139388
1.1145968774704071
-0.04894361437738658
2.9396359195691337
-0.6812722072178782
1.633883111009743
1.8310371939923504
-1.4965478976701652
0.5857689840854613
1.4686965608319642
-0.47291507534825133
1.4931712464439812
2.8255748731336863
1.6793580877940104
-0.7833420191750485
-1.90789981303301
-0.5090597325842563
0.5215213328318663
2.407449665763826
0.30884558845044896
1.4624926234526208
2.5311949241717886
2.626435015150075
2.92818765336785
-0.02213366927108321


-0.9985196737120499
-0.4155284082037545
0.992948015984827
0.9986838782930407
0.22978855325934622
-0.9813306722740505
-0.022763102552289437
0.23554209454389463
0.3086627367688356
-0.8084424130877682
0.6379573216907932
-0.041511104391183135
-2.799523531471087
-0.6338110315252068
1.3750030230453694
-0.6215843179713784
0.3729266711126452
-2.994953797903616
-1.8712891942679883
-0.39214561756036176
1.6842564779563203
-1.2938895099808263
2.4484358750089545
2.9295242490921747
-1.1409946379184277
-2.0834116171396078
2.960590098595075
2.2805932251246217
-2.2578024014462175
2.2003545032640766
-1.5520397342267214
-2.074881028288916
1.9467956253979375
2.3277708423930914
2.925526588848244
2.0287277117973375
1.3755759887940746
0.3846075706578478
-1.3510615553395064
2.8723783976315
-1.1262763140373435
2.8868608337225576
-1.6558479041175032
1.0120900030683537
2.8720877997248317
1.938337016588618
-1.776323274979267
-1.771401542268194
1.1965094224818962
1.423762430499206
0.43016693056586397
-0.06171418698841677
1.8501953617738836
1.9033201170731457
2.0789573392659597
1.4292612837250656
2.0814670887712303
2.1687052298257963
1.4651556180549772
-0.6812747225995855
1.2789628574638765
2.5635894539247874
-2.0885257456704505
1.379112971164762
0.5685637795433539
-0.02743144469424333
-2.520102839656221
0.5858144615740926
1.612448713129756
-1.9804931857727188
-1.0720044707658432
1.3635209603854486
0.8821931938856604
1.0697122388520373
-0.2916369010182493
-1.889244035154718
0.3865997330570601
1.5158435952228189
-2.5320657293211473
-0.6836694168106537
-1.756105798625865
1.0779088535222683
-1.9908666241725674
-2.5691325708432737
-2.7553214417245186
-2.8417379322320766
-2.392107476332979
-0.6276341780180505
-1.7542360680624995
2.7504643503265864
2.3476957032869126
0.9616058465412902
-0.11202339670977596
2.91611231786581
-0.8335707286016345
1.8768549552582292
2.2852155852113025
-1.5799195036240035
0.5080239982189068
1.9077719507162816
-0.7461908947101104
1.7820952987333003
2.6464398243342746
2.03127823980283
-0.07333716589504377
-2.510339235975586
-1.4191380415732429
1.0753276053165628
2.385809944020715
0.3324378831809486
2.061754130972511
2.791483226344094
2.5592968299485293
2.954727875019721
0.8256929685290496


-0.9999878617849937
-0.5421543204226154
1.0
0.9999838614415257
0.41150292032723607
-0.9937689149277058
0.4609655118365352
0.8755639460317288
0.49457642264401164
-1.0
0.7066140460245295
-0.26175155046798965
-2.9990612911492396
-1.074848221478502
1.7580491557786764
-0.45583756142523846
-0.05945916441513832
-3.0
-2.1181987903784605
0.947803973252695
2.3892473247766577
-2.8823273792049777
2.9431758330013
1.0851791957428003
-1.663952896601931
-2.154782282249328
2.9994484403840844
2.5685681971858925
-2.7718339089723987
2.8579996727134747
-2.9749090608356528
-2.7242906423787665
0.9300501297014445
2.5285406013326632
2.9995009208182224
2.3047316607256585
2.351265172709135
1.189383474331862
0.40977001346890807
3.0
-0.8710906290690843
3.0
-1.9317485535656806
1.3131925411327643
3.0
2.9911480687270835
-2.4048807600350086
-2.38581766624236
2.334027028770999
1.8282684864824568
-0.09669780914514926
-0.5793713135676014
0.36441791430994036
2.56415752060282
2.815944624791682
1.766098931233643
2.3100222901181144
1.1002778044793107
1.3797457361895873
-0.3492931339155022
1.0803530889182564
3.0
-2.2452977262864047
1.3663014201351324
0.3415130267449394
0.10212669623554016
-2.798726709373685
-0.9823149949225294
2.2288557413213246
-2.5612382402989122
-1.419538792485862
0.7672790498730206
1.3130771091136368
2.8868801506320594
-0.42878619814926433
-2.484631955818156
0.1275671221835267
2.3128675750675645
-2.6172635423091624
-1.4391589213196991
-2.0634721707749892
1.572245327855399
-2.9643800065503423
-3.0
-3.0
-2.740971721246471
-2.388564617914038
-0.5618783737244891
-2.5482599792857226
2.9805344741093815
2.9995876973362714
1.0765145202905058
-0.0708536358458486
2.999716210974511
-1.2742361699161098
2.2772880990498434
2.615798146679647
-1.2654821841161334
0.008171144820054857
2.6477902884751945
-0.7824827281640512
2.0727402189742397
2.946807872008019
1.8906122053608048
0.13827596366151004
-2.557175616520078
-1.2803139815136455
0.7563013829082904
2.977802860780519
0.3381501777544657
1.4568435401913398
2.8625810012633512
2.4513709559583816
3.0
1.2507240368051915


-0.999799025950424
-0.5532558700137349
0.9986807345515746
0.9998626575517928
0.8593387924725073
-0.9988942170275749
0.8505964003989603
0.11791427017856428
0.9457278868821604
-0.9814207841875766
0.7499237822633018
-0.587543442205128
-2.9919817527803514
-1.0123630602772142
2.9084057610592424
-1.1599814480320876
2.8721218794946712
-2.9997378131847405
-2.739701430775024
1.4930244214915074
2.8942599274266625
-2.4127111870289455
2.950183961111155
2.868517667229322
-2.8944937085323086
-2.3987373854295706
2.9940105920713846
2.9546124294397877
-2.9393701541344672
2.9476257531610073
-2.9003355495149115
-2.900379146986745
1.2651022307347137
2.9752259671640027
2.9908242656817365
2.2731516105428384
2.884910396833881
0.9945509206408175
-0.36334333353437076
2.9607796620600184
1.8147041471191525
2.993774471110041
-0.8534454363488689
1.9894052392408776
2.982386799651715
2.91511131763996
-2.886073258766689
-2.9116337726880768
2.9049857570149364
2.1169232521545873
0.03825033680421218
-1.8648667612576895
1.0305364460109137
2.906256382169093
2.9310632293638337
2.6995620179000652
2.929398729864282
2.269750253451228
2.9326833970251176
2.3723551193080064
2.1521330623033155
2.94906643284203
-2.2022191635513937
2.930706784524189
1.492514748672708
0.3872529580705069
-2.982141521918756
-0.4464095936756807
2.899728523973218
-2.570055389775856
-1.7397385658332207
-0.20483731925386778
1.8053420564270986
1.8190882616446895
-0.696547240786768
-2.9152548879612583
-0.3113806376479058
2.8991784819497695
-2.723009976096255
-1.5399396697658536
-2.576215389145742
2.10879505848001
-2.728374590212546
-2.974187261732318
-2.971334470695867
-2.956644521224081
-2.6386834591357005
-0.48828254513815567
-2.9270376540750083
2.8833425690416563
2.9594959576004425
0.27282142337555504
-0.14585279321182723
2.993734758468751
-1.5602918097126308
2.6416796193962266
2.948335348287857
-2.9184908247591403
0.3712788759925598
2.9307239155294664
-1.2886348632300249
2.919536896039084
2.9650445728636052
2.832954990331511
0.07592279622644224
-2.945116502507666
-2.634515372867565
2.438416239998417
2.900288637848136
0.32125997468721645
2.9311912899591426
2.974488055580808
2.3813074748791117
2.99569610371454
2.0926526058303883


-0.246704125
-0.130923092
0.729126981
0.535021007
-0.583759584
-0.538116419
0.082772629
0.660923826
-0.530636789
0.277931943
0.358800061
-0.310933527
-0.372548889
-0.182081202
0.90098658
1.510911486
-0.943331091
-2.226510439
-1.223403105
-1.334771824
0.610461785
0.066887883
2.08619749
-2.194591541
-2.214969214
-1.367222635
0.210246012
-0.490731036
-0.12452842
0.558845493
-0.271524118
-1.86245086
0.934907029
-0.188144404
1.125257836
2.282293232
2.410028779
2.028730568
0.587661134
0.51559992
-0.647156848
0.228532558
0.320482518
0.224625666
1.96370771
-0.342547805
-0.006815323
-0.303844638
0.930758936
0.82844439
1.42234694
0.975752216
0.477059862
-0.076004381
1.198352401
0.041066946
0.540125577
1.044843186
-0.943710336
-0.690824108
1.063751871
2.349498444
-0.695199121
-0.463729456
-0.528361689
-0.160323785
-2.249789384
2.715267105
-0.247304802
-1.289358223
-0.123831829
0.018053612
-1.026245572
-0.231073576
0.996124437
0.068672431
-1.068890136
-1.582538845
-0.711471917
-0.948140217
-1.655053831
0.440844338
-1.099087413
-1.187712719
-2.364812331
-0.715338889
-1.662985959
-0.747306254
0.231562555
0.659805585
0.068421367
-0.051513421
1.500804006
1.810781128
0.609824039
1.334174149
1.210718889
-0.960646796
-1.632954315
0.230295616
-1.241956367
2.202016634
1.300732149
-0.594743963
0.10747368
-1.774892537
-0.06999429
0.346342117
-1.310114349
0.35823166
-0.32434891
1.879751934
2.901386658
2.882349909
-2.30348141


-0.598738743
-0.214647934
0.470727106
0.350868723
-0.541626418
-0.895172742
-0.281047361
-0.659399713
-0.181713933
-0.588154923
0.90669624
-0.312000906
-1.500963803
0.112117249
-1.278319284
0.360090139
-1.090054674
-2.827691857
-1.536203562
-2.297573359
1.322591089
0.400629567
1.670616949
-1.540575375
-1.393723003
-1.684376066
1.835798804
0.16244302
-0.483280096
1.110488834
-0.077282913
-0.546720758
-0.179141433
1.845467047
1.414016515
0.096565811
2.506440295
1.275242958
-0.215752828
1.795482485
-1.00080574
1.789635455
-0.395043982
-1.27359373
1.549997074
-0.003337106
0.40546897
-1.141967061
0.331132709
0.34523491
-0.479756247
0.132397554
-0.241587938
-0.467390988
1.192344181
-0.103827418
2.236904596
0.663616715
1.321561413
-0.352696663
1.28156822
2.028998093
-0.290064102
1.361207286
0.316681786
-0.400558502
-1.174570722
0.943156196
0.504097313
-1.742997326
-0.069093518
0.637590257
0.298476822
0.453790195
0.185041189
-1.785019864
-0.289209234
0.35154604
-2.081529258
-0.406391273
-0.530710048
-0.994939657
-0.33886368
-2.140707156
-2.052480152
-1.681403236
-1.537359523
-0.996667176
0.325193509
0.503896275
-1.0471885
0.843307387
-0.656969862
2.312572756
-0.161667158
1.692105636
0.945140276
-0.091059043
-0.593163441
0.720686435
0.401564968
1.00753216
1.981266634
0.354341254
0.050425605
-1.497552604
-0.545217786
0.088514692
0.837842385
0.138559449
1.40599304
1.616128223
2.791514916
2.683608651
-0.053967346


-0.732047602
-0.404199911
0.774830272
0.463153265
-0.706836505
-0.955910975
-0.672434077
0.226043196
-0.69513235
-0.354064854
0.768150047
-0.150741091
0.161245148
-0.221874327
1.43115204
0.016805982
0.789033352
-1.002114607
-2.196668811
-2.197066962
2.055938948
-1.111635843
2.280187856
-0.286213077
-1.071408038
-2.368322961
1.240379872
0.199008941
-1.302883247
2.309525518
-0.101600946
-1.317256377
0.81255946
1.226612305
1.846225916
1.109008202
1.936775365
2.047976265
-2.396197044
2.091091537
0.448575633
1.891356329
-1.026089259
-1.850103883
2.518364711
-1.772981455
-0.597051149
-0.088663791
1.246588221
0.426996482
-0.918727708
0.916693024
0.732735616
-0.868466677
1.804965433
-0.522365254
1.235086053
1.218605161
0.407294421
-0.154043121
1.862707171
1.980169499
-1.494715722
1.013979568
0.667236591
0.270857556
-2.752343819
0.817931883
1.524869376
-2.104438611
-2.026989578
0.011335072
-0.92791504
0.235495075
-0.90543509
-1.354606197
-0.861357048
1.071981277
-1.108338959
-1.533479284
-1.205166383
0.772094192
-2.078930094
-2.048172052
-2.434468326
-1.549033256
-1.952704786
-1.614004315
-1.608302169
-0.807378469
0.961957916
-0.596867924
0.027704472
2.62829424
0.611361676
2.154620976
1.549997609
-0.471513934
-1.34892549
1.208783421
0.818951048
0.576287353
1.996886853
1.749083661
-0.12538736
-2.259739888
-0.807636507
0.885797984
2.317568746
0.209887455
2.01215691
1.941272185
2.626135749
2.713979863
-0.143351061


0.425751363
-0.027001102
0.042803107
0.032659372
-0.343108122
-0.935976169
-0.660146956
-0.405226308
-0.433250979
0.269588814
0.544133049
-0.199783599
-0.629399662
-0.016384101
-0.180584978
0.542820998
-2.299730655
-0.60011736
-2.179804781
-0.625820906
1.152131369
-0.664447359
1.478071318
-0.727663243
-1.548203945
-0.953799076
0.731190233
1.136666072
-0.108573825
0.890424448
-0.739509984
0.405851804
0.323567595
0.090242096
-0.382464047
0.309744824
2.277372399
0.894364824
-1.370255891
1.026389475
-0.206330329
0.570332939
-1.608813752
-1.621603309
2.040549369
-0.916127906
-0.312567197
-0.524249346
0.10405913
0.686307131
-0.486469659
0.181484927
0.721145108
-0.482976036
1.198424887
-0.234564085
0.393858885
0.310549949
-0.707627805
0.070956795
0.732850756
0.210682927
-1.053945372
0.303914444
-0.496213107
0.416184755
-1.44213159
-0.10110634
-0.943637315
-1.30647079
-0.341878384
-0.990628013
-1.363373614
0.187063485
0.502580593
-0.922136782
0.023448102
-0.652725722
-0.703904166
-1.230352574
0.278995302
-1.248051758
-1.273172396
-0.626336494
-2.462455566
-1.938895074
-1.431983819
0.005107802
0.80690348
-0.88457193
0.884981782
0.202679215
-1.397213957
2.678823011
-0.173823869
1.439970739
-0.789893222
1.593784175
-0.051298922
1.518212579
0.613376777
0.336617551
1.392707275
0.615937356
0.122657449
-0.934329156
0.024157935
-0.076626891
1.37220961
-0.071696044
0.4806271
0.380239809
2.944912889
2.75317892
-0.41290476


0.475033066
-0.02123609
-0.404044918
0.124150033
-0.278625163
-0.920196879
-0.395847059
-0.453231843
-0.457587269
0.893892832
0.545574459
-0.187521095
-0.70937977
-0.450712959
-0.181555604
0.49844686
-0.93920425
-0.409118966
-2.083085069
-0.70296657
1.172903147
-0.599124125
1.439656676
-0.707234162
-1.309552073
0.462294115
0.750531338
1.046744508
-0.33753828
-0.963297941
-0.72772165
-0.158522106
0.315432259
0.067148427
-0.329934881
0.321737737
1.118002952
0.683753027
-0.318064386
1.086973497
0.355275155
2.229262491
-0.249813334
-1.62452513
1.187483821
-0.994150497
-0.081169622
-0.517900538
0.107386025
0.644451963
-0.438509158
-0.096711885
0.644818686
-0.549698428
1.191139806
-0.284892018
0.370152174
0.411699856
-0.655604703
0.053536631
0.64748729
0.023137482
-1.050756715
-0.604938042
-0.587613853
-0.79315691
-1.332777445
0.975946681
-0.915892343
-0.407112695
-0.351451283
-1.055096776
-1.276980205
0.264152825
-0.239061887
-1.030056102
0.183843303
0.716866997
-0.781900282
-0.916011849
0.144692625
0.298754246
-1.235560783
-0.592497254
-0.782952183
-0.786248142
-1.410272864
0.031940125
-0.741247833
-0.886474409
0.412893276
0.185050911
-0.978228866
1.260043215
0.123971562
0.9748522
0.501596032
-0.392283175
0.136832383
1.581114769
0.596040161
0.227675371
0.606274972
0.711701058
-0.136288037
-0.922959213
0.032698687
-0.052461273
1.447829993
-0.163132967
0.610066694
0.460269895
2.806827997
2.797070316
-0.436293773


0.274531131
-0.360700762
0.10882313
-0.086233195
-0.488914273
-0.943728256
-0.382091869
-0.195644775
-0.514246574
0.556907335
-0.873691318
-0.381956887
-0.044771841
0.696151956
0.303871
0.019393968
-1.264930607
0.278603177
0.761827548
-1.283180807
0.808143166
0.226083545
0.997031711
1.124743194
-0.032789991
0.145178084
0.027125186
-0.068497156
0.214926621
-0.433293068
-0.059930605
0.065004824
0.69189669
-0.609561797
0.833525608
-0.316110046
0.073539774
0.560230057
0.382754371
0.03768333
0.30761979
0.041247375
0.468367593
0.047094305
1.142784159
0.715505146
-0.221191935
-0.119101686
0.202839559
-0.28062352
-0.34469696
-0.100055163
-0.275543258
0.006812885
0.9569264
-0.307597023
0.415738544
0.584065059
-0.452078675
-0.401433508
0.478129702
-0.416354448
-0.436335863
-0.02233889
0.155974865
-0.84391224
-0.525866671
-0.070243982
-1.110129373
-0.630584296
0.421191838
-0.093482771
-0.735676903
-0.224044035
-0.9511271
-0.688481368
-0.56790134
0.105611376
-0.645552679
-0.580042699
-0.061389663
0.715279821
0.138609403
0.014257142
-0.611292761
-0.008433868
-0.825987753
0.396282356
1.567845211
-0.183488412
0.357059879
0.282457453
-0.253915347
1.68274046
-0.110589818
1.140229655
0.167222194
0.494427235
-0.579969407
1.017835684
0.072188808
0.521980094
1.001670857
0.030688698
0.08614769
-1.029276512
0.398494204
-0.059834258
0.740099391
0.45210301
0.589153471
1.018965743
2.816549489
2.104161977
0.390596618


0.325529639
-0.098114847
0.454773489
0.092470211
-0.503606158
-0.617896918
-0.148892576
-0.061417887
-0.523063991
0.342567579
0.785755123
-0.332723729
1.44235271
0.399162455
2.259874764
-0.323588377
-0.821441947
-0.354127685
-0.80929162
-1.415226815
-0.364820885
0.001626172
1.04317835
0.012702769
-1.038552475
0.136847083
0.340123564
0.650689289
0.032311002
0.775868241
-0.569190579
0.191926586
0.77568701
-0.234574891
0.518100695
0.043262748
1.164442162
0.582025887
0.330020712
0.510393459
0.546873001
0.733042501
0.065702916
-0.477606648
-0.635796196
-0.189844892
-0.090709544
0.254071592
0.269082039
0.530494771
1.032420727
-0.117581822
-0.065288994
-0.566196572
0.94533734
-0.869669561
0.18038917
0.811624541
1.678147297
-1.099749725
0.975756395
0.597862017
-0.488057678
-0.404152246
0.181253568
-0.521659832
-0.90986452
0.509585553
-0.69821838
-1.251602764
-0.554469615
0.001417578
0.581879584
0.202884034
-0.733162678
0.061550799
-0.785913668
-0.518084663
-0.753391951
-0.807274906
0.028393134
0.191432782
0.091969105
-2.403545624
-0.734495073
-1.060285247
-1.216879874
0.029383006
0.888546029
-0.853963444
1.267699081
0.622878637
1.225780113
1.869584455
-0.580726395
1.697130535
0.585077809
-0.131860647
0.03202918
0.828107418
-0.158006522
0.266452817
0.810563519
0.509546337
0.233080422
-1.141494801
-0.17678178
0.134730877
1.235618101
0.405593628
1.0592371
1.260170203
2.957576199
2.565727585
-0.434251996


0.065853054
-0.27105607
-0.335747132
0.177049625
-0.552906961
-0.958825047
-0.111189474
-0.178572393
-0.569666947
0.187044879
0.993021864
-0.022395696
-0.361187706
-0.163498028
0.095304092
0.358114199
-0.515271367
-0.485945882
-0.761741537
-1.156538725
0.737659463
0.42059322
1.055470972
-0.267703868
-0.897553337
0.522843919
0.201283039
-0.735025874
0.144742808
0.462111901
-0.2751286
0.704913509
0.267860097
0.208749289
0.390529854
-0.054141766
0.245625478
1.091522603
0.195086267
0.269857514
0.356062943
0.344379759
0.300247007
-0.508021656
0.245173807
-0.86288362
-1.045423285
-0.550015464
-0.761993576
0.723095031
-0.623102844
0.03997802
-0.026252661
-0.30063506
1.133529642
-0.465577686
0.829738503
0.755443499
-0.158479862
-0.613132608
0.808114308
0.166515598
-0.32727815
-0.455768204
-0.249284438
-0.998332605
-0.730216933
0.597518721
-0.491517368
-0.76421094
0.251163057
0.126559594
0.147898605
-0.261790835
-0.505023854
-0.176897906
-0.143228794
-0.084007382
-0.405638494
-0.495463317
-0.322345135
-0.082270358
-0.601051449
-0.390234611
-0.270100948
-0.775515707
-0.959547524
-0.118014698
0.346732897
-0.602990429
0.400677588
0.418092124
-0.032968191
0.576993521
0.281165686
0.550439805
-0.020229234
-0.005497201
0.067130796
0.835694162
0.440370575
-0.196590373
1.004251123
-0.427815749
-0.006626981
-1.285217003
0.498942706
0.098305051
0.050686458
0.350471417
0.709730705
0.436466044
2.707263243
1.821344605
0.491224316


0.083213978
-0.301692941
0.262200445
0.079349409
-0.772644097
-0.897405445
-0.645942636
-0.050953007
-0.452086654
0.296563935
0.41497367
-0.329749986
-0.181782791
0.597678002
0.460209355
0.306614981
0.46076779
-0.93092824
-0.159079263
-1.344857934
0.234335672
-0.086511667
1.272284524
0.29921341
-0.569820825
-0.364751215
0.224278707
-0.113342064
1.362421057
0.173742291
0.477899856
-0.375075833
0.725161976
-0.332234213
0.829151911
-0.721812385
0.623452333
1.105850746
0.008855752
0.663494458
0.337157786
0.315654752
0.380096326
-0.310702026
1.183566129
0.109973078
-0.121186939
-0.143111652
0.945978226
1.047689172
1.221283406
0.205418229
0.092079587
-0.152396837
0.943114973
-0.045391622
0.69645327
1.128786228
-0.280938911
0.556824737
0.811109033
0.357945174
-0.569156244
-0.363444779
0.13368261
-0.632636269
-1.02707207
0.588783639
-0.499713021
-2.113948588
0.024954028
0.09845539
0.37517271
-0.150933947
-1.333081824
-0.585854316
-0.601749232
-0.460420412
-0.735243639
-0.645070397
-0.410738292
0.047141709
-0.410663063
-0.391055383
-1.466671035
-0.336604358
-1.126951952
-0.108786186
0.301256822
-0.138966448
0.210738774
0.301348411
-0.277870301
1.217290366
0.037425947
1.436691025
2.172549026
-0.106595724
-0.678337499
0.366843486
-1.388860587
0.728486709
1.13585332
0.186653492
-0.47018676
-1.185460036
0.063028564
0.126384332
0.941626756
0.363640006
-0.457572055
1.15908126
2.925147269
2.298106059
-0.145641005


0.098021068
-0.123878632
0.429446166
-0.130438231
-0.548156231
-0.980785604
-0.581106021
-0.051935842
-0.204048606
0.217609506
0.423768521
-0.264761479
-0.489895418
0.130161461
0.741457629
0.555804798
-0.428853042
-1.721791495
-2.389897495
-1.200760772
0.546832013
-1.667575069
1.171563151
0.435733095
-1.319257992
-0.443181768
0.651415038
-0.196749499
-0.309140894
0.033556711
-0.485966171
0.5912075
0.538655012
-0.710426433
-0.527452618
-0.404526508
1.234102666
1.093894156
-0.345821352
0.934929004
-0.973702682
0.51456117
-0.083760438
-0.956554064
0.80949638
-0.728270225
1.533192904
-0.407329753
0.281265595
0.432689324
-0.315941618
0.307694138
0.55062609
-0.644758689
0.779374701
0.010191798
2.273031138
1.217470285
-0.037536638
-0.309292545
0.728287989
0.732673858
-0.251731327
0.905312473
2.546361384
-0.524101294
-0.34441379
0.973642042
-0.167469888
-1.70755126
-0.517171194
-0.131177043
-0.582292041
-0.005955741
-0.850529609
-0.532333042
-0.265695002
-0.47102413
-0.716873475
-0.940471782
-0.726869276
-0.460386291
-0.840525813
-0.879789813
-1.507785361
-2.350945012
-1.424144822
-0.369985368
-0.448610547
-0.135236404
0.194924595
0.108147923
-0.737794565
1.89683216
0.147753261
1.847129715
0.728655442
0.133368113
-1.278989685
0.203212861
0.078319965
0.763079573
1.089581456
0.545807331
0.185512199
-0.860339094
0.345052048
0.090501099
2.12550032
0.120036242
0.742197819
0.757705502
2.834620853
2.655331416
-0.332785337




1.232402, 10.78131, 3.0, 0
1.3456, 7.051203, 3.0, 0
1.600562, 3.995588, 3.0, 0
2.073349, 2.424716, 2.0, 0
2.533544, 2.206118, 2.0, 0
3.144117, 2.002887, 5.0, 3
3.84479, 1.83472, 5.0, 3
4.364081, 1.790524, 5.0, 3
5.092475, 1.704302, 5.0, 3
5.879462, 1.66061, 5.0, 3
3.185533, 2.662885, 2.0, 1
2.867567, 2.550006, 5.0, 3
3.710313, 2.609775, 4.0, 1
2.704248, 3.477549, 4.0, 2
2.25879, 4.493919, 3.0, 2
1.789543, 5.030647, 3.0, 1
2.209045, 3.832588, 2.0, 1
1.626573, 6.138903, 3.0, 1
1.997342, 3.480805, 2.0, 0
2.400705, 3.032714, 4.0, 1

