0
20
44
18
8
1.6039614360340548
4018.7730325274174
4850.457388304774
40.90387148199325
1
-9.088454572251507
1.9642000105442762E-4
1
0.40048917329244194
0.0018122606057961064
7399.655575704145
5299.604297279546
-9.557933470216227
-9.193854863364061
-9.007569124095667
-9.070154236925188
-9.467320622040292
-9.354374538727175
-9.533781997080315
-9.343257604061025
-9.297951361535812
-9.758012493047339
-9.278372929009265
-9.249551665624281
-9.053193436063028
-9.36213607788105
-9.809178880276981
-9.205003206726758
-9.04161019323252
-9.56051020047941
-9.461783326382612
-9.002195874577396
-9.857746440881716
-9.816999173136143
-9.32913159336363
-9.797982923774727
-10.26770264807237
-10.205177098226637
-9.417855636092556
-10.194178484890212
-9.919235175429478
-9.558593980518635


17
8
1.4100016475847377
4007.1425810825544
4825.228244174297
40.70496891789717
1
-9.771943138894756
1.9387685563881273E-4
1
0.40047862281788726
0.0018110565333276944
7399.659413195975
5299.603093896453
-9.594395042707333
-9.19999749516978
-9.00584619616774
-9.074471216996434
-9.48589087294119
-9.352175774708556
-9.536844039339826
-9.343391798994974
-9.310194262694619
-9.757910694966746
-9.280737699809157
-9.193167390319237
-9.05075325039636
-9.376888800392727
-9.778612765328958
-9.270715273742638
-9.09825183556272
-9.472257402297139
-9.461107365359533
-8.989950696225776
-9.848616039780968
-9.80508038317569
-9.304953808437972
-9.798887060172913
-10.253216716546776
-10.232567793055066
-9.396801370565987
-10.239884944056286
-9.924043449069929
-9.989442797664257


14
11
6.983350148546253
3699.977228141636
4698.594921002134
56.59184464814268
1
-9.854768483408732
7.307826589252922E-4
1
0.4008706892190994
4.653000298429999E-4
7399.6206994872655
5299.590529033881
-9.411040172815744
-9.318537236569796
-8.981736220450745
-9.084627981638015
-9.557653421493683
-9.355155410285448
-9.487921770925897
-9.379758845875502
-9.132049990744964
-9.747575166543815
-9.292940751344661
-9.419021254115036
-8.96753107500687
-9.302756824401754
-9.699354229166577
-9.276512743690809
-9.05655764680165
-9.619967089773619
-9.444221940926713
-9.132907427636926
-10.00033027071709
-9.798394762817049
-9.314797782355388
-9.833424440447594
-10.49608002353601
-9.789737894739043
-9.382754861081441
-10.222340743649832
-9.776245135068631
-9.924769795980312


12
4
10.0
3766.1473784993377
4838.888104512323
62.61287945891469
1
-10.180886348922446
9.907883066647533E-4
1
0.4008889211718827
1.6710995045581169E-4
7399.5799433445245
5299.594211431664
-9.064833326504367
-9.122122313229667
-8.988759089557362
-9.049419868413121
-9.49966519376695
-9.373547740965417
-9.453984916241168
-9.388853318607046
-8.986645740344404
-9.745563332742579
-9.276916591877534
-9.618792595633154
-8.962062367494017
-9.152032124342567
-9.806509024643336
-9.429489845475
-8.950102576280052
-9.666032387752178
-9.444881096908771
-9.273960231731486
-10.118989383437661
-9.913241078303624
-9.656939612210238
-9.833908159929276
-10.677887988686761
-9.50025459784947
-9.34914932627051
-9.9095830015024
-9.696567365114586
-9.949145892521468


6
3
8.567227290907491
4034.057291973428
5153.651962930831
54.594854989286205
1
-9.805822161351044
8.83127269207863E-4
1
0.4008667784013365
5.281618242570941E-4
7399.563974779008
5299.612897058596
-8.80794218608448
-9.127952834604846
-9.021991282914108
-9.001144607254975
-9.198706620067261
-9.394533189045903
-9.449559252233735
-9.364365845639034
-8.97046835449645
-9.753129866006683
-9.245029601219208
-9.663410503334482
-9.041750404273316
-9.056196234832658
-10.114750935003942
-9.067253607502089
-8.957748215850769
-9.650007821638482
-9.462651606098394
-9.30770078519859
-10.114836361100641
-10.02726876648051
-10.071350185617934
-9.800296994993925
-10.675340959847423
-9.562799290379434
-9.327776633242216
-9.397334036170014
-9.740379348322445
-10.03973943029402


4
1
9.81409916842515
4039.1061597163853
5210.696890635812
57.005952023253286
1
-9.809798066305072
9.993280557312816E-4
1
0.4009342119276276
8.585280277119501E-4
7399.547295433494
5299.614668977787
-8.670347144552897
-9.115265014186058
-9.05703538308807
-8.985609083061627
-9.147867850975173
-9.401956295434521
-9.43430976028228
-9.367988136409943
-8.91115726848319
-9.752307181609666
-9.238751336170823
-9.727665653474181
-9.04030586526987
-9.00013102910204
-10.1730245348312
-9.050333276891472
-8.951582178439724
-9.666146848638576
-9.462948292593818
-9.363183782134506
-10.161275208667249
-10.066295403169253
-10.211499512094864
-9.800433023932802
-10.748975105909516
-9.447299177879177
-9.30581076158458
-9.279718796680658
-9.708400821946661
-10.32619717100531


12
1
9.67599737156526
4157.065586019128
5360.531227123571
54.6597939707351
1
-9.701914134798818
9.855240438799919E-4
1
0.4009320189031097
0.0011438652153591801
7399.773400986064
5299.62396025474
-8.511621511643229
-9.090125610771626
-9.03949503767183
-8.963245923863022
-9.015452193512322
-9.41333924190428
-9.42724006996127
-9.359392218162503
-8.882231433519587
-9.755084702569592
-9.223295103373687
-9.615649013713313
-9.072004855643929
-8.938075829201955
-10.47895678158068
-8.116880798830778
-8.929750355391018
-9.666595351888319
-9.470300034881816
-9.398545692235048
-10.17771171868103
-10.128798090893948
-10.433487737200071
-9.786784320250613
-10.776022731461692
-9.42882736647583
-9.280565969815529
-8.990407993206947
-9.714047725727324
-10.140092000700317


13
1
9.669996739344233
4171.467598595613
5379.257732753585
54.39529544579156
1
-9.68887045182033
9.885305533048367E-4
1
0.4009323142082506
0.0011773655661921638
7399.532821782162
5299.625108938219
-8.491118758463296
-9.086926949387285
-9.04130021898369
-8.960088092831205
-8.998915652388956
-9.414788222127191
-9.426248611104196
-9.35837798002308
-8.878199169176769
-9.755415447253206
-9.221360465105683
-9.60240527139997
-9.075848019347315
-8.930039438325345
-10.516460765764077
-8.0
-8.926901028277818
-9.666790087212064
-9.471196887799564
-9.40332857431517
-10.180114115811334
-10.13674204136967
-10.46166023434279
-9.78512571221352
-10.779951166818815
-9.425567040606584
-9.277389743512476
-8.9576258940176
-9.71445749999068
-10.116780546424609


0
1
9.785112400612842
3983.6783609105787
5136.505077126278
57.920131171682385
1
-9.859927620999454
9.974629668126527E-4
1
0.4009301939613722
6.878618133250894E-4
7399.554506800992
5299.61019713783
-8.754727693141218
-9.127963056499702
-9.06023661710365
-8.99740557555292
-9.213468865674352
-9.396088192047843
-9.438751422737486
-9.37172801906985
-8.92909981238328
-9.751072685968886
-9.246434485379176
-9.775346703581947
-9.025621741568079
-9.033290489440063
-10.026000113700235
-9.488087306659562
-8.96208704774073
-9.66472680638417
-9.459495354055074
-9.342524628216157
-10.150125212491243
-10.034200970320924
-10.097365331584413
-9.80679227930196
-10.730836066530802
-9.46457530309356
-9.318600980276818
-9.421317730578709
-9.708161835023759
-10.385535940343129


0
1
9.785112400612842
3983.6783609105787
5136.505077126278
57.920131171682385
1
-9.859927620999454
9.974629668126527E-4
1
0.4009301939613722
6.878618133250894E-4
7399.554506800992
5299.61019713783
-8.754727693141218
-9.127963056499702
-9.06023661710365
-8.99740557555292
-9.213468865674352
-9.396088192047843
-9.438751422737486
-9.37172801906985
-8.92909981238328
-9.751072685968886
-9.246434485379176
-9.775346703581947
-9.025621741568079
-9.033290489440063
-10.026000113700235
-9.488087306659562
-8.96208704774073
-9.66472680638417
-9.459495354055074
-9.342524628216157
-10.150125212491243
-10.034200970320924
-10.097365331584413
-9.80679227930196
-10.730836066530802
-9.46457530309356
-9.318600980276818
-9.421317730578709
-9.708161835023759
-10.385535940343129


14
4
1.6363324699636106
6350.687281364672
7235.13515424288
85.54265155472183
1
-8.840732261796498
8.897360998991386E-4
1
0.4004523489195776
0.0016480050070459618
7399.522410369719
5299.57180972092
-8.577287858885757
-10.968240107616445
-9.448077490668705
-10.595443608112392
-8.910805203991
-9.058717478583144
-10.816657618124118
-8.017431894295049
-10.832902112432883
-9.590986655633694
-8.85529616743226
-10.147532188078811
-10.212052744059006
-8.556156310871625
-9.725042666810042
-10.446799606218084
-8.584379481983042
-8.100638820370524
-9.141107128692962
-8.555766424212836
-8.681168651248113
-9.793253986373651
-8.142043062686595
-10.604822133825822
-8.529419472164966
-9.02616486197914
-8.521151644607228
-9.343438349256852
-8.773772929906098
-10.391595107776164


14
8
7.048455230244338
5153.227397082224
3771.293628190934
56.10027233482327
1
-8.975660716050196
9.577484996898524E-4
1
0.4005745692957268
0.003834213790339297
7399.6698657440775
5299.055055210862
-9.869605821679697
-8.550093004705978
-10.78187142334136
-9.000642026799532
-9.008587743907986
-10.968366303696689
-8.70398203646099
-10.063447120964337
-10.056550755719034
-10.221037398853678
-9.07523401235525
-9.238135128572088
-10.346966098443326
-9.620496919025083
-8.395561449151373
-10.081246163617143
-9.650011070531566
-9.713588907103224
-8.2541469372977
-8.50229760999952
-9.535877566603858
-8.185519553867433
-8.435035977570177
-10.913803117753446
-8.362165758593044
-10.95142814132003
-10.13977197148175
-8.241208605644967
-10.94178998906957
-10.813578426108272


14
5
5.6390677589397935
4665.928549364691
2952.085834018431
88.90836952906292
1
-9.650302853208233
2.9781046884109894E-4
1
0.4001856711019671
0.004765258302852421
7399.407142660568
5299.4712826754685
-10.331195814463332
-8.459357579560614
-8.450841086704635
-10.026634388456129
-9.497500175272018
-8.516610339857442
-10.14060403873839
-8.29352307549684
-9.174794106260237
-10.37129084673269
-10.174923013452783
-10.691149786334986
-8.021532825661449
-8.942199870385414
-10.748155182044094
-8.253478816501993
-8.97816887916373
-8.778339117249306
-9.819345980321382
-8.234953628339905
-10.809422277493033
-9.146847480743315
-9.900000507284602
-9.458708037391562
-10.52589705662299
-8.577744493320992
-9.232873739964804
-8.730059976992507
-9.781875374293902
-9.923494883658368


14
8
1.5611902363964811
3468.46874703863
4988.244226010098
59.46599030916438
1
-9.785231262758447
3.658228686318127E-4
1
0.40030789146321516
0.00695146738416898
7399.554598034926
5299.954528180311
-8.623513777257271
-9.04121052135363
-9.78463501937729
-8.43183280714327
-9.59528267048552
-10.426259164970986
-8.02792841237178
-10.339538302166126
-8.39844279424987
-8.001341545249188
-10.394860813672292
-9.781752682124779
-8.156446224749253
-10.006540478538874
-9.418673919681941
-10.887925373901053
-10.04380042300877
-10.391289203982007
-8.932385744222636
-8.181484858830071
-8.664131192848778
-10.539113048237096
-10.1929933774647
-9.767688976615702
-10.358643298347586
-10.503007772661881
-10.851494066839326
-10.627830233380623
-8.949892433457375
-10.345478157286992


14
17
4.3048226626143995
7060.848154016814
4379.768968078709
57.783130651367074
1
-9.380445944700838
1.6178568416083263E-4
1
0.400941230379471
3.9284058725413853E-4
7399.112231882051
5299.504791680685
-10.746559799468484
-10.295651785381546
-8.78325326606281
-10.216237461674885
-9.301935184845012
-10.697312734333838
-8.365955202064644
-10.201492666861748
-10.727496774984452
-9.11118944969969
-9.73504741301377
-9.509943905348434
-10.75170616159629
-9.813518698781978
-10.4071177067684
-8.984585746407356
-9.846905702066685
-8.552439033190874
-8.593266363111908
-8.341891256766537
-9.10000440207806
-9.362316345755747
-9.314014677517438
-8.840746024832832
-10.860404528470315
-10.727217934639214
-8.995632996808794
-10.934519419512794
-8.445841211263472
-9.079528291697633


14
1
9.716945281483106
5863.388269734367
6415.927360070376
28.340750090214996
1
-9.515374398954535
2.2979808395154634E-4
1
0.40006345074071903
0.002579049519559086
7399.2596872862105
5299.988037170626
-9.038877806965907
-10.87750468247108
-10.11704715403198
-8.621435880362023
-9.399717680058515
-9.606961559447381
-9.253279620401518
-9.247507848827551
-9.951145462974086
-9.741240148216189
-9.954985213233277
-8.60054684584171
-10.88661951598061
-10.877859306935438
-9.077636399702762
-8.619032303806417
-10.912537290615207
-10.16538907522009
-10.706306171716646
-8.28842244255322
-9.954713317433804
-10.754581868546047
-9.60700759240102
-9.149727053463938
-10.693150814898395
-9.652481213980103
-10.614253413090283
-9.83228967590091
-10.613858315130429
-9.501511565326258


14
18
8.307557810178563
5376.089340060447
5596.719483941486
61.14884996696169
1
-10.190016580816057
5.698600680039541E-4
1
0.4006745525618605
0.0035100940320722095
7399.996964172899
5299.404264650134
-9.500467799749542
-10.786769257325714
-10.786016817395254
-9.647428197315136
-9.88863015612603
-10.155205550904652
-10.689901622678917
-10.477583848063537
-9.069388813515289
-9.891493596095202
-8.054674214330813
-10.053561458901125
-8.561186287902215
-10.199562258295769
-8.430230177298967
-9.791265001394748
-10.240695143950857
-9.230139285366175
-9.271505170036844
-8.021078416190122
-8.228258028322978
-8.71590979542193
-8.071972077411964
-10.694631973102055
-9.856882068224856
-10.278797610684551
-9.70735518157334
-10.32114104724845
-9.453943610947794
-8.611428067579837


14
2
4.22968042904727
4178.6296196907715
7632.877875933154
31.706469405809628
1
-10.32494499036627
6.378724528935067E-4
1
0.40079677292310856
0.005696302815365546
7399.144419577059
5299.887510140075
-10.792785807246966
-8.368622154415249
-9.11981075006791
-8.052626660705759
-9.986412651339533
-9.064854376018197
-8.577226041015791
-9.52359903002934
-8.293037501504923
-10.5215442946117
-8.27461201455032
-9.144164399394402
-8.696099642286537
-8.263902821745745
-10.100748914936814
-9.42571155879381
-8.306326687795897
-10.843089372098873
-8.384545023345066
-10.967609646680291
-9.082966988382207
-10.108175407619195
-8.364964992295544
-8.003612957029677
-9.689628309949452
-9.204060845321957
-8.32597550844786
-9.218911348340049
-8.621960714814751
-9.033411341208462


14
11
6.973312855265188
7771.008862756183
7024.402618001765
30.023609748012312
1
-9.920159717012146
4.3383526842252654E-4
1
0.4004301118393644
0.009137676316473928
7399.702053424185
5299.437773670252
-9.915831784754694
-9.623063418443165
-8.118428996753428
-9.837031270533892
-9.693065165699023
-9.33590799008453
-8.915252786005171
-9.385553484131929
-10.622091482239505
-8.631392243765687
-10.614798613891798
-8.872355622618056
-8.291359579133573
-8.07088104198885
-8.089192702023272
-10.522371931300112
-8.109432011557294
-9.004239246011224
-8.045425597530855
-8.128016044616755
-9.518840152908005
-8.931378660434364
-10.485986337051767
-10.076670005246807
-10.191389540072182
-9.42827105200277
-9.47011443841733
-9.525600489768737
-8.117909537324332
-10.7674614756191


14
15
2.895435332721875
6573.549142386508
3560.5610919498195
0.5812291868602394
1
-10.055088126562358
5.018476682132403E-4
1
0.4005523322006124
0.0013238850997672625
7399.849508798542
5299.921019160193
-8.208149747548635
-10.204916360236181
-9.4522228847226
-8.242229733924514
-9.790847616209042
-8.245556815198075
-9.802577204342043
-8.431568666097732
-9.845740170229138
-9.261442942282185
-10.834736414111305
-10.962958518407849
-8.426272888814411
-9.13522165014231
-9.75971143966112
-10.156818488699173
-9.175063555402334
-10.617189243336957
-10.158465406135592
-8.07454723040344
-10.373549112967234
-10.323644227928146
-10.778979207231865
-10.385650944470948
-10.02413582650026
-8.353534286640176
-8.08873476529185
-8.423370790860336
-10.285926551784321
-8.189444749247727



