5
20
115
-0.9778174241213345
-0.14790713169809774
0.6022023319203871
0.7818690377033926
-0.8038144030898542
-0.9900024460236376
0.2995141615037213
-0.10890112744021035
-0.15191641628009872
-0.3922874124656309
0.6270411264008716
0.14986981460416018
-1.4665937910565134
0.8090956329787434
0.3136799995960324
0.017423579837755998
1.262123337178875
-2.743787483640484
-0.15977204365206354
-2.2880334980071577
-1.288418597819448
-0.5732681589450442
0.8376183280343988
-0.021676269458507032
-0.027748188073876797
-1.0068020593568687
1.5870830172323425
-0.4840128714606562
-0.6043112619944295
-0.7542129051669536
-0.02173810047023037
-0.6710132895644428
1.3515206738940257
0.8987427527195256
2.0094875296608037
0.6829314440403798
0.35136283980250743
-0.43369539443141014
-0.425093349742775
1.2140119030173542
-0.17238371980380082
1.4653985047142462
0.8452099177409622
0.33367042225897786
1.2486051994646101
0.6455198234334067
-1.2605225678832574
-0.026231408328355608
0.8763639979048564
-0.1588113235540492
1.0142450389335198
0.5618131937390871
1.0121387166445637
1.2631034016191949
1.08714867193478
0.48645242830548946
1.5229946916944657
-0.16375398602426733
1.1295001067023638
-0.8018286913596936
-0.6771447066434698
1.670316628805814
0.10138349304020722
2.0435212992624012
1.1009454842890494
-1.0962422057975074
-1.1813645542690239
1.8115559809430857
1.5901289997832015
-0.9519978129541685
-0.08529191374645691
0.4967065779811334
0.6878584831700513
-0.09268766478820277
0.3482825134304463
-1.5692766103210494
0.9589378327178195
-0.7457025057248912
-1.0555851624548214
-0.1126506071208311
-0.5181420125947791
-0.29980790653758677
-1.2592063240844205
-1.5934188047028528
-2.3898592157112564
-1.5898849407293112
-1.4977354077921654
-1.0921895393751433
-0.31502608547198235
2.0914663872836052
-0.7239585150601058
0.6983699688428916
-0.24383915878277498
1.0746801620343598
0.048903824148598445
1.726393036465785
1.175498311881077
-0.5167673150396335
1.5135148443469084
-0.6264764557823661
-1.055697934995612
1.5043796068060695
2.0581427349320593
0.5002611357707518
-0.5187921797633905
-0.7013861774532341
-0.13238770914549647
-1.0564399148060586
1.5689871642408157
0.5480891731517293
0.7547650790648147
1.483416336040745
2.8671535661601357
2.5655798654319963
0.7371190750361076


-0.9236652794959277
-0.11893110752817214
0.5969421268071116
0.9963148057570048
-0.660778479324044
-0.9204164543708319
0.4368797188465746
-0.534122239241775
-0.6598080160150096
-0.40657903367565384
0.41213148010885653
0.5386914588149918
-0.7758899425962464
0.3899736655739817
0.12060652565813261
0.6369350468116292
-0.23388451858661766
-2.023312266581874
0.852260417044903
-1.189183390622455
0.4801248077616946
-0.4589989645850282
0.33331756878831564
0.06921186568426324
0.8496196984297297
-1.3189109175822282
0.9100302852137658
0.5972786047995854
-0.5514115038098947
-0.24858381156174106
0.12194504128057912
-0.3142528954119292
-0.5798360556770219
0.8970070356435855
0.7555837789104842
0.2050708071692187
-0.3413899772429193
-0.0974285049967661
-0.14887087597410328
0.9036971246598373
0.4453484285973099
0.6494737782822505
-0.16431046850930495
0.25317129742127786
0.3901827056122692
0.19950815946604278
-0.05966284206317315
0.8598752612616641
0.1035114838664502
1.0119554435922276
0.9082923117373185
0.21307403232256178
1.2535496586676014
0.9449618182889247
0.6578808779594216
0.32838449888046617
0.9751591971990792
1.0385558261238275
1.503850981382057
-1.0537244959082566
-0.6873075514516421
1.346740628215724
-1.1370175236863875
1.2054090296387663
0.7719802246181245
-0.4540323854877231
-1.385993972629994
1.5660925547216904
1.1826782725472638
-2.4709030052495127
0.07460667742818143
0.6617273823791392
0.6651742529434782
-0.46659532125144804
0.31554898235008594
-0.5584689094091441
1.2452425552358422
-0.6376308410544036
-1.7269813621195755
-0.3309075006032499
-0.8130073059211895
-0.5287298569064196
-1.5967800995251946
-0.7838024387270142
-1.450115515261679
-1.3665185160437117
-1.1722886135711967
-1.0979640593166788
-0.11864248013122672
2.855815007334807
-0.004437382813615306
0.7070623717973538
-0.3052919697269653
2.0714963735928715
0.4124541942843566
1.3729698789200464
1.5730155795386214
-0.33784918399436603
0.5767530266862514
0.47954567389428226
-0.6348468271276799
1.8614197504210535
1.7120769688992397
0.05391866760345266
-0.245975990759285
-0.4681118068433833
1.8334050742617155E-4
-0.3513608353763198
0.6189199676877649
0.5426205420950792
0.678357052514593
1.0858750751023007
2.9455117408868237
2.513614806966124
0.3484564854895742


-0.9778174241213345
-0.14790713169809774
0.6022023319203871
0.7818690377033926
-0.8038144030898542
-0.9900024460236376
0.2995141615037213
-0.10890112744021035
-0.15191641628009872
-0.3922874124656309
0.6270411264008716
0.14986981460416018
-1.4665937910565134
0.8090956329787434
0.3136799995960324
0.017423579837755998
1.262123337178875
-2.743787483640484
-0.15977204365206354
-2.2880334980071577
-1.288418597819448
-0.5732681589450442
0.8376183280343988
-0.021676269458507032
-0.027748188073876797
-1.0068020593568687
1.5870830172323425
-0.4840128714606562
-0.6043112619944295
-0.7542129051669536
-0.02173810047023037
-0.6710132895644428
1.3515206738940257
0.8987427527195256
2.0094875296608037
0.6829314440403798
0.35136283980250743
-0.43369539443141014
-0.425093349742775
1.2140119030173542
-0.17238371980380082
1.4653985047142462
0.8452099177409622
0.33367042225897786
1.2486051994646101
0.6455198234334067
-1.2605225678832574
-0.026231408328355608
0.8763639979048564
-0.1588113235540492
1.0142450389335198
0.5618131937390871
1.0121387166445637
1.2631034016191949
1.08714867193478
0.48645242830548946
1.5229946916944657
-0.16375398602426733
1.1295001067023638
-0.8018286913596936
-0.6771447066434698
1.670316628805814
0.10138349304020722
2.0435212992624012
1.1009454842890494
-1.0962422057975074
-1.1813645542690239
1.8115559809430857
1.5901289997832015
-0.9519978129541685
-0.08529191374645691
0.4967065779811334
0.6878584831700513
-0.09268766478820277
0.3482825134304463
-1.5692766103210494
0.9589378327178195
-0.7457025057248912
-1.0555851624548214
-0.1126506071208311
-0.5181420125947791
-0.29980790653758677
-1.2592063240844205
-1.5934188047028528
-2.3898592157112564
-1.5898849407293112
-1.4977354077921654
-1.0921895393751433
-0.31502608547198235
2.0914663872836052
-0.7239585150601058
0.6983699688428916
-0.24383915878277498
1.0746801620343598
0.048903824148598445
1.726393036465785
1.175498311881077
-0.5167673150396335
1.5135148443469084
-0.6264764557823661
-1.055697934995612
1.5043796068060695
2.0581427349320593
0.5002611357707518
-0.5187921797633905
-0.7013861774532341
-0.13238770914549647
-1.0564399148060586
1.5689871642408157
0.5480891731517293
0.7547650790648147
1.483416336040745
2.8671535661601357
2.5655798654319963
0.7371190750361076


0.015557221357913556
-0.22532378273302583
0.24900760065014943
-0.3556984059170286
-0.7037734440877509
-0.9165163035152687
-0.422560498027199
-0.12771523367227933
-0.40986765242223216
0.2376254178013078
0.19606448040202407
0.24549720720333418
-0.28261893851416986
-0.5674880565109017
-0.08446186450390591
-0.6619690787850294
-0.3983906351320609
-0.6459320663225316
-0.45877972157966757
-0.9966403263079364
0.452875114495811
-0.6743084646479969
-0.09905821513884408
-0.3283403368711288
0.29236127867291023
0.5193010973969658
0.0782485461445584
-0.09543562095949917
0.19416325413750884
-0.12968167317908375
-0.7171357527658397
0.46554245325711413
0.36961460163567744
-2.3280005035227695
-0.09727520352988864
-0.3071895940936662
-0.14674730252581128
0.759893761911956
0.35653324027461875
0.12437781190052115
0.08229525241793251
0.31987656911848955
-0.6424043958109693
0.44301555827719
0.37508261375337043
-0.5617909349204311
0.3970502679248819
-0.27955172851687593
-0.23353613094152942
0.6726706123051358
-0.4503695822890483
0.14930160111617477
0.17380579665272788
-0.33184090340495453
0.058305233444670326
-0.2982547932258372
0.6589862738256633
0.6557889759073604
-0.152076467453101
-0.18840059168861534
1.0751510582283497
0.16482486556615997
-0.20595583729009825
0.49774765927251474
0.2920434731499813
0.875564306303201
-0.6236112418951741
0.4047890556024378
-0.46332493524663104
-0.8067992120739493
-0.33628778167806084
0.046200734375204826
-0.12280325397712935
0.06084614956768071
-0.1699409812385253
1.8717741786747408
1.0628622561069923
-0.9678239048893941
-0.7144683599263488
-0.4190012191966147
-0.46521687443283327
-0.22757692782403405
-0.5957087847098487
0.5524926690767756
0.13187809099391912
-0.8483234102812731
0.04687754285436184
-0.04644851353670211
0.13309571160686479
-0.3217333635722529
0.11832212095400152
0.34174171215844573
-0.016877871091426837
0.3043021184566835
0.356990904260933
0.29440840740909924
0.4930202897987178
0.5032823835712152
0.5623462762127165
0.33157228188966303
0.044243418426627205
0.04797323879192687
0.6458990363073707
-0.674496601043161
0.27467702064503996
-0.6976636410000726
0.5569505070533151
-0.20924872582012627
0.02925316341058351
0.43398987972021924
-0.5381793141187081
0.36577749010078053
2.4483391649029063
0.3824276696684792
-0.15410809643191817


-0.9778174241213345
-0.14790713169809774
0.6022023319203871
0.7818690377033926
-0.8038144030898542
-0.9900024460236376
0.2995141615037213
-0.10890112744021035
-0.15191641628009872
-0.3922874124656309
0.6270411264008716
0.14986981460416018
-1.4665937910565134
0.8090956329787434
0.3136799995960324
0.017423579837755998
1.262123337178875
-2.743787483640484
-0.15977204365206354
-2.2880334980071577
-1.288418597819448
-0.5732681589450442
0.8376183280343988
-0.021676269458507032
-0.027748188073876797
-1.0068020593568687
1.5870830172323425
-0.4840128714606562
-0.6043112619944295
-0.7542129051669536
-0.02173810047023037
-0.6710132895644428
1.3515206738940257
0.8987427527195256
2.0094875296608037
0.6829314440403798
0.35136283980250743
-0.43369539443141014
-0.425093349742775
1.2140119030173542
-0.17238371980380082
1.4653985047142462
0.8452099177409622
0.33367042225897786
1.2486051994646101
0.6455198234334067
-1.2605225678832574
-0.026231408328355608
0.8763639979048564
-0.1588113235540492
1.0142450389335198
0.5618131937390871
1.0121387166445637
1.2631034016191949
1.08714867193478
0.48645242830548946
1.5229946916944657
-0.16375398602426733
1.1295001067023638
-0.8018286913596936
-0.6771447066434698
1.670316628805814
0.10138349304020722
2.0435212992624012
1.1009454842890494
-1.0962422057975074
-1.1813645542690239
1.8115559809430857
1.5901289997832015
-0.9519978129541685
-0.08529191374645691
0.4967065779811334
0.6878584831700513
-0.09268766478820277
0.3482825134304463
-1.5692766103210494
0.9589378327178195
-0.7457025057248912
-1.0555851624548214
-0.1126506071208311
-0.5181420125947791
-0.29980790653758677
-1.2592063240844205
-1.5934188047028528
-2.3898592157112564
-1.5898849407293112
-1.4977354077921654
-1.0921895393751433
-0.31502608547198235
2.0914663872836052
-0.7239585150601058
0.6983699688428916
-0.24383915878277498
1.0746801620343598
0.048903824148598445
1.726393036465785
1.175498311881077
-0.5167673150396335
1.5135148443469084
-0.6264764557823661
-1.055697934995612
1.5043796068060695
2.0581427349320593
0.5002611357707518
-0.5187921797633905
-0.7013861774532341
-0.13238770914549647
-1.0564399148060586
1.5689871642408157
0.5480891731517293
0.7547650790648147
1.483416336040745
2.8671535661601357
2.5655798654319963
0.7371190750361076


-0.05721566275315495
-0.21965237466994422
0.27488202714607507
-0.2723622103337654
-0.6762411498664955
-0.9218997694179554
-0.4098464892046114
-0.12633694525037267
-0.3909705973186947
0.1914791087469071
0.2276370735385441
0.23849171215558612
-0.35378690427994697
-0.46664194999880454
-0.055294689895849264
-0.6121979642947718
-0.2767442941249427
-0.7996172744774099
-0.4984883375995515
-1.0465210253113677
0.3943337656559645
-0.6669064290807205
-0.030438934552095245
-0.3058746651928659
0.2689106206231659
0.4075014569759011
0.18878311294365682
-0.12390210875200351
0.13566841164021767
-0.048528694036649715
-0.666192140512476
0.3822803730998142
0.25381200381776065
0.06245500859068959
0.05706253896205721
-0.23465506354975674
-0.11025662720288867
0.6724535139188151
0.2992726472925788
0.20420249415628672
0.06363791762952875
0.4037954968313857
-0.5334243805319876
0.4350051254080046
0.43907534619088556
-0.47334546643221254
0.27561938941909375
-0.2609939261932982
-0.1522267943090943
0.6117577041348906
-0.3430744841277846
0.17952147683077657
0.23522059590364558
-0.21499808121158714
0.13367649911810864
-0.24076851858263085
0.7222820150152521
0.5957506960256357
-0.05819041556430819
-0.23333925829440494
0.9467809440869606
0.2751145514515405
-0.24799491573432103
0.6109883247926803
0.3513022156412737
0.6920918141214412
-0.6644712712392538
0.5078463330304409
-0.3128925018022993
-0.8174362068905905
-0.31790026464964755
0.09737151755906406
-0.06341559704510866
0.049598531632092456
-0.13197683700270804
-0.18669792378794126
1.055248935136875
-0.917458744959721
-0.739457978547797
-0.396558510706516
-0.4858962687342278
-0.2328684426287173
-0.6443154506446231
0.39528695851765766
-0.01466774386746253
-0.9026489072748936
-0.06627809260040224
-0.12305766682027117
0.10026709477546816
-0.1449465826682889
0.0566181189517356
0.36786767270368265
-0.03350465692900275
0.3607386626569261
0.33442098516830726
0.3993130895785322
0.5430174326041795
0.42855533185677885
0.5676616842198656
0.2613873118215715
-0.03633635578630406
0.15466701472072825
0.7493575325396948
-0.5884359098137251
0.21654885879813968
-0.6979363474911613
0.5064507984599224
-0.27131246631981226
0.14205137555966854
0.4423485938225308
-0.4434604757475048
0.4476537515734884
2.672186855487771
0.5423615701985004
-0.08881835709637469


-0.9236652794959277
-0.11893110752817214
0.5969421268071116
0.9963148057570048
-0.660778479324044
-0.9204164543708319
0.4368797188465746
-0.534122239241775
-0.6598080160150096
-0.40657903367565384
0.41213148010885653
0.5386914588149918
-0.7758899425962464
0.3899736655739817
0.12060652565813261
0.6369350468116292
-0.23388451858661766
-2.023312266581874
0.852260417044903
-1.189183390622455
0.4801248077616946
-0.4589989645850282
0.33331756878831564
0.06921186568426324
0.8496196984297297
-1.3189109175822282
0.9100302852137658
0.5972786047995854
-0.5514115038098947
-0.24858381156174106
0.12194504128057912
-0.3142528954119292
-0.5798360556770219
0.8970070356435855
0.7555837789104842
0.2050708071692187
-0.3413899772429193
-0.0974285049967661
-0.14887087597410328
0.9036971246598373
0.4453484285973099
0.6494737782822505
-0.16431046850930495
0.25317129742127786
0.3901827056122692
0.19950815946604278
-0.05966284206317315
0.8598752612616641
0.1035114838664502
1.0119554435922276
0.9082923117373185
0.21307403232256178
1.2535496586676014
0.9449618182889247
0.6578808779594216
0.32838449888046617
0.9751591971990792
1.0385558261238275
1.503850981382057
-1.0537244959082566
-0.6873075514516421
1.346740628215724
-1.1370175236863875
1.2054090296387663
0.7719802246181245
-0.4540323854877231
-1.385993972629994
1.5660925547216904
1.1826782725472638
-2.4709030052495127
0.07460667742818143
0.6617273823791392
0.6651742529434782
-0.46659532125144804
0.31554898235008594
-0.5584689094091441
1.2452425552358422
-0.6376308410544036
-1.7269813621195755
-0.3309075006032499
-0.8130073059211895
-0.5287298569064196
-1.5967800995251946
-0.7838024387270142
-1.450115515261679
-1.3665185160437117
-1.1722886135711967
-1.0979640593166788
-0.11864248013122672
2.855815007334807
-0.004437382813615306
0.7070623717973538
-0.3052919697269653
2.0714963735928715
0.4124541942843566
1.3729698789200464
1.5730155795386214
-0.33784918399436603
0.5767530266862514
0.47954567389428226
-0.6348468271276799
1.8614197504210535
1.7120769688992397
0.05391866760345266
-0.245975990759285
-0.4681118068433833
1.8334050742617155E-4
-0.3513608353763198
0.6189199676877649
0.5426205420950792
0.678357052514593
1.0858750751023007
2.9455117408868237
2.513614806966124
0.3484564854895742


-0.9835654536804828
-0.149479896302685
0.6098512882351832
0.7693219404756271
0.1271018827282494
-0.9947415973679442
-0.24811557780490517
-0.08124078195875788
-0.11810899439276437
-0.3927885525875436
0.6415235884871805
0.13767731554186938
-2.0157758315955903
0.8369185829302265
0.32598888828880773
0.9897603191346231
1.3615314959782756
-2.8050651374073996
-1.1236365380894207
-1.710126959143936
-0.401432207356231
-0.581747628975448
0.8696605060215595
-0.028282684681321748
-0.0839403053631392
-0.987748366640279
1.6341557105057782
0.6689593422103093
-1.6308867953618296
1.059901666812989
-0.03216610909313146
-0.6949380116207832
1.479007048040053
1.3350225769279165
1.9674035799755725
2.2866187888633474
0.3664359815704105
-0.4588716111516512
-0.4440437471468661
1.2354324677354627
-0.21380348886272144
1.5211003488177146
0.9121339183249838
0.34027189551553966
1.30482414987793
0.6757747144043686
-1.341351761843523
-0.08388012150336606
0.9267119100713996
-0.2378143511243524
1.0207360132228225
0.27671570492158093
0.9982830271408346
1.2868370503611206
1.1154941222899035
0.4978873252820526
1.5605081912826422
1.6790997430923815
2.073040268141717
-1.2758286341473795
-0.6795807247401416
1.6941905110900728
-0.7569044181839882
1.7272731321820416
1.1244526129310821
-1.7077305553399713
-1.1683168492879308
1.830139887587362
1.6211021336388587
-0.9542274469311959
-0.09596823712628917
0.7514662772874974
2.7570241930457393
-2.7095034851244852
0.35392333214653837
-2.8902757811408253
0.9434834988292291
-0.2566030810983732
-1.012387972124814
-0.09728217414881393
-0.7439191527206289
-0.285574392243169
-1.2389190448903746
-1.6488181087585292
-1.8966953527001382
-1.607088727651354
-1.5197702146519891
-1.0938606720880333
-0.3291401512822004
2.1400598204508587
-0.7729140697632445
0.6986290507913103
-0.23975336501671143
1.0092579307984435
0.02517582850402268
1.7500867379740068
1.1474504149916198
-0.5293109819209956
0.6414379972297307
-0.7008054610763104
-1.0824995103599615
1.117351333262684
2.082673415722601
0.5300753465600451
-0.5367173740861622
-0.7156184234284699
-0.14145604450455068
-1.1049687654092128
1.6323648539460816
0.691053269997598
1.525973882318067
0.6207432606531558
2.8628612300883645
2.569532048365507
0.7643504035426233


-0.9444452501152187
-0.15655219232076922
0.5830891449651516
0.7423769362778654
-0.3529468057187054
-0.9847971108177382
-0.27132349748614876
-0.10564357710803357
-0.16879046931522595
-0.35356367270132966
0.6151197662636552
0.1229080144817786
-1.1938064430468636
0.7972108027410928
0.3219171390708551
0.03368045819312443
1.2170751801537016
-2.6418777031946457
-0.9534976751395794
-1.6588277739616148
-0.3135975247038618
-0.5459051701202244
0.8620530637997238
-0.0036374741710792774
-0.058220770878431846
-0.9707092072432771
1.5104730495618672
-0.4631756328617347
-0.4937515152697112
0.9328680918517227
0.006349019158559819
-0.6543771820839642
1.3163099549114878
0.8295434518083076
1.943135029226975
0.6039638486783313
0.36665833536326187
-0.3471498947143251
-0.4006989253888647
1.1830645958007941
-1.1901636147929393
1.4007657243044511
0.8190635833341543
0.29744706131257087
1.2449490317755292
0.6154140932521699
-1.196474879569382
-0.03280182465428825
0.8802773578228807
-0.09098796603689405
1.0258836890965846
0.5417784708360411
0.9604176444056751
1.1835311352974964
1.0790518256480441
0.4565548449226693
1.4765307121495768
-0.09109391057124328
1.0502123566299169
0.781182396207591
-0.5934826063525542
1.5965417412673477
-0.7679620436572251
1.9082138365143737
1.0465708561991942
-1.5728929006235182
-1.1726910109415656
1.7428179024961217
1.4726486480947731
-2.2005819102500555
-0.07909444433020796
0.7083707795008349
0.6702808700133309
-0.09596197626760394
0.2537647117433676
-0.6972850899333013
0.8712038971307087
-0.2904465276644549
-1.0375771817263186
-0.14258055567141234
1.2735777733951554
-0.2803041534087998
-1.2115055123753686
-1.5258280125596186
-1.2669266115331077
-1.5194318432420002
-1.4768918366736221
-1.0369075751610277
-0.2803817764814672
1.9660827308633284
-0.6714145595127629
0.6760514242929113
-0.24575221752897639
1.082696986631447
0.04825859593008047
1.710107454180914
1.2315474617120254
-0.49370954211291257
0.5610796416834845
-0.5706370311085391
-1.0744266547446082
1.460762831183647
2.006296287331141
0.48263169971004904
-0.5160598288244297
-0.2532082667897755
-0.1214023943387001
-0.989947516280978
1.5337201341674582
0.5377203735917023
0.6866136152419657
1.0849057966100133
2.870413678904346
2.550543840443228
0.6874947667736672


-0.9771685292457002
-0.14755991749762273
0.6021392998804485
0.784438700658646
-0.8021004307512647
-0.9891686102870886
0.30116018691721147
-0.11399647135259279
-0.1580023849656496
-0.39245866625127207
0.6244659048806915
0.15452899060188613
-1.4583172178765027
0.8040733739565756
0.31136643678654724
0.024847068216596237
1.2441969588566522
-2.7351541657986
-0.14764505067210976
-2.5651774944088044
-1.339047163757514
-0.5718988928674773
0.8315753877091934
-0.02058717417782957
-0.017234855138746757
-1.010542000593609
2.790305776588138
-0.47105596083660245
-0.6036773742279212
-0.7481540476631261
-0.020016372641312924
-0.6667382974437024
-0.028543302401215165
0.8987219539510942
1.994462238898475
0.6772053306855355
0.3430617142206585
-0.4296659720898022
-0.4217834282428349
1.2102934598993085
-0.1649815526618566
1.4556214335096356
0.8331130264725278
0.33270581651784686
1.2383188855754166
0.6401753502786773
-1.2461328936084815
-0.015613360213369294
0.8671030528499627
-0.14478224749401028
1.0129754275042278
-0.20401932537061584
1.0150314981638255
1.2592911713820139
1.0820048373976205
1.7659417291413535
1.51643008289591
-0.14934693564012427
1.1339858822141033
-0.8048471109974752
-0.6772664860847737
1.6664392789775928
0.08654396859860149
2.0334783589370096
1.0970035559916798
-1.4071115614629777
-1.1838165897682078
1.808614639274487
1.5852465950177808
-0.9701985657160864
-0.0833758792633891
0.49868399097350197
0.6875866623427589
-0.09716812930013947
0.34789027373751463
-1.5571642934052459
0.9623685678917808
-1.4912519555166244
-1.0636303757422436
-0.1152659380690746
-0.5216753274646785
-0.3025510348391911
-1.2632514065931055
-1.5837173253848047
-2.3785984452311677
-1.5872083832380088
-1.493835640598781
-1.0922587343520962
-0.3126728579858746
2.1006254317901565
-0.7153366298355227
0.6984741282584256
-0.24457553615786964
1.0866248215876206
0.053260179263393576
1.7221580338181832
1.1802616858848844
-0.5146233730185661
1.5022898052025748
-0.613223202430171
-1.0506549560113159
1.508657951111546
2.053995894511158
0.4949126986520527
-0.5155230751275648
-0.698590894925596
-0.13079913540807017
-1.0479910859605213
1.5576026892654296
0.5480236435832526
0.9847639876374951
1.4786526745300042
2.8680925173022542
2.5649571779948914
0.732461804960249


-0.9444452501152187
-0.15655219232076922
0.5830891449651516
0.7423769362778654
-0.3529468057187054
-0.9847971108177382
-0.27132349748614876
-0.10564357710803357
-0.16879046931522595
-0.35356367270132966
0.6151197662636552
0.1229080144817786
-1.1938064430468636
0.7972108027410928
0.3219171390708551
0.03368045819312443
1.2170751801537016
-2.6418777031946457
-0.9534976751395794
-1.6588277739616148
-0.3135975247038618
-0.5459051701202244
0.8620530637997238
-0.0036374741710792774
-0.058220770878431846
-0.9707092072432771
1.5104730495618672
-0.4631756328617347
-0.4937515152697112
0.9328680918517227
0.006349019158559819
-0.6543771820839642
1.3163099549114878
0.8295434518083076
1.943135029226975
0.6039638486783313
0.36665833536326187
-0.3471498947143251
-0.4006989253888647
1.1830645958007941
-1.1901636147929393
1.4007657243044511
0.8190635833341543
0.29744706131257087
1.2449490317755292
0.6154140932521699
-1.196474879569382
-0.03280182465428825
0.8802773578228807
-0.09098796603689405
1.0258836890965846
0.5417784708360411
0.9604176444056751
1.1835311352974964
1.0790518256480441
0.4565548449226693
1.4765307121495768
-0.09109391057124328
1.0502123566299169
0.781182396207591
-0.5934826063525542
1.5965417412673477
-0.7679620436572251
1.9082138365143737
1.0465708561991942
-1.5728929006235182
-1.1726910109415656
1.7428179024961217
1.4726486480947731
-2.2005819102500555
-0.07909444433020796
0.7083707795008349
0.6702808700133309
-0.09596197626760394
0.2537647117433676
-0.6972850899333013
0.8712038971307087
-0.2904465276644549
-1.0375771817263186
-0.14258055567141234
1.2735777733951554
-0.2803041534087998
-1.2115055123753686
-1.5258280125596186
-1.2669266115331077
-1.5194318432420002
-1.4768918366736221
-1.0369075751610277
-0.2803817764814672
1.9660827308633284
-0.6714145595127629
0.6760514242929113
-0.24575221752897639
1.082696986631447
0.04825859593008047
1.710107454180914
1.2315474617120254
-0.49370954211291257
0.5610796416834845
-0.5706370311085391
-1.0744266547446082
1.460762831183647
2.006296287331141
0.48263169971004904
-0.5160598288244297
-0.2532082667897755
-0.1214023943387001
-0.989947516280978
1.5337201341674582
0.5377203735917023
0.6866136152419657
1.0849057966100133
2.870413678904346
2.550543840443228
0.6874947667736672


-0.9778174241213345
-0.14790713169809774
0.6022023319203871
0.7818690377033926
0.07712242713473971
-0.9900024460236376
-0.24900994879402566
-0.10890112744021035
-0.15191641628009872
-0.3922874124656309
0.6270411264008716
0.14986981460416018
-1.2540859021452753
0.8090956329787434
0.3136799995960323
0.9668318946483401
1.262123337178875
-2.7437874836404834
-1.0008158500505502
-1.677528850846352
-0.3462342290462648
-0.5732681589450442
0.8376183280343988
-0.021676269458507032
-0.027748188073876794
-1.0068020593568687
1.5870830172323425
-0.48401287146065614
-0.6043112619944295
0.9780841226929381
-0.02173810047023037
-0.6710132895644427
1.3515206738940257
0.8987427527195255
2.0094875296608032
2.153343089682691
0.3513628398025074
-0.4336953944314101
-0.425093349742775
1.214011903017354
-0.1723837198038008
1.4653985047142462
0.8452099177409621
0.33367042225897786
1.24860519946461
0.6455198234334067
-1.2605225678832574
-0.026231408328355608
0.8763639979048564
-0.15881132355404917
1.0142450389335198
0.5618131937390871
1.0121387166445637
1.2631034016191949
1.08714867193478
0.48645242830548946
1.5229946916944654
1.6388201752598763
2.033608394360852
-1.2586580730345718
-0.6771447066434698
1.670316628805814
-0.7798035713178946
1.6912516157890713
1.1009454842890494
-1.6288976798135362
-1.1813645542690239
1.8115559809430857
1.5901289997832015
-0.9519978129541685
-0.0852919137464569
0.7446993472181483
0.6878584831700513
-2.5672293030400457
0.3482825134304463
-0.7039222735268186
0.9589378327178194
-0.28032232376084076
-1.0555851624548214
-0.11265060712083108
-0.7474976474680328
-0.29980790653758677
-1.2592063240844205
-1.5934188047028526
-1.8685224500881672
-1.5898849407293112
-1.4977354077921652
-1.0921895393751433
-0.31502608547198235
2.091466387283605
-0.7239585150601058
0.6983699688428916
-0.24383915878277498
1.0746801620343596
0.04890382414859844
1.726393036465785
1.175498311881077
-0.5167673150396334
0.6349034052749709
-0.6264764557823661
-1.0556979349956117
1.162134584752556
2.058142734932059
0.5002611357707518
-0.5187921797633905
-0.701386177453234
-0.13238770914549647
-1.0564399148060586
1.5689871642408157
0.6813292507898735
1.470223203028803
1.483416336040745
2.8671535661601357
2.565579865431996
0.7371190750361076


-0.9778174241213345
-0.14790713169809774
0.6022023319203871
0.7818690377033926
-0.8038144030898542
-0.9900024460236376
0.2995141615037213
-0.10890112744021035
-0.15191641628009872
-0.3922874124656309
0.6270411264008716
0.14986981460416018
-1.4665937910565134
0.8090956329787434
0.3136799995960324
0.017423579837755998
1.262123337178875
-2.743787483640484
-0.15977204365206354
-2.2880334980071577
-1.288418597819448
-0.5732681589450442
0.8376183280343988
-0.021676269458507032
-0.027748188073876797
-1.0068020593568687
1.5870830172323425
-0.4840128714606562
-0.6043112619944295
-0.7542129051669536
-0.02173810047023037
-0.6710132895644428
1.3515206738940257
0.8987427527195256
2.0094875296608037
0.6829314440403798
0.35136283980250743
-0.43369539443141014
-0.425093349742775
1.2140119030173542
-0.17238371980380082
1.4653985047142462
0.8452099177409622
0.33367042225897786
1.2486051994646101
0.6455198234334067
-1.2605225678832574
-0.026231408328355608
0.8763639979048564
-0.1588113235540492
1.0142450389335198
0.5618131937390871
1.0121387166445637
1.2631034016191949
1.08714867193478
0.48645242830548946
1.5229946916944657
-0.16375398602426733
1.1295001067023638
-0.8018286913596936
-0.6771447066434698
1.670316628805814
0.10138349304020722
2.0435212992624012
1.1009454842890494
-1.0962422057975074
-1.1813645542690239
1.8115559809430857
1.5901289997832015
-0.9519978129541685
-0.08529191374645691
0.4967065779811334
0.6878584831700513
-0.09268766478820277
0.3482825134304463
-1.5692766103210494
0.9589378327178195
-0.7457025057248912
-1.0555851624548214
-0.1126506071208311
-0.5181420125947791
-0.29980790653758677
-1.2592063240844205
-1.5934188047028528
-2.3898592157112564
-1.5898849407293112
-1.4977354077921654
-1.0921895393751433
-0.31502608547198235
2.0914663872836052
-0.7239585150601058
0.6983699688428916
-0.24383915878277498
1.0746801620343598
0.048903824148598445
1.726393036465785
1.175498311881077
-0.5167673150396335
1.5135148443469084
-0.6264764557823661
-1.055697934995612
1.5043796068060695
2.0581427349320593
0.5002611357707518
-0.5187921797633905
-0.7013861774532341
-0.13238770914549647
-1.0564399148060586
1.5689871642408157
0.5480891731517293
0.7547650790648147
1.483416336040745
2.8671535661601357
2.5655798654319963
0.7371190750361076


-0.9236652794959277
-0.11893110752817214
0.5969421268071116
0.9963148057570048
-0.660778479324044
-0.9204164543708319
0.4368797188465746
-0.534122239241775
-0.6598080160150096
-0.40657903367565384
0.41213148010885653
0.5386914588149918
-0.7758899425962464
0.3899736655739817
0.12060652565813261
0.6369350468116292
-0.23388451858661766
-2.023312266581874
0.852260417044903
-1.189183390622455
0.4801248077616946
-0.4589989645850282
0.33331756878831564
0.06921186568426324
0.8496196984297297
-1.3189109175822282
0.9100302852137658
0.5972786047995854
-0.5514115038098947
-0.24858381156174106
0.12194504128057912
-0.3142528954119292
-0.5798360556770219
0.8970070356435855
0.7555837789104842
0.2050708071692187
-0.3413899772429193
-0.0974285049967661
-0.14887087597410328
0.9036971246598373
0.4453484285973099
0.6494737782822505
-0.16431046850930495
0.25317129742127786
0.3901827056122692
0.19950815946604278
-0.05966284206317315
0.8598752612616641
0.1035114838664502
1.0119554435922276
0.9082923117373185
0.21307403232256178
1.2535496586676014
0.9449618182889247
0.6578808779594216
0.32838449888046617
0.9751591971990792
1.0385558261238275
1.503850981382057
-1.0537244959082566
-0.6873075514516421
1.346740628215724
-1.1370175236863875
1.2054090296387663
0.7719802246181245
-0.4540323854877231
-1.385993972629994
1.5660925547216904
1.1826782725472638
-2.4709030052495127
0.07460667742818143
0.6617273823791392
0.6651742529434782
-0.46659532125144804
0.31554898235008594
-0.5584689094091441
1.2452425552358422
-0.6376308410544036
-1.7269813621195755
-0.3309075006032499
-0.8130073059211895
-0.5287298569064196
-1.5967800995251946
-0.7838024387270142
-1.450115515261679
-1.3665185160437117
-1.1722886135711967
-1.0979640593166788
-0.11864248013122672
2.855815007334807
-0.004437382813615306
0.7070623717973538
-0.3052919697269653
2.0714963735928715
0.4124541942843566
1.3729698789200464
1.5730155795386214
-0.33784918399436603
0.5767530266862514
0.47954567389428226
-0.6348468271276799
1.8614197504210535
1.7120769688992397
0.05391866760345266
-0.245975990759285
-0.4681118068433833
1.8334050742617155E-4
-0.3513608353763198
0.6189199676877649
0.5426205420950792
0.678357052514593
1.0858750751023007
2.9455117408868237
2.513614806966124
0.3484564854895742


-0.9778174241213345
-0.14790713169809774
0.6022023319203871
0.7818690377033926
-0.8038144030898542
-0.9900024460236376
0.2995141615037213
-0.10890112744021035
-0.15191641628009872
-0.3922874124656309
0.6270411264008716
0.14986981460416018
-1.4665937910565134
0.8090956329787434
0.3136799995960324
0.017423579837755998
1.262123337178875
-2.743787483640484
-0.15977204365206354
-2.2880334980071577
-1.288418597819448
-0.5732681589450442
0.8376183280343988
-0.021676269458507032
-0.027748188073876797
-1.0068020593568687
1.5870830172323425
-0.4840128714606562
-0.6043112619944295
-0.7542129051669536
-0.02173810047023037
-0.6710132895644428
1.3515206738940257
0.8987427527195256
2.0094875296608037
0.6829314440403798
0.35136283980250743
-0.43369539443141014
-0.425093349742775
1.2140119030173542
-0.17238371980380082
1.4653985047142462
0.8452099177409622
0.33367042225897786
1.2486051994646101
0.6455198234334067
-1.2605225678832574
-0.026231408328355608
0.8763639979048564
-0.1588113235540492
1.0142450389335198
0.5618131937390871
1.0121387166445637
1.2631034016191949
1.08714867193478
0.48645242830548946
1.5229946916944657
-0.16375398602426733
1.1295001067023638
-0.8018286913596936
-0.6771447066434698
1.670316628805814
0.10138349304020722
2.0435212992624012
1.1009454842890494
-1.0962422057975074
-1.1813645542690239
1.8115559809430857
1.5901289997832015
-0.9519978129541685
-0.08529191374645691
0.4967065779811334
0.6878584831700513
-0.09268766478820277
0.3482825134304463
-1.5692766103210494
0.9589378327178195
-0.7457025057248912
-1.0555851624548214
-0.1126506071208311
-0.5181420125947791
-0.29980790653758677
-1.2592063240844205
-1.5934188047028528
-2.3898592157112564
-1.5898849407293112
-1.4977354077921654
-1.0921895393751433
-0.31502608547198235
2.0914663872836052
-0.7239585150601058
0.6983699688428916
-0.24383915878277498
1.0746801620343598
0.048903824148598445
1.726393036465785
1.175498311881077
-0.5167673150396335
1.5135148443469084
-0.6264764557823661
-1.055697934995612
1.5043796068060695
2.0581427349320593
0.5002611357707518
-0.5187921797633905
-0.7013861774532341
-0.13238770914549647
-1.0564399148060586
1.5689871642408157
0.5480891731517293
0.7547650790648147
1.483416336040745
2.8671535661601357
2.5655798654319963
0.7371190750361076


-0.9236652794959277
-0.11893110752817214
0.5969421268071116
0.9963148057570048
-0.660778479324044
-0.9204164543708319
0.4368797188465746
-0.534122239241775
-0.6598080160150096
-0.40657903367565384
0.41213148010885653
0.5386914588149918
-0.7758899425962464
0.3899736655739817
0.12060652565813261
0.6369350468116292
-0.23388451858661766
-2.023312266581874
0.852260417044903
-1.189183390622455
0.4801248077616946
-0.4589989645850282
0.33331756878831564
0.06921186568426324
0.8496196984297297
-1.3189109175822282
0.9100302852137658
0.5972786047995854
-0.5514115038098947
-0.24858381156174106
0.12194504128057912
-0.3142528954119292
-0.5798360556770219
0.8970070356435855
0.7555837789104842
0.2050708071692187
-0.3413899772429193
-0.0974285049967661
-0.14887087597410328
0.9036971246598373
0.4453484285973099
0.6494737782822505
-0.16431046850930495
0.25317129742127786
0.3901827056122692
0.19950815946604278
-0.05966284206317315
0.8598752612616641
0.1035114838664502
1.0119554435922276
0.9082923117373185
0.21307403232256178
1.2535496586676014
0.9449618182889247
0.6578808779594216
0.32838449888046617
0.9751591971990792
1.0385558261238275
1.503850981382057
-1.0537244959082566
-0.6873075514516421
1.346740628215724
-1.1370175236863875
1.2054090296387663
0.7719802246181245
-0.4540323854877231
-1.385993972629994
1.5660925547216904
1.1826782725472638
-2.4709030052495127
0.07460667742818143
0.6617273823791392
0.6651742529434782
-0.46659532125144804
0.31554898235008594
-0.5584689094091441
1.2452425552358422
-0.6376308410544036
-1.7269813621195755
-0.3309075006032499
-0.8130073059211895
-0.5287298569064196
-1.5967800995251946
-0.7838024387270142
-1.450115515261679
-1.3665185160437117
-1.1722886135711967
-1.0979640593166788
-0.11864248013122672
2.855815007334807
-0.004437382813615306
0.7070623717973538
-0.3052919697269653
2.0714963735928715
0.4124541942843566
1.3729698789200464
1.5730155795386214
-0.33784918399436603
0.5767530266862514
0.47954567389428226
-0.6348468271276799
1.8614197504210535
1.7120769688992397
0.05391866760345266
-0.245975990759285
-0.4681118068433833
1.8334050742617155E-4
-0.3513608353763198
0.6189199676877649
0.5426205420950792
0.678357052514593
1.0858750751023007
2.9455117408868237
2.513614806966124
0.3484564854895742


-0.9778174241213345
-0.14790713169809774
0.6022023319203871
0.7818690377033926
-0.8038144030898542
-0.9900024460236376
0.2995141615037213
-0.10890112744021035
-0.15191641628009872
-0.3922874124656309
0.6270411264008716
0.14986981460416018
-1.4665937910565134
0.8090956329787434
0.3136799995960324
0.017423579837755998
1.262123337178875
-2.743787483640484
-0.15977204365206354
-2.2880334980071577
-1.288418597819448
-0.5732681589450442
0.8376183280343988
-0.021676269458507032
-0.027748188073876797
-1.0068020593568687
1.5870830172323425
-0.4840128714606562
-0.6043112619944295
-0.7542129051669536
-0.02173810047023037
-0.6710132895644428
1.3515206738940257
0.8987427527195256
2.0094875296608037
0.6829314440403798
0.35136283980250743
-0.43369539443141014
-0.425093349742775
1.2140119030173542
-0.17238371980380082
1.4653985047142462
0.8452099177409622
0.33367042225897786
1.2486051994646101
0.6455198234334067
-1.2605225678832574
-0.026231408328355608
0.8763639979048564
-0.1588113235540492
1.0142450389335198
0.5618131937390871
1.0121387166445637
1.2631034016191949
1.08714867193478
0.48645242830548946
1.5229946916944657
-0.16375398602426733
1.1295001067023638
-0.8018286913596936
-0.6771447066434698
1.670316628805814
0.10138349304020722
2.0435212992624012
1.1009454842890494
-1.0962422057975074
-1.1813645542690239
1.8115559809430857
1.5901289997832015
-0.9519978129541685
-0.08529191374645691
0.4967065779811334
0.6878584831700513
-0.09268766478820277
0.3482825134304463
-1.5692766103210494
0.9589378327178195
-0.7457025057248912
-1.0555851624548214
-0.1126506071208311
-0.5181420125947791
-0.29980790653758677
-1.2592063240844205
-1.5934188047028528
-2.3898592157112564
-1.5898849407293112
-1.4977354077921654
-1.0921895393751433
-0.31502608547198235
2.0914663872836052
-0.7239585150601058
0.6983699688428916
-0.24383915878277498
1.0746801620343598
0.048903824148598445
1.726393036465785
1.175498311881077
-0.5167673150396335
1.5135148443469084
-0.6264764557823661
-1.055697934995612
1.5043796068060695
2.0581427349320593
0.5002611357707518
-0.5187921797633905
-0.7013861774532341
-0.13238770914549647
-1.0564399148060586
1.5689871642408157
0.5480891731517293
0.7547650790648147
1.483416336040745
2.8671535661601357
2.5655798654319963
0.7371190750361076


-0.9778174241213345
-0.14790713169809774
0.6022023319203871
0.7818690377033926
-0.8038144030898542
-0.9900024460236376
0.2995141615037213
-0.10890112744021035
-0.15191641628009872
-0.3922874124656309
0.6270411264008716
0.14986981460416018
-1.4665937910565134
0.8090956329787434
0.3136799995960324
0.017423579837755998
1.262123337178875
-2.743787483640484
-0.15977204365206354
-2.2880334980071577
-1.288418597819448
-0.5732681589450442
0.8376183280343988
-0.021676269458507032
-0.027748188073876797
-1.0068020593568687
1.5870830172323425
-0.4840128714606562
-0.6043112619944295
-0.7542129051669536
-0.02173810047023037
-0.6710132895644428
1.3515206738940257
0.8987427527195256
2.0094875296608037
0.6829314440403798
0.35136283980250743
-0.43369539443141014
-0.425093349742775
1.2140119030173542
-0.17238371980380082
1.4653985047142462
0.8452099177409622
0.33367042225897786
1.2486051994646101
0.6455198234334067
-1.2605225678832574
-0.026231408328355608
0.8763639979048564
-0.1588113235540492
1.0142450389335198
0.5618131937390871
1.0121387166445637
1.2631034016191949
1.08714867193478
0.48645242830548946
1.5229946916944657
-0.16375398602426733
1.1295001067023638
-0.8018286913596936
-0.6771447066434698
1.670316628805814
0.10138349304020722
2.0435212992624012
1.1009454842890494
-1.0962422057975074
-1.1813645542690239
1.8115559809430857
1.5901289997832015
-0.9519978129541685
-0.08529191374645691
0.4967065779811334
0.6878584831700513
-0.09268766478820277
0.3482825134304463
-1.5692766103210494
0.9589378327178195
-0.7457025057248912
-1.0555851624548214
-0.1126506071208311
-0.5181420125947791
-0.29980790653758677
-1.2592063240844205
-1.5934188047028528
-2.3898592157112564
-1.5898849407293112
-1.4977354077921654
-1.0921895393751433
-0.31502608547198235
2.0914663872836052
-0.7239585150601058
0.6983699688428916
-0.24383915878277498
1.0746801620343598
0.048903824148598445
1.726393036465785
1.175498311881077
-0.5167673150396335
1.5135148443469084
-0.6264764557823661
-1.055697934995612
1.5043796068060695
2.0581427349320593
0.5002611357707518
-0.5187921797633905
-0.7013861774532341
-0.13238770914549647
-1.0564399148060586
1.5689871642408157
0.5480891731517293
0.7547650790648147
1.483416336040745
2.8671535661601357
2.5655798654319963
0.7371190750361076


-0.9778174241213345
-0.14790713169809774
0.6022023319203871
0.7818690377033926
-0.8038144030898542
-0.9900024460236376
0.2995141615037213
-0.10890112744021035
-0.15191641628009872
-0.3922874124656309
0.6270411264008716
0.14986981460416018
-1.4665937910565134
0.8090956329787434
0.3136799995960324
0.017423579837755998
1.262123337178875
-2.743787483640484
-0.15977204365206354
-2.2880334980071577
-1.288418597819448
-0.5732681589450442
0.8376183280343988
-0.021676269458507032
-0.027748188073876797
-1.0068020593568687
1.5870830172323425
-0.4840128714606562
-0.6043112619944295
-0.7542129051669536
-0.02173810047023037
-0.6710132895644428
1.3515206738940257
0.8987427527195256
2.0094875296608037
0.6829314440403798
0.35136283980250743
-0.43369539443141014
-0.425093349742775
1.2140119030173542
-0.17238371980380082
1.4653985047142462
0.8452099177409622
0.33367042225897786
1.2486051994646101
0.6455198234334067
-1.2605225678832574
-0.026231408328355608
0.8763639979048564
-0.1588113235540492
1.0142450389335198
0.5618131937390871
1.0121387166445637
1.2631034016191949
1.08714867193478
0.48645242830548946
1.5229946916944657
-0.16375398602426733
1.1295001067023638
-0.8018286913596936
-0.6771447066434698
1.670316628805814
0.10138349304020722
2.0435212992624012
1.1009454842890494
-1.0962422057975074
-1.1813645542690239
1.8115559809430857
1.5901289997832015
-0.9519978129541685
-0.08529191374645691
0.4967065779811334
0.6878584831700513
-0.09268766478820277
0.3482825134304463
-1.5692766103210494
0.9589378327178195
-0.7457025057248912
-1.0555851624548214
-0.1126506071208311
-0.5181420125947791
-0.29980790653758677
-1.2592063240844205
-1.5934188047028528
-2.3898592157112564
-1.5898849407293112
-1.4977354077921654
-1.0921895393751433
-0.31502608547198235
2.0914663872836052
-0.7239585150601058
0.6983699688428916
-0.24383915878277498
1.0746801620343598
0.048903824148598445
1.726393036465785
1.175498311881077
-0.5167673150396335
1.5135148443469084
-0.6264764557823661
-1.055697934995612
1.5043796068060695
2.0581427349320593
0.5002611357707518
-0.5187921797633905
-0.7013861774532341
-0.13238770914549647
-1.0564399148060586
1.5689871642408157
0.5480891731517293
0.7547650790648147
1.483416336040745
2.8671535661601357
2.5655798654319963
0.7371190750361076


-0.9444452501152187
-0.15655219232076922
0.5830891449651516
0.7423769362778654
-0.3529468057187054
-0.9847971108177382
-0.27132349748614876
-0.10564357710803357
-0.16879046931522595
-0.35356367270132966
0.6151197662636552
0.1229080144817786
-1.1938064430468636
0.7972108027410928
0.3219171390708551
0.03368045819312443
1.2170751801537016
-2.6418777031946457
-0.9534976751395794
-1.6588277739616148
-0.3135975247038618
-0.5459051701202244
0.8620530637997238
-0.0036374741710792774
-0.058220770878431846
-0.9707092072432771
1.5104730495618672
-0.4631756328617347
-0.4937515152697112
0.9328680918517227
0.006349019158559819
-0.6543771820839642
1.3163099549114878
0.8295434518083076
1.943135029226975
0.6039638486783313
0.36665833536326187
-0.3471498947143251
-0.4006989253888647
1.1830645958007941
-1.1901636147929393
1.4007657243044511
0.8190635833341543
0.29744706131257087
1.2449490317755292
0.6154140932521699
-1.196474879569382
-0.03280182465428825
0.8802773578228807
-0.09098796603689405
1.0258836890965846
0.5417784708360411
0.9604176444056751
1.1835311352974964
1.0790518256480441
0.4565548449226693
1.4765307121495768
-0.09109391057124328
1.0502123566299169
0.781182396207591
-0.5934826063525542
1.5965417412673477
-0.7679620436572251
1.9082138365143737
1.0465708561991942
-1.5728929006235182
-1.1726910109415656
1.7428179024961217
1.4726486480947731
-2.2005819102500555
-0.07909444433020796
0.7083707795008349
0.6702808700133309
-0.09596197626760394
0.2537647117433676
-0.6972850899333013
0.8712038971307087
-0.2904465276644549
-1.0375771817263186
-0.14258055567141234
1.2735777733951554
-0.2803041534087998
-1.2115055123753686
-1.5258280125596186
-1.2669266115331077
-1.5194318432420002
-1.4768918366736221
-1.0369075751610277
-0.2803817764814672
1.9660827308633284
-0.6714145595127629
0.6760514242929113
-0.24575221752897639
1.082696986631447
0.04825859593008047
1.710107454180914
1.2315474617120254
-0.49370954211291257
0.5610796416834845
-0.5706370311085391
-1.0744266547446082
1.460762831183647
2.006296287331141
0.48263169971004904
-0.5160598288244297
-0.2532082667897755
-0.1214023943387001
-0.989947516280978
1.5337201341674582
0.5377203735917023
0.6866136152419657
1.0849057966100133
2.870413678904346
2.550543840443228
0.6874947667736672




2.649241, 2.277683, 1.0, 0
2.284975, 2.475214, 1.0, 0
2.649241, 2.277683, 1.0, 0
1.615185, 13.75465, 2.0, 0
2.649241, 2.277683, 1.0, 0
1.232402, 10.78131, 3.0, 0
2.284975, 2.475214, 1.0, 0
3.127447, 2.225307, 1.0, 0
2.566547, 2.430456, 1.0, 0
2.73531, 2.256717, 1.0, 0
2.566547, 2.430456, 1.0, 0
2.702105, 2.20125, 3.0, 0
2.649241, 2.277683, 1.0, 0
2.284975, 2.475214, 1.0, 0
2.649241, 2.277683, 1.0, 0
2.284975, 2.475214, 1.0, 0
2.649241, 2.277683, 1.0, 0
2.649241, 2.277683, 1.0, 0
2.649241, 2.277683, 1.0, 0
2.566547, 2.430456, 1.0, 0

