0
1
115
-0.057215663
-0.219652375
0.274882027
-0.27236221
-0.67624115
-0.921899769
-0.409846489
-0.126336945
-0.390970597
0.191479109
0.227637074
0.238491712
-0.353786904
-0.46664195
-0.05529469
-0.612197964
-0.276744294
-0.799617274
-0.498488338
-1.046521025
0.394333766
-0.666906429
-0.030438935
-0.305874665
0.268910621
0.407501457
0.188783113
-0.123902109
0.135668412
-0.048528694
-0.666192141
0.382280373
0.253812004
0.062455009
0.057062539
-0.234655064
-0.110256627
0.672453514
0.299272647
0.204202494
0.063637918
0.403795497
-0.533424381
0.435005125
0.439075346
-0.473345466
0.275619389
-0.260993926
-0.152226794
0.611757704
-0.343074484
0.179521477
0.235220596
-0.214998081
0.133676499
-0.240768519
0.722282015
0.595750696
-0.058190416
-0.233339258
0.946780944
0.275114551
-0.247994916
0.610988325
0.351302216
0.692091814
-0.664471271
0.507846333
-0.312892502
-0.817436207
-0.317900265
0.097371518
-0.063415597
0.049598532
-0.131976837
-0.186697924
1.055248935
-0.917458745
-0.739457979
-0.396558511
-0.485896269
-0.232868443
-0.644315451
0.395286959
-0.014667744
-0.902648907
-0.066278093
-0.123057667
0.100267095
-0.144946583
0.056618119
0.367867673
-0.033504657
0.360738663
0.334420985
0.39931309
0.543017433
0.428555332
0.567661684
0.261387312
-0.036336356
0.154667015
0.749357533
-0.58843591
0.216548859
-0.697936347
0.506450798
-0.271312466
0.142051376
0.442348594
-0.443460476
0.447653752
2.672186855
0.54236157
-0.088818357


-0.999799026
-0.55325587
0.998680735
0.999862658
0.859338792
-0.998894217
0.8505964
0.11791427
0.945727887
-0.981420784
0.749923782
-0.587543442
-2.991981753
-1.01236306
2.908405761
-1.159981448
2.872121879
-2.999737813
-2.739701431
1.493024421
2.894259927
-2.412711187
2.950183961
2.868517667
-2.894493709
-2.398737385
2.994010592
2.954612429
-2.939370154
2.947625753
-2.90033555
-2.900379147
1.265102231
2.975225967
2.990824266
2.273151611
2.884910397
0.994550921
-0.363343334
2.960779662
1.814704147
2.993774471
-0.853445436
1.989405239
2.9823868
2.915111318
-2.886073259
-2.911633773
2.904985757
2.116923252
0.038250337
-1.864866761
1.030536446
2.906256382
2.931063229
2.699562018
2.92939873
2.269750253
2.932683397
2.372355119
2.152133062
2.949066433
-2.202219164
2.930706785
1.492514749
0.387252958
-2.982141522
-0.446409594
2.899728524
-2.57005539
-1.739738566
-0.204837319
1.805342056
1.819088262
-0.696547241
-2.915254888
-0.311380638
2.899178482
-2.723009976
-1.53993967
-2.576215389
2.108795058
-2.72837459
-2.974187262
-2.971334471
-2.956644521
-2.638683459
-0.488282545
-2.927037654
2.883342569
2.959495958
0.272821423
-0.145852793
2.993734758
-1.56029181
2.641679619
2.948335348
-2.918490825
0.371278876
2.930723916
-1.288634863
2.919536896
2.965044573
2.83295499
0.075922796
-2.945116503
-2.634515373
2.43841624
2.900288638
0.321259975
2.93119129
2.974488056
2.381307475
2.995696104
2.092652606


-0.05721566275315495
-0.21965237466994422
0.27488202714607507
-0.2723622103337654
-0.6762411498664955
-0.9218997694179554
-0.4098464892046114
-0.12633694525037267
-0.3909705973186947
0.1914791087469071
0.2276370735385441
0.23849171215558612
-0.35378690427994697
-0.46664194999880454
-0.055294689895849264
-0.6121979642947718
-0.2767442941249427
-0.7996172744774099
-0.4984883375995515
-1.0465210253113677
0.3943337656559645
-0.6669064290807205
-0.030438934552095245
-0.3058746651928659
0.2689106206231659
0.4075014569759011
0.18878311294365682
-0.12390210875200351
0.13566841164021767
-0.048528694036649715
-0.666192140512476
0.3822803730998142
0.25381200381776065
0.06245500859068959
0.05706253896205721
-0.23465506354975674
-0.11025662720288867
0.6724535139188151
0.2992726472925788
0.20420249415628672
0.06363791762952875
0.4037954968313857
-0.5334243805319876
0.4350051254080046
0.43907534619088556
-0.47334546643221254
0.27561938941909375
-0.2609939261932982
-0.1522267943090943
0.6117577041348906
-0.3430744841277846
0.17952147683077657
0.23522059590364558
-0.21499808121158714
0.13367649911810864
-0.24076851858263085
0.7222820150152521
0.5957506960256357
-0.05819041556430819
-0.23333925829440494
0.9467809440869606
0.2751145514515405
-0.24799491573432103
0.6109883247926803
0.3513022156412737
0.6920918141214412
-0.6644712712392538
0.5078463330304409
-0.3128925018022993
-0.8174362068905905
-0.31790026464964755
0.09737151755906406
-0.06341559704510866
0.049598531632092456
-0.13197683700270804
-0.18669792378794126
1.055248935136875
-0.917458744959721
-0.739457978547797
-0.396558510706516
-0.4858962687342278
-0.2328684426287173
-0.6443154506446231
0.39528695851765766
-0.01466774386746253
-0.9026489072748936
-0.06627809260040224
-0.12305766682027117
0.10026709477546816
-0.1449465826682889
0.0566181189517356
0.36786767270368265
-0.03350465692900275
0.3607386626569261
0.33442098516830726
0.3993130895785322
0.5430174326041795
0.42855533185677885
0.5676616842198656
0.2613873118215715
-0.03633635578630406
0.15466701472072825
0.7493575325396948
-0.5884359098137251
0.21654885879813968
-0.6979363474911613
0.5064507984599224
-0.27131246631981226
0.14205137555966854
0.4423485938225308
-0.4434604757475048
0.4476537515734884
2.672186855487771
0.5423615701985004
-0.08881835709637469


-0.27930422665168225
-0.23035831897630002
0.40549849425269385
-0.011351230949207716
-0.4403432516099184
-0.9415661531418129
-0.3314559172604428
-0.03985185639030588
-0.3224424730378182
0.10466456293018489
0.2949933527110426
0.6549581065852743
-0.6941524010287581
-0.25036343361271374
0.6207468590581152
1.0697736336657058
-0.09754148827260992
-1.1787345971621899
-0.6221208966112562
-1.0943603937852013
0.39842495733183836
-0.5908018772523196
0.30166547776803265
-0.12812951981008155
-0.002203302701403044
-0.0594507658985692
0.6500000077476481
-0.007856572442162568
-0.1363761913283319
0.19008992059187335
-0.10338115089718758
-0.14559280857990436
0.36198120197893097
0.3956059056659944
0.6130028107061254
0.17176138832842852
0.06517047115619828
0.2518568082531735
-0.07278572333785936
0.428329836538911
-0.1356162118517006
0.8132663844459656
-0.1765074127098648
0.19775053047282884
0.8876963439678682
-0.08200944677443242
0.12510674186844906
-0.39290632304670026
-0.535305546023829
0.5513952916337189
-0.09437839637854406
0.35650121676409535
0.5529144402350266
-0.04196563414107579
-0.21589986277141582
-0.04973998031329269
0.9094378927230167
1.5318894897348687
0.22187971129728556
-0.44702247368416204
0.7943899751040099
0.4766006079927516
-0.4498089532472483
0.7851360804023652
0.44747828198264056
0.23639706960576154
-0.42996618828550703
0.5879067364194568
-0.08667133171017727
-0.9570537422459537
-0.3436879504431939
0.2612685276750003
0.11920979540701283
1.1471676239222939
-0.18983133575460998
-0.36709768009604193
0.8388820833349251
0.6167335116506912
-1.0592777830448725
-1.5335105301461622
0.16030301857221912
-0.16471959302274083
-0.212724705545225
-0.3751403388711743
-0.6147280991160586
-1.1629552769002978
-0.6334578094400277
-0.14744935767004716
-0.15824624656340988
-0.40680598268098417
0.3663635286004877
0.4502090716424137
-0.7740877112314772
1.4285206372919477
0.1089985671117127
0.6763302727203904
0.7541700219198362
-0.035247387493139236
0.5584606200469593
0.03611643986639493
-0.6156366586639498
0.2540718043963354
1.1539182150525433
-0.07152883160777042
0.07309804295008085
-0.9217350738153426
0.25131867881197184
-0.20864593148704697
0.5531841507992912
0.37560002768176887
0.05967628308092596
0.7365138312091546
2.700606228010497
2.7210351535324175
0.22350843001413


-0.9778174241213345
-0.14790713169809774
0.6022023319203871
0.7818690377033926
-0.32794825390389715
-0.9900024460236376
-0.24900994879402566
-0.10890112744021035
-0.15191641628009872
-0.3922874124656309
0.6270411264008716
0.14986981460416018
-1.2540859021452753
0.8090956329787434
0.3136799995960323
0.017423579837755998
1.262123337178875
-2.7437874836404834
-1.0008158500505502
-1.677528850846352
-0.3462342290462648
-0.5732681589450442
0.8376183280343988
-0.021676269458507032
-0.027748188073876794
-1.0068020593568687
1.5870830172323425
-0.48401287146065614
-0.6043112619944295
0.9780841226929381
-0.02173810047023037
-0.6710132895644427
1.3515206738940257
0.8987427527195255
2.0094875296608032
0.6829314440403798
0.3513628398025074
-0.4336953944314101
-0.425093349742775
1.214011903017354
-0.1723837198038008
1.4653985047142462
0.8452099177409621
0.33367042225897786
1.24860519946461
0.6455198234334067
-1.2605225678832574
-0.026231408328355608
0.8763639979048564
-0.15881132355404917
1.0142450389335198
0.5618131937390871
1.0121387166445637
1.2631034016191949
1.08714867193478
0.48645242830548946
1.5229946916944654
-0.1637539860242673
1.1295001067023636
-0.8018286913596936
-0.6771447066434698
1.670316628805814
-0.7798035713178946
2.043521299262401
1.1009454842890494
-1.6288976798135362
-1.1813645542690239
1.8115559809430857
1.5901289997832015
-0.9519978129541685
-0.0852919137464569
0.7446993472181483
0.6878584831700513
-0.09268766478820276
0.3482825134304463
-0.7039222735268186
0.9589378327178194
-0.28032232376084076
-1.0555851624548214
-0.11265060712083108
-0.7474976474680328
-0.29980790653758677
-1.2592063240844205
-1.5934188047028526
-1.8685224500881672
-1.5898849407293112
-1.4977354077921652
-1.0921895393751433
-0.31502608547198235
2.091466387283605
-0.7239585150601058
0.6983699688428916
-0.24383915878277498
1.0746801620343596
0.04890382414859844
1.726393036465785
1.175498311881077
-0.5167673150396334
0.6349034052749709
-0.6264764557823661
-1.0556979349956117
1.5043796068060695
2.058142734932059
0.5002611357707518
-0.5187921797633905
-0.701386177453234
-0.13238770914549647
-1.0564399148060586
1.5689871642408157
0.5480891731517293
0.7547650790648147
1.483416336040745
2.8671535661601357
2.565579865431996
0.7371190750361076


-0.9992469920155469
-0.33473858325278594
0.9780887964146453
0.9975818933170573
-0.15726363148731468
-0.9687190982801362
-0.4137932224247011
0.7670214162167286
-0.12105562598625721
-0.7339257419829994
0.8735188704766718
0.024316548038938096
-2.917545654897081
-0.7928784176731235
1.0696701326148068
-1.3186704855845153
0.3725647867929588
-2.9929527950230703
-0.7810798956039067
-1.0528788700835245
1.6116286317975994
-0.7162625002539063
2.110593248730237
0.47397504302929394
-0.9008392678149714
-2.0312229768826753
2.9430304400967726
2.1677192100440887
-1.9030663243136585
2.2103115802407816
-0.9355660021890737
-0.7893032046214424
0.5368448289184969
2.553844951787939
2.965001360420954
2.395221516325875
1.2003596220410675
-0.02189644737851248
-0.5976141909704479
2.1609095260137785
-0.9959985723317365
2.8961719828576373
-1.4896546402534676
1.2372331089616309
2.7184707982458725
1.5411020750428983
-0.6898630935895435
-1.2675049720925273
1.1006021067074259
0.044360160796516314
0.6132472448661234
1.77611475927048
0.888670862011575
1.0315217437937862
2.3331154782711785
0.35742454117743483
1.5412546378605128
1.4613782078188289
1.2866006836136468
-1.391441285022381
0.5555920496286275
1.8963667114424725
-1.025541826877939
1.5938251852403453
0.8033884654580353
-0.9214964225173402
-2.5922938808728313
1.1204800958455603
0.9348616175321866
-1.8350018040612874
-1.0110440271355245
0.9552497559708877
0.11587951394909046
1.1366987927062133
-0.2494323477427021
-1.2419871557496942
0.9065663221984102
0.9360169565740049
-2.7502774649446007
0.08247004831449067
-1.5385810516524017
0.6621484647215843
-1.333620081623413
-2.515382006801395
-2.3836007735035074
-2.1070629795761393
-2.6576781457089504
-0.6397753330167026
-1.5662299761671317
2.9565526109614737
2.3159189257139388
1.1145968774704071
-0.04894361437738658
2.9396359195691337
-0.6812722072178782
1.633883111009743
1.8310371939923504
-1.4965478976701652
0.5857689840854613
1.4686965608319642
-0.47291507534825133
1.4931712464439812
2.8255748731336863
1.6793580877940104
-0.7833420191750485
-1.90789981303301
-0.5090597325842563
0.5215213328318663
2.407449665763826
0.30884558845044896
1.4624926234526208
2.5311949241717886
2.626435015150075
2.92818765336785
-0.02213366927108321


-0.9999878617849937
-0.5421543204226154
1.0
0.9999838614415257
0.41150292032723607
-0.9937689149277058
0.4609655118365352
0.8755639460317288
0.49457642264401164
-1.0
0.7066140460245295
-0.26175155046798965
-2.9990612911492396
-1.074848221478502
1.7580491557786764
-0.45583756142523846
-0.05945916441513832
-3.0
-2.1181987903784605
0.947803973252695
2.3892473247766577
-2.8823273792049777
2.9431758330013
1.0851791957428003
-1.663952896601931
-2.154782282249328
2.9994484403840844
2.5685681971858925
-2.7718339089723987
2.8579996727134747
-2.9749090608356528
-2.7242906423787665
0.9300501297014445
2.5285406013326632
2.9995009208182224
2.3047316607256585
2.351265172709135
1.189383474331862
0.40977001346890807
3.0
-0.8710906290690843
3.0
-1.9317485535656806
1.3131925411327643
3.0
2.9911480687270835
-2.4048807600350086
-2.38581766624236
2.334027028770999
1.8282684864824568
-0.09669780914514926
-0.5793713135676014
0.36441791430994036
2.56415752060282
2.815944624791682
1.766098931233643
2.3100222901181144
1.1002778044793107
1.3797457361895873
-0.3492931339155022
1.0803530889182564
3.0
-2.2452977262864047
1.3663014201351324
0.3415130267449394
0.10212669623554016
-2.798726709373685
-0.9823149949225294
2.2288557413213246
-2.5612382402989122
-1.419538792485862
0.7672790498730206
1.3130771091136368
2.8868801506320594
-0.42878619814926433
-2.484631955818156
0.1275671221835267
2.3128675750675645
-2.6172635423091624
-1.4391589213196991
-2.0634721707749892
1.572245327855399
-2.9643800065503423
-3.0
-3.0
-2.740971721246471
-2.388564617914038
-0.5618783737244891
-2.5482599792857226
2.9805344741093815
2.9995876973362714
1.0765145202905058
-0.0708536358458486
2.999716210974511
-1.2742361699161098
2.2772880990498434
2.615798146679647
-1.2654821841161334
0.008171144820054857
2.6477902884751945
-0.7824827281640512
2.0727402189742397
2.946807872008019
1.8906122053608048
0.13827596366151004
-2.557175616520078
-1.2803139815136455
0.7563013829082904
2.977802860780519
0.3381501777544657
1.4568435401913398
2.8625810012633512
2.4513709559583816
3.0
1.2507240368051915




1.232402, 10.78131, 3.0, 0
1.600562, 3.995588, 3.0, 0
2.533544, 2.206118, 2.0, 0
3.84479, 1.83472, 5.0, 3
5.092475, 1.704302, 5.0, 3
