400
4
115
3
WIPP_interpgrid.out_Ind0
WIPP_err.out_Ind0
WIPP_headgrid.out_Ind0
0
1
0.2748348507002165
0.10087401023526787
0.19509055559440358
-0.33356320104670045
0
0.9696830803996179
0.7583650357449603
1
-0.45009206792903034
-0.7422056982524465
-2.1203900541208904
-2.860571265096663
0.2804385431907934
2.7869211640611002
-2.37305588249417
0.7508781807933556
-0.5352228270536297
1.657873747649595
2.9443367142886983
-0.07660291781914319
1.4774484319339827
1.398912421169963
1.903782428455946
2.03334210028211
0.16019660762919674
2.396010069668961
-2.196360956478647
-2.5016256106505104
2.871446040887042
1.3341427151330922
1.2901860831028467
-2.140677688196419
-0.22225308946546285
-2.973086386902689
-2.5710101107206356
-0.9094786212500128
-0.9673820787854783
2.1561393081278872
2.829281933110277
2.1944752812842303
0.6754866282592089
-1.9260720928270965
-1.694577526741884
2.1269230022537435
-2.9419590161941542
1.1537580417175999
1.6278777970240776
1.2761245688741356
-1.7325877504206229
1.6985549386030758
2.671999433757774
-2.9145818693779924
-0.6347786833360134
2.1227446518484365
1.7162547048873158
2.960831730034884
2.298626435888874
-1.9782508185137764
2.772413509245231
1.3457702014732131
1.0641249674992466
1.8263725033478142
-0.3514393579452495
-0.22747205828403327
2.116964799596764
0.011009101234410235
2.9516578824613013
2.8156194596424964
-0.881363566925291
-2.7164047848232236
-2.5702582594931966
-2.825354923670185
-0.0979788593693991
2.831700725722471
2.934702904508433
1.6046526180929392
0.008384106073379805
-1.4668481346213391
-1.145050876510874
2.0896830016340546
-2.6874927709561005
-2.9389472727826247
-0.8768821817477281
-2.4795728690056347
2.1018690915858347
-2.9779385858657976
-1.1526409941931637
0.18965133749278618
2.5128852110314392
-1.3367398435877318
2.2455732616991666
0.6592890810765812
2.451835258180415
-2.7330562790592294
0.8803434062333375
-0.019177418264063384
0.04020957571711614
0.12413291935769699
-0.8018355329160238
-0.13417852945847208
1.223818232055807
-1.063393210540672
-2.9300709703407133
1.2062336290944273
1.4721171623493055
0.6437294913757068
-1.5895096448150035
-0.6657408986782287
2.468810171057914
-1.9956654684935584
-2.9765188162966747
-1.4106250352851701
2.3569017429371106


WIPP_interpgrid.out_Ind1
WIPP_err.out_Ind1
WIPP_headgrid.out_Ind1
0
0
-0.5845703173805659
-0.33456588808097765
0.9355118188482414
-0.9877656354684774
1
0.8797307775638197
0.8943898353263877
1
-0.2056513156305888
-0.3049639415937795
-1.2356578079757794
0.038901763957410296
-2.3041974718040534
1.6232152804750664
0.9593562521605197
-2.0595186565809227
-0.7307877280736683
-2.161423902577493
1.169687877614951
1.8313666288422823
-2.9698489440452844
0.13881093472999817
1.4639069174239001
-2.1478637807044434
-0.1096301905464121
0.2673288533620424
0.4626015682456588
-1.7705187254486305
0.740182863789995
-1.8917574583323082
-2.935893534106627
-2.0337400597697863
-1.9316709201769515
0.2423823887027785
2.843004059512201
-1.5274406785122263
-0.6328745622346696
-1.694387250553891
-0.40795872063876537
-1.6010652314919995
2.3394525099322623
-2.7700386400843477
0.5542754631776323
0.9310416187764985
-2.2809657461748625
0.914860241375719
2.905936804015769
-1.759574955836956
-0.7521029982361789
-0.21990127458314568
-0.9983387329519817
-0.34072529809638574
0.024813400227443605
2.993884888607573
0.7824291835371233
2.457504213534145
0.04595949641968833
-0.05129276663032467
-0.4272949275227962
-1.1514425087491211
1.3039344097333618
2.7744875564024785
-1.743043599218614
-1.9641070745159686
0.2937151015839339
0.3328102925277694
0.5268949734080008
1.7351439470105747
1.194039734606883
-1.7721866867658869
-1.470543292201106
1.6674981571171674
-1.6498656839497474
2.898619109002219
1.8217116360925623
2.0178896865379716
-2.021378835670112
0.8249845791564381
-2.94743749608761
0.7871393298691496
-1.752132125744265
2.282143709442254
1.2422653563237915
1.3402298772948154
0.05695751802221549
2.9226128285777992
-2.080522603102434
1.2634486508900071
1.9438852527189585
-2.2579726289824547
0.7017083204777395
-0.10882586843641118
-2.4014983120457023
0.7028753391685907
-2.8312777622929968
0.5486346357278284
-2.561843878716936
-2.5557124363599257
1.0796125211461503
-1.3199903053040039
0.6239021261014033
2.0978448420856584
-0.8770603033771525
0.5917949296479428
-1.2474395318624747
2.258655919946899
1.4654977208163018
-0.46060362680226374
-0.7451507475416475
-1.372240048951705
1.3789435736105968
2.3204665342278945
-2.7377838102190517


WIPP_interpgrid.out_Ind2
WIPP_err.out_Ind2
WIPP_headgrid.out_Ind2
0
1
-0.006354813138218507
0.9717538664724032
0.7142480886913727
0.9748416677968532
1
-0.8504123437311075
0.48631543658210497
1
-0.9389735427235912
0.383310758627897
2.1101453641819194
-2.6595171443908763
-0.5502894268195115
-0.885667247580765
2.9621198481964495
0.3716720343558464
-0.14409275679265088
-2.7035311307101626
0.4936342088222574
2.107457810044071
-1.6279569949214143
-2.0808847847640406
2.783533718740941
-1.6042461377447845
0.6998499357595138
0.6533724128758314
-1.5142860059272572
2.036160529538762
1.1339723056741677
1.7859428832499589
-2.2576546824782073
-2.3545528556427175
-2.8034172492285494
2.595975883072442
-1.3990384511863074
0.32644522505351237
-1.6363971118870961
-2.142807574508555
-2.696236669984672
-2.214443603756344
-2.652445135086899
-0.23813881949866067
-0.19228359598788547
-1.481314230791765
1.736054354360295
1.631553731808328
-0.9282403063662734
1.3475236182963188
2.3064429240244255
-0.4645326350244794
-1.9873244116366484
-2.0622951907551417
-1.9539629398698946
0.38046417833016477
-2.416094431226235
-2.032513147556672
0.8039604042342114
0.16783307771932066
-2.8281696172187134
0.3401956219178812
0.5845061724379836
-0.06985787098241492
2.4317691246014794
-2.7542018470062297
-0.23653571497060755
-0.6325933707592739
1.8011837899748695
-1.023429336279726
0.9678298300103609
1.39515884024817
1.2303120741435238
0.18893891475511104
-2.9942051208017353
2.6978640485699437
-0.8393145586598241
0.778178302388941
-1.9320900104396368
-0.050513472769928125
2.459722452049565
-1.305229565429167
1.4417862962480976
-1.3811292372323802
0.8848227421092325
1.880821459579531
0.19169205989913696
-2.7790415041599585
0.7031223130323445
-1.9579431104877212
-2.349114693529666
0.5057256377947459
-0.66669685585798
2.1955190695095324
0.15850248803961708
2.3950805738920957
2.3035858326929723
-1.1548015262478475
-0.7556835154147792
-0.5161762798000913
1.4352684483665952
2.237445201046526
2.4236504439646147
-1.3858694052002989
-1.036092304267835
2.43511093858043
0.9112302825519647
-2.5861232763597126
-1.6995243760776138
-1.0760155318371265
2.896732008257038
2.7574836030157694
0.3125563144818133
-2.872808084904332
0.5462728492494366


WIPP_interpgrid.out_Ind3
WIPP_err.out_Ind3
WIPP_headgrid.out_Ind3
0
1
-0.8657599812190009
0.536313968156158
-0.5453306778571119
0.3206392333750765
1
-0.940364646566906
0.6223402361635326
1
-0.6945327904251495
0.820552515286564
2.9948776103270305
0.2399557952562299
2.8650745581856407
-2.049373041759832
0.2945319828511397
-2.438724803018432
-0.33965783662662385
-0.5228286915302833
-1.2810145384445224
-1.9845725538875358
-0.0752542814937156
2.659013728795994
2.3436580288949607
0.21454798126866237
0.43002331639783886
-1.4753088034310875
1.1446765187970476
2.767267414740642
-0.9972908714228783
-1.4399572008084744
-0.483734299687681
-2.2476152272160848
1.4871648306529943
-0.18855525191512346
-1.9850243703604389
-0.29151674280173356
-1.3018895953362872
0.006665866809666632
0.06652258685931844
-0.009984205939540747
-0.9884792534138453
-1.082105456162879
2.056569393931632
-2.6771956142690105
2.397047713786554
1.3926559314664466
0.3498187006254181
-1.6881759958217402
-2.7130723237911316
-2.382988758803734
0.3423375110605624
0.511561469933433
-1.2943708563064376
1.251604415089301
2.6500801368305407
-2.5358406640574103
-1.4487065352349742
2.094791129602772
-0.027878053986740703
-2.1570171777114204
0.8243155252651322
0.8782572714792165
1.0401648833281154
1.5091631367618357
-2.0597855023904046
-0.3107921794659152
-0.6235792084853982
-2.103904938318615
-2.9567668684574646
2.339377027712473
2.33002686262168
-1.3182080044575368
1.4539080546179166
2.7647823424427243
-1.9523057376687283
1.1914153708339725
2.038147137223838
2.24131924100785
0.6573358324728291
-2.6077733266010394
2.3771467626459986
-2.1600382550075024
-2.996029719819248
-0.299375794120019
-1.8532194242575148
-2.8784900897163617
-0.22475938528389294
-0.8841457970905005
-2.918114830656081
-0.41550714759997653
-2.2105617970794067
1.42740411999654
1.3051689178135
-0.16898789728705088
-1.4080353358333615
-0.5869894722559552
2.6422630301511685
2.803978275075319
-2.683283586978198
1.051633335794027
1.823734338010211
1.7753686474260313
1.0169183626957263
1.8206722391339456
-1.8083262328458816
-0.9711969371954865
1.3554829895536917
-0.8708781705541941
-0.3172288209355565
-2.6190909774423785
-1.331981206203947
0.8582833952017657
1.4515872066863071


