   921.0600       915.6196       5.440430    
   932.7000       920.1934       12.50665    
   913.8000       909.8088       3.991150    
   934.2000       921.0751       13.12494    
   937.2200       919.5099       17.71002    
   920.2400       913.6193       6.620728    
   915.5500       911.8322       3.717773    
   935.6400       919.7691       15.87091    
   920.0200       914.5720       5.448059    
   935.1700       920.6312       14.53876    
   926.6200       917.5801       9.039917    
   927.1900       917.0357       10.15430    
   917.2200       913.2838       3.936218    
   940.0300       921.6688       18.36121    
   921.5900       917.4833       4.106689    
   935.3000       919.8872       15.41278    
   936.8800       924.5963       12.28369    
   917.1600       914.6401       2.519836    
   936.0800       919.1442       16.93585    
   930.9600       918.5034       12.45667    
   932.6600       918.6254       14.03461    
   927.0000       918.0723       8.927734    
   938.8200       920.6003       18.21973    
   915.2000       910.9369       4.263123    
   911.5700       898.6774       12.89264    
   917.1300       914.1038       3.026184    
   935.8900       920.2335       15.65656    
   917.4900       914.0635       3.426514    
   916.5500       913.0891       3.460876    
   915.4700       911.9296       3.540405    
   919.8700       916.5101       3.359924    
   915.3700       910.7172       4.652832    
   936.2600       922.3900       13.87006    
   914.6600       907.1624       7.497620    
   933.1900       924.6095       8.580505    
  
  
   921.0600       924.2465      -3.186523    
   932.7000       931.6924       1.007568    
   913.8000       915.8573      -2.057312    
   934.2000       933.2675      0.9324951    
   937.2200       930.9166       6.303406    
   920.2400       922.3162      -2.076233    
   915.5500       918.7839      -3.233887    
   935.6400       931.5731       4.066895    
   920.0200       923.2271      -3.207092    
   935.1700       933.2700       1.900024    
   926.6200       927.1857     -0.5656738    
   927.1900       926.1948      0.9951782    
   917.2200       920.8242      -3.604187    
   940.0300       934.3002       5.729858    
   921.5900       926.8304      -5.240417    
   935.3000       931.8146       3.485352    
   936.8800       937.6685     -0.7884521    
   917.1600       922.9966      -5.836670    
   936.0800       930.2311       5.848877    
   930.9600       928.8263       2.133728    
   932.6600       929.0813       3.578674    
   927.0000       927.9336     -0.9335938    
   938.8200       933.1899       5.630127    
   915.2000       917.6882      -2.488159    
   911.5700       899.7057       11.86432    
   917.1300       921.3658      -4.235840    
   935.8900       932.4238       3.466187    
   917.4900       921.1038      -3.613831    
   916.5500       919.8262      -3.276184    
   915.4700       918.6144      -3.144409    
   919.8700       925.3838      -5.513794    
   915.3700       917.3027      -1.932678    
   936.2600       934.7049       1.555115    
   914.6600       912.4603       2.199707    
   933.1900       933.2520     -6.1950684E-02
  
  
   921.0600       923.2771      -2.217102    
   932.7000       931.9347      0.7653198    
   913.8000       915.0181      -1.218140    
   934.2000       935.2310      -1.030945    
   937.2200       934.3037       2.916260    
   920.2400       920.1105      0.1294556    
   915.5500       915.6547     -0.1046753    
   935.6400       935.0247      0.6153564    
   920.0200       920.3213     -0.3012695    
   935.1700       936.5697      -1.399719    
   926.6200       925.6241      0.9959106    
   927.1900       925.0368       2.153198    
   917.2200       917.1904      2.9602051E-02
   940.0300       937.7236       2.306458    
   921.5900       926.1607      -4.570679    
   935.3000       936.1370     -0.8370361    
   936.8800       938.6828      -1.802795    
   917.1600       918.6716      -1.511597    
   936.0800       933.8797       2.200317    
   930.9600       930.4676      0.4924316    
   932.6600       931.1007       1.559265    
   927.0000       928.2947      -1.294739    
   938.8200       936.9611       1.858948    
   915.2000       915.6799     -0.4798584    
   911.5700       901.8993       9.670715    
   917.1300       917.6437     -0.5137329    
   935.8900       936.9026      -1.012634    
   917.4900       917.5514     -6.1401367E-02
   916.5500       916.7491     -0.1991577    
   915.4700       916.4152     -0.9451904    
   919.8700       919.8414      2.8564453E-02
   915.3700       915.8923     -0.5222778    
   936.2600       937.8655      -1.605469    
   914.6600       913.3793       1.280640    
   933.1900       932.8138      0.3762207    
