HYDCOND  OBS
5
ID
X
Y
HYDCOND
LOG HYD COND
1          375           375           0.000090          -9.31570088763401
2          375           3375          0.000090          -9.31570088763401
3          375           4875          0.000090          -9.31570088763401
4          625           1375          0.000090          -9.31570088763401
5          1375          375           0.000090          -9.31570088763401
6          1375          3375          0.000090          -9.31570088763401
7          1625          1375          0.000090          -9.31570088763401
8          1625          4625          0.000090          -9.31570088763401
9          1875          2625          0.000090          -9.31570088763401
10         2875          2375          0.000090          -9.31570088763401
11         3125          3875          0.000090          -9.31570088763401
12         3125          4875          0.000090          -9.31570088763401
13         3875          375           0.000090          -9.31570088763401
14         4125          3625          0.000090          -9.31570088763401
15         4375          2375          0.000090          -9.31570088763401
16         4875          4875          0.000090          -9.31570088763401
17         5125          375           0.000090          -9.31570088763401
18         5125          4125          0.000090          -9.31570088763401
19         5625          2125          0.000090          -9.31570088763401
20         6125          625           0.000090          -9.31570088763401
21         6375          3375          0.000090          -9.31570088763401
22         6875          4625          0.000090          -9.31570088763401
23         7125          375           0.000090          -9.31570088763401
24         7125          2875          0.000090          -9.31570088763401
25         7875          2125          0.000090          -9.31570088763401
26         7875          3375          0.000090          -9.31570088763401
27         8125          875           0.000090          -9.31570088763401
28         8375          4875          0.000090          -9.31570088763401
29         8875          1375          0.000090          -9.31570088763401
30         8875          4125          0.000090          -9.31570088763401