gen   0
  0.3350522    
  0.3447453    
  0.3302689    
  0.3303856    
  0.3208670    
  0.3247312    
  0.3343675    
  0.3312159    
  0.3197442    
  0.3294267    
  0.3260481    
  0.3269610    
  0.3263684    
  0.3441382    
  0.3336905    
  0.3344105    
  0.3382036    
  0.3240382    
  0.3241989    
  0.3213383    
  0.3210267    
  0.3150887    
  0.3288226    
  0.3415868    
  0.3232018    
  0.3263571    
  0.3262073    
  0.3226753    
  0.3257394    
  0.3304712    
  0.3321633    
  0.3255743    
  0.3252177    
  0.3311259    
  0.3389886    
  0.3231054    
  0.3166389    
  0.3335794    
  0.3356217    
  0.3288743    
  0.3317963    
  0.3154942    
  0.3442433    
  0.3255776    
  0.3195210    
  0.3231255    
  0.3257797    
  0.3275138    
  0.3306768    
  0.3172634    
  
  
  0.3351232    
  0.3448158    
  0.3302749    
  0.3304944    
  0.3209120    
  0.3247505    
  0.3343354    
  0.3314756    
  0.3198472    
  0.3296279    
  0.3261683    
  0.3268991    
  0.3263469    
  0.3440200    
  0.3338072    
  0.3344092    
  0.3385356    
  0.3241971    
  0.3241157    
  0.3213269    
  0.3211702    
  0.3150768    
  0.3287474    
  0.3416809    
  0.3233408    
  0.3264227    
  0.3262441    
  0.3226175    
  0.3257795    
  0.3307014    
  0.3324353    
  0.3253844    
  0.3255628    
  0.3313611    
  0.3386661    
  0.3231350    
  0.3166138    
  0.3334400    
  0.3358568    
  0.3289312    
  0.3321668    
  0.3158093    
  0.3442685    
  0.3257411    
  0.3195615    
  0.3233063    
  0.3256732    
  0.3277400    
  0.3307096    
  0.3172582    
  
  
  0.3332366    
  0.3389100    
  0.3317773    
  0.3331546    
  0.3249032    
  0.3319852    
  0.3321159    
  0.3322873    
  0.3264871    
  0.3322556    
  0.3311350    
  0.3296479    
  0.3290407    
  0.3364260    
  0.3350547    
  0.3321450    
  0.3327356    
  0.3265426    
  0.3279352    
  0.3288133    
  0.3267665    
  0.3268547    
  0.3331083    
  0.3388543    
  0.3292666    
  0.3328976    
  0.3279360    
  0.3235273    
  0.3313384    
  0.3305199    
  0.3319432    
  0.3274199    
  0.3279895    
  0.3325947    
  0.3360313    
  0.3283832    
  0.3250293    
  0.3367887    
  0.3367054    
  0.3336383    
  0.3356082    
  0.3247835    
  0.3391516    
  0.3321295    
  0.3287362    
  0.3301305    
  0.3296208    
  0.3340344    
  0.3336927    
  0.3274561    
  
  
  0.3345391    
  0.3387667    
  0.3333931    
  0.3338931    
  0.3258355    
  0.3331412    
  0.3316549    
  0.3328409    
  0.3272768    
  0.3334337    
  0.3321245    
  0.3297195    
  0.3298509    
  0.3376426    
  0.3350066    
  0.3322373    
  0.3328958    
  0.3269494    
  0.3301304    
  0.3310385    
  0.3272917    
  0.3274916    
  0.3355689    
  0.3393092    
  0.3300336    
  0.3343133    
  0.3295142    
  0.3241462    
  0.3330777    
  0.3310542    
  0.3339116    
  0.3294331    
  0.3282182    
  0.3328986    
  0.3374011    
  0.3286240    
  0.3270649    
  0.3371850    
  0.3366193    
  0.3348728    
  0.3371086    
  0.3270603    
  0.3402662    
  0.3337410    
  0.3296128    
  0.3306255    
  0.3303865    
  0.3344613    
  0.3346301    
  0.3285699    
  
  
  0.3377358    
  0.3448054    
  0.3334537    
  0.3327829    
  0.3240711    
  0.3288208    
  0.3341766    
  0.3314429    
  0.3217744    
  0.3320752    
  0.3284606    
  0.3266822    
  0.3287912    
  0.3476107    
  0.3333230    
  0.3333428    
  0.3406562    
  0.3271966    
  0.3288789    
  0.3278162    
  0.3216123    
  0.3168121    
  0.3346813    
  0.3424185    
  0.3258624    
  0.3290966    
  0.3284315    
  0.3231748    
  0.3302172    
  0.3318352    
  0.3374872    
  0.3305331    
  0.3299104    
  0.3327830    
  0.3416630    
  0.3235885    
  0.3223372    
  0.3345229    
  0.3357993    
  0.3335530    
  0.3362962    
  0.3222509    
  0.3465811    
  0.3320874    
  0.3223574    
  0.3232507    
  0.3267380    
  0.3300797    
  0.3344084    
  0.3188764    
  
  
  0.3355335    
  0.3397265    
  0.3343397    
  0.3345518    
  0.3266149    
  0.3340157    
  0.3327747    
  0.3332401    
  0.3285518    
  0.3336714    
  0.3330829    
  0.3303504    
  0.3301997    
  0.3382716    
  0.3348407    
  0.3333397    
  0.3337989    
  0.3275198    
  0.3312792    
  0.3319771    
  0.3280696    
  0.3285374    
  0.3365608    
  0.3405948    
  0.3306791    
  0.3350849    
  0.3303031    
  0.3247291    
  0.3328548    
  0.3316140    
  0.3345500    
  0.3303118    
  0.3288792    
  0.3333271    
  0.3382810    
  0.3292100    
  0.3281073    
  0.3382879    
  0.3372087    
  0.3357330    
  0.3376962    
  0.3277040    
  0.3410129    
  0.3340262    
  0.3302953    
  0.3310491    
  0.3314608    
  0.3350430    
  0.3352622    
  0.3291890    
  
  
  0.3406119    
  0.3483467    
  0.3360718    
  0.3345796    
  0.3269425    
  0.3303517    
  0.3368449    
  0.3322434    
  0.3234060    
  0.3343954    
  0.3315424    
  0.3287963    
  0.3311983    
  0.3498041    
  0.3348085    
  0.3348854    
  0.3439785    
  0.3294749    
  0.3310773    
  0.3316863    
  0.3230888    
  0.3194311    
  0.3367424    
  0.3447489    
  0.3283178    
  0.3317308    
  0.3306410    
  0.3246804    
  0.3306730    
  0.3329329    
  0.3397414    
  0.3342032    
  0.3327514    
  0.3357246    
  0.3437732    
  0.3243287    
  0.3257981    
  0.3368928    
  0.3378938    
  0.3373317    
  0.3388018    
  0.3242719    
  0.3488067    
  0.3346761    
  0.3247257    
  0.3252876    
  0.3289029    
  0.3324362    
  0.3362796    
  0.3209908    
  
  
  0.3408676    
  0.3487677    
  0.3366581    
  0.3355256    
  0.3274230    
  0.3305715    
  0.3364309    
  0.3320541    
  0.3234058    
  0.3345162    
  0.3320128    
  0.3278940    
  0.3304571    
  0.3494470    
  0.3349236    
  0.3348897    
  0.3438225    
  0.3300221    
  0.3311806    
  0.3314690    
  0.3242270    
  0.3199291    
  0.3371761    
  0.3444472    
  0.3285597    
  0.3324542    
  0.3302185    
  0.3243004    
  0.3314016    
  0.3321089    
  0.3396402    
  0.3334014    
  0.3325402    
  0.3358214    
  0.3435867    
  0.3246641    
  0.3253090    
  0.3365794    
  0.3382912    
  0.3374521    
  0.3394170    
  0.3239982    
  0.3483789    
  0.3351359    
  0.3248205    
  0.3258177    
  0.3297099    
  0.3326856    
  0.3362734    
  0.3220163    
  
  
  0.3416001    
  0.3506931    
  0.3372411    
  0.3368351    
  0.3292990    
  0.3316133    
  0.3382441    
  0.3337104    
  0.3247170    
  0.3354647    
  0.3336427    
  0.3296078    
  0.3320710    
  0.3508304    
  0.3367250    
  0.3363323    
  0.3455698    
  0.3311109    
  0.3317294    
  0.3332163    
  0.3250924    
  0.3219430    
  0.3379167    
  0.3452550    
  0.3296745    
  0.3341414    
  0.3308728    
  0.3249944    
  0.3316477    
  0.3328736    
  0.3409951    
  0.3354788    
  0.3343284    
  0.3371886    
  0.3444457    
  0.3256013    
  0.3267598    
  0.3381691    
  0.3400231    
  0.3388203    
  0.3404506    
  0.3247091    
  0.3495296    
  0.3362416    
  0.3254566    
  0.3270546    
  0.3300672    
  0.3335497    
  0.3369741    
  0.3239209    
  
  
  0.3420961    
  0.3468803    
  0.3394068    
  0.3399855    
  0.3316341    
  0.3404968    
  0.3386701    
  0.3380889    
  0.3334616    
  0.3395622    
  0.3380554    
  0.3361075    
  0.3339880    
  0.3443511    
  0.3393851    
  0.3374207    
  0.3392709    
  0.3342004    
  0.3367280    
  0.3365919    
  0.3324502    
  0.3339741    
  0.3418070    
  0.3451658    
  0.3361734    
  0.3395720    
  0.3351437    
  0.3289315    
  0.3387508    
  0.3353061    
  0.3394333    
  0.3349294    
  0.3337722    
  0.3398741    
  0.3428444    
  0.3342267    
  0.3327207    
  0.3445535    
  0.3427407    
  0.3411604    
  0.3424953    
  0.3317001    
  0.3454531    
  0.3404898    
  0.3338571    
  0.3363564    
  0.3367969    
  0.3397969    
  0.3408936    
  0.3357122    
  
  
