HYDCOND  OBS				
5				
ID				
X				
Y				
HYDCOND				
HYDCOND RES				
2	2314	14662	-2.9	0.21598
3	2726	26579	-3.3	-0.03209
4	4685	17528	-3.5	-0.01378
5	4762	2959	-3.3	0.28998
6	6395	8140	-2.8	0.39794
7	7002	12377	-5.7	0.27914
8	7384	15476	-3.5	0.16212
9	8910	18483	-4.4	-0.01524
10	8924	12247	-7	-0.95938
11	9566	28180	-3.6	-0.15124
12	10564	16666	-5.7	0.73159
13	10641	13854	-6.5	-0.26934
14	10706	11999	-6.1	0.05221
15	10861	16927	-4.5	0.0154
16	10905	14236	-6.6	-0.32261
17	10944	17747	-4.1	0.4218
18	10966	15168	-6.2	0.13594
19	11491	11549	-6.5	-0.32943
20	11669	15712	-6.1	0.34962
21	11723	15184	-6	0.41295
22	11968	13853	-5.9	0.47178
23	11983	18794	-4	0.69492
24	11996	15458	-6.3	0.1525
25	12010	17024	-7	-0.39627
26	12021	23201	-6.7	-0.35131
27	12029	14395	-4.7	-0.22131
28	12035	16679	-6.5	0.0684
29	12039	16153	-6.4	0.10549
30	12039	16282	-6.2	0.32598
31	12043	15819	-6.6	-0.11148
32	12076	17473	-4.7	-0.02729
33	12226	10966	-6	0.24762
34	12274	1734	-4	-0.22763
35	12814	14216	-5.2	-0.62242
36	12986	17018	-6.8	-0.15139
37	13028	14266	-4.9	-0.28895
38	13253	954	-4.3	-0.51632
39	13503	13833	-4.9	-0.21004
40	13601	12631	-4.3	0.25314
41	13615	15359	-6.8	-0.12631
42	14018	11013	-6.6	-0.1431
43	15203	18302	-6.7	0.02946
44	15323	8952	-6.7	-0.07647
45	19426	22881	-6.8	-0.11078
46	21275	5973	-7.4	-0.01484
-1	10958	990	1	-0.065875847
-2	8900	2440	2	0.217491917
-3	10600	3160	3	-0.650007997
-4	8277	5870	4	-0.751560264
-5	4876	11670	5	-0.81094908
-6	2578	16930	6	0.678933236
-7	5499	20530	7	-0.58442884
-8	13600	23900	8	-0.864564553
-9	9800	24000	9	0.596117751
-10	11740	24610	10	0.51634287
-11	7223	24690	11	0.508111966
-12	9600	25750	12	-0.67149868
-13	15350	920	13	-0.401098758
-14	17290	960	14	-0.867105957
-15	19900	960	15	0.353280326
-16	18580	1660	16	-0.173355303
-17	21270	1700	17	0.688543996
-18	14560	1790	18	0.051533898
-19	16260	1960	19	0.456016081
-20	13070	2320	20	0.931094053
-21	19860	2500	21	-0.734967678
-22	17710	2750	22	-0.450236218
-23	14890	2880	23	0.259749372
-24	20980	3270	24	-0.52612237
-25	16340	3450	25	-0.866441256
-26	19070	3530	26	-0.2661985
-27	12114	3820	27	0.114652732
-28	13820	3820	28	-0.314275997
-29	17790	4270	29	0.310917538
-30	15020	4410	30	-0.250138704
-31	21270	4540	31	-0.826047083
-32	19940	4620	32	0.419631013
-33	16470	4880	33	0.786437805
-34	12300	4970	34	0.342561405
-35	10800	5190	35	-0.118672809
-36	13730	5190	36	-0.423047404
-37	18910	5760	37	0.052964139
-38	17120	5790	38	-0.084010122
-39	15220	6000	39	0.172637387
-40	12370	6510	40	0.988090332
-41	14070	6700	41	-0.441123683
-42	10840	6710	42	-0.484496196
-43	13760	7880	43	-0.536030191
-44	12200	7900	44	-0.172481542
-45	10890	7940	45	-0.996674945
-46	10010	8540	46	0.462188828
-47	11580	8750	47	0.33641495
-48	12870	8950	48	-0.283660236
-49	9720	9570	49	-0.567160977
-50	11040	9730	50	-0.786464231
-51	12900	10000	51	0.975157436
-52	11940	10120	52	0.192771934
-53	9075	10490	53	0.249619941
-54	10557	10590	54	-0.097063623
-55	8466	11210	55	-0.976282769
-56	10100	11310	56	0.451433078
-57	12999	11400	57	0.969718608
-58	12185	11750	58	-0.01872764
-59	13276	12080	59	-0.015128509
-60	9873	12150	60	-0.617086371
-61	11363	12260	61	0.872933734
-62	13809	12350	62	0.020957249
-63	7981	12380	63	0.615860869
-64	12677	12510	64	0.611888834
-65	11941	12840	65	-0.49457259
-66	10695	12960	66	0.134046556
-67	9070	12980	67	0.789450825
-68	13874	13280	68	-0.890823653
-69	12769	13390	69	-0.011066843
-70	9920	13660	70	0.051262278
-71	11364	13740	71	0.5521753
-72	12368	13980	72	-0.474673188
-73	11967	14140	73	-0.996415782
-74	7356	14310	74	0.471943769
-75	13749	14350	75	-0.53581279
-76	11585	14430	76	-0.340726449
-77	5900	14500	77	-0.4095606
-78	8910	14580	78	-0.658624303
-79	10947	14740	79	0.879270705
-80	13177	14810	80	-0.488382906
-81	12013	14870	81	-0.536602274
-82	12467	14870	82	-0.955433751
-83	11381	15180	83	0.009039351
-84	9900	15900	84	-0.635095295
-85	12990	16150	85	-0.844301637
-86	13976	16210	86	0.302301954
-87	11211	16520	87	0.028101536
-88	15320	16960	88	0.521429798
-89	8300	17250	89	-0.207611256
-90	12454	17280	90	-0.527716871
-91	6760	17460	91	-0.38517062
-92	14052	17630	92	0.702634672
-93	9727	17730	93	0.498215111
-94	11725	18260	94	-0.86339866
-95	17041	18510	95	0.451803273
-96	13960	19250	96	-0.196306099
-97	11940	19570	97	-0.529697603
-98	9350	19610	98	0.919336901
-99	7400	19900	99	-0.313483932
-100	19020	20090	100	-0.979685301
-101	17320	20620	101	-0.06446171
-102	12000	21000	102	-0.650930214
-103	14443	21280	103	-0.906030178
-104	9132	21920	104	-0.294434769
-105	16920	22450	105	-0.539511559
-106	16993	24310	106	0.826347513
-107	19350	24610	107	-0.214537522
-108	15390	24910	108	-0.917195247
-109	13920	26170	109	-0.308397327
-110	12100	26900	110	-0.593251023
-111	15300	27880	111	-0.694958887
-112	13440	28270	112	-0.262307176
-113	10300	29720	113	0.491630724
-114	12000	29750	114	-0.783252549
-115	13680	29760	115	0.022861884
-116	50	50	116	0
-117	50	1300	117	0
-118	50	2550	118	0
-119	50	3800	119	0
-120	50	5050	120	0
-121	50	6300	121	0
-122	50	7550	122	0
-123	50	8800	123	0
-124	50	10050	124	0
-125	50	11300	125	0
-126	50	12550	126	0
-127	50	13800	127	0
-128	50	15050	128	0
-129	50	16300	129	0
-130	50	17550	130	0
-131	50	18800	131	0
-132	50	20050	132	0
-133	50	21300	133	0
-134	50	22550	134	0
-135	50	23800	135	0
-136	50	25050	136	0
-137	50	26300	137	0
-138	50	27550	138	0
-139	50	28800	139	0
-140	50	30050	140	0
-141	1300	50	141	0
-142	1300	1300	142	0
-143	1300	2550	143	0
-144	1300	3800	144	0
-145	1300	5050	145	0
-146	1300	6300	146	0
-147	1300	7550	147	0
-148	1300	8800	148	0
-149	1300	10050	149	0
-150	1300	11300	150	0
-151	1300	12550	151	0
-152	1300	13800	152	0
-153	1300	15050	153	0
-154	1300	16300	154	0
-155	1300	17550	155	0
-156	1300	18800	156	0
-157	1300	20050	157	0
-158	1300	21300	158	0
-159	1300	22550	159	0
-160	1300	23800	160	0
-161	1300	25050	161	0
-162	1300	26300	162	0
-163	1300	27550	163	0
-164	1300	28800	164	0
-165	1300	30050	165	0
-166	2550	50	166	0
-167	2550	1300	167	0
-168	2550	2550	168	0
-169	2550	3800	169	0
-170	2550	5050	170	0
-171	2550	6300	171	0
-172	2550	7550	172	0
-173	2550	8800	173	0
-174	2550	10050	174	0
-175	2550	11300	175	0
-176	2550	12550	176	0
-177	2550	13800	177	0
-178	2550	15050	178	0
-179	2550	16300	179	0
-180	2550	17550	180	0
-181	2550	18800	181	0
-182	2550	20050	182	0
-183	2550	21300	183	0
-184	2550	22550	184	0
-185	2550	23800	185	0
-186	2550	25050	186	0
-187	2550	26300	187	0
-188	2550	27550	188	0
-189	2550	28800	189	0
-190	2550	30050	190	0
-191	3800	50	191	0
-192	3800	1300	192	0
-193	3800	2550	193	0
-194	3800	3800	194	0
-195	3800	5050	195	0
-196	3800	6300	196	0
-197	3800	7550	197	0
-198	3800	8800	198	0
-199	3800	10050	199	0
-200	3800	11300	200	0
-201	3800	12550	201	0
-202	3800	13800	202	0
-203	3800	15050	203	0
-204	3800	16300	204	0
-205	3800	17550	205	0
-206	3800	18800	206	0
-207	3800	20050	207	0
-208	3800	21300	208	0
-209	3800	22550	209	0
-210	3800	23800	210	0
-211	3800	25050	211	0
-212	3800	26300	212	0
-213	3800	27550	213	0
-214	3800	28800	214	0
-215	3800	30050	215	0
-216	5050	50	216	0
-217	5050	1300	217	0
-218	5050	2550	218	0
-219	5050	3800	219	0
-220	5050	5050	220	0
-221	5050	6300	221	0
-222	5050	7550	222	0
-223	5050	8800	223	0
-224	5050	10050	224	0
-225	5050	11300	225	0
-226	5050	12550	226	0
-227	5050	13800	227	0
-228	5050	15050	228	0
-229	5050	16300	229	0
-230	5050	17550	230	0
-231	5050	18800	231	0
-232	5050	20050	232	0
-233	5050	21300	233	0
-234	5050	22550	234	0
-235	5050	23800	235	0
-236	5050	25050	236	0
-237	5050	26300	237	0
-238	5050	27550	238	0
-239	5050	28800	239	0
-240	5050	30050	240	0
-241	6300	50	241	0
-242	6300	1300	242	0
-243	6300	2550	243	0
-244	6300	3800	244	0
-245	6300	5050	245	0
-246	6300	6300	246	0
-247	6300	7550	247	0
-248	6300	8800	248	0
-249	6300	10050	249	0
-250	6300	11300	250	0
-251	6300	12550	251	0
-252	6300	13800	252	0
-253	6300	15050	253	0
-254	6300	16300	254	0
-255	6300	17550	255	0
-256	6300	18800	256	0
-257	6300	20050	257	0
-258	6300	21300	258	0
-259	6300	22550	259	0
-260	6300	23800	260	0
-261	6300	25050	261	0
-262	6300	26300	262	0
-263	6300	27550	263	0
-264	6300	28800	264	0
-265	6300	30050	265	0
-266	7550	50	266	0
-267	7550	1300	267	0
-268	7550	2550	268	0
-269	7550	3800	269	0
-270	7550	5050	270	0
-271	7550	6300	271	0
-272	7550	7550	272	0
-273	7550	8800	273	0
-274	7550	10050	274	0
-275	7550	11300	275	0
-276	7550	12550	276	0
-277	7550	13800	277	0
-278	7550	15050	278	0
-279	7550	16300	279	0
-280	7550	17550	280	0
-281	7550	18800	281	0
-282	7550	20050	282	0
-283	7550	21300	283	0
-284	7550	22550	284	0
-285	7550	23800	285	0
-286	7550	25050	286	0
-287	7550	26300	287	0
-288	7550	27550	288	0
-289	7550	28800	289	0
-290	7550	30050	290	0
-291	8800	50	291	0
-292	8800	1300	292	0
-293	8800	2550	293	0
-294	8800	3800	294	0
-295	8800	5050	295	0
-296	8800	6300	296	0
-297	8800	7550	297	0
-298	8800	8800	298	0
-299	8800	10050	299	0
-300	8800	11300	300	0
-301	8800	12550	301	0
-302	8800	13800	302	0
-303	8800	15050	303	0
-304	8800	16300	304	0
-305	8800	17550	305	0
-306	8800	18800	306	0
-307	8800	20050	307	0
-308	8800	21300	308	0
-309	8800	22550	309	0
-310	8800	23800	310	0
-311	8800	25050	311	0
-312	8800	26300	312	0
-313	8800	27550	313	0
-314	8800	28800	314	0
-315	8800	30050	315	0
-316	10050	50	316	0
-317	10050	1300	317	0
-318	10050	2550	318	0
-319	10050	3800	319	0
-320	10050	5050	320	0
-321	10050	6300	321	0
-322	10050	7550	322	0
-323	10050	8800	323	0
-324	10050	10050	324	0
-325	10050	11300	325	0
-326	10050	12550	326	0
-327	10050	13800	327	0
-328	10050	15050	328	0
-329	10050	16300	329	0
-330	10050	17550	330	0
-331	10050	18800	331	0
-332	10050	20050	332	0
-333	10050	21300	333	0
-334	10050	22550	334	0
-335	10050	23800	335	0
-336	10050	25050	336	0
-337	10050	26300	337	0
-338	10050	27550	338	0
-339	10050	28800	339	0
-340	10050	30050	340	0
-341	11300	50	341	0
-342	11300	1300	342	0
-343	11300	2550	343	0
-344	11300	3800	344	0
-345	11300	5050	345	0
-346	11300	6300	346	0
-347	11300	7550	347	0
-348	11300	8800	348	0
-349	11300	10050	349	0
-350	11300	11300	350	0
-351	11300	12550	351	0
-352	11300	13800	352	0
-353	11300	15050	353	0
-354	11300	16300	354	0
-355	11300	17550	355	0
-356	11300	18800	356	0
-357	11300	20050	357	0
-358	11300	21300	358	0
-359	11300	22550	359	0
-360	11300	23800	360	0
-361	11300	25050	361	0
-362	11300	26300	362	0
-363	11300	27550	363	0
-364	11300	28800	364	0
-365	11300	30050	365	0
-366	12550	50	366	0
-367	12550	1300	367	0
-368	12550	2550	368	0
-369	12550	3800	369	0
-370	12550	5050	370	0
-371	12550	6300	371	0
-372	12550	7550	372	0
-373	12550	8800	373	0
-374	12550	10050	374	0
-375	12550	11300	375	0
-376	12550	12550	376	0
-377	12550	13800	377	0
-378	12550	15050	378	0
-379	12550	16300	379	0
-380	12550	17550	380	0
-381	12550	18800	381	0
-382	12550	20050	382	0
-383	12550	21300	383	0
-384	12550	22550	384	0
-385	12550	23800	385	0
-386	12550	25050	386	0
-387	12550	26300	387	0
-388	12550	27550	388	0
-389	12550	28800	389	0
-390	12550	30050	390	0
-391	13800	50	391	0
-392	13800	1300	392	0
-393	13800	2550	393	0
-394	13800	3800	394	0
-395	13800	5050	395	0
-396	13800	6300	396	0
-397	13800	7550	397	0
-398	13800	8800	398	0
-399	13800	10050	399	0
-400	13800	11300	400	0
-401	13800	12550	401	0
-402	13800	13800	402	0
-403	13800	15050	403	0
-404	13800	16300	404	0
-405	13800	17550	405	0
-406	13800	18800	406	0
-407	13800	20050	407	0
-408	13800	21300	408	0
-409	13800	22550	409	0
-410	13800	23800	410	0
-411	13800	25050	411	0
-412	13800	26300	412	0
-413	13800	27550	413	0
-414	13800	28800	414	0
-415	13800	30050	415	0
-416	15050	50	416	0
-417	15050	1300	417	0
-418	15050	2550	418	0
-419	15050	3800	419	0
-420	15050	5050	420	0
-421	15050	6300	421	0
-422	15050	7550	422	0
-423	15050	8800	423	0
-424	15050	10050	424	0
-425	15050	11300	425	0
-426	15050	12550	426	0
-427	15050	13800	427	0
-428	15050	15050	428	0
-429	15050	16300	429	0
-430	15050	17550	430	0
-431	15050	18800	431	0
-432	15050	20050	432	0
-433	15050	21300	433	0
-434	15050	22550	434	0
-435	15050	23800	435	0
-436	15050	25050	436	0
-437	15050	26300	437	0
-438	15050	27550	438	0
-439	15050	28800	439	0
-440	15050	30050	440	0
-441	16300	50	441	0
-442	16300	1300	442	0
-443	16300	2550	443	0
-444	16300	3800	444	0
-445	16300	5050	445	0
-446	16300	6300	446	0
-447	16300	7550	447	0
-448	16300	8800	448	0
-449	16300	10050	449	0
-450	16300	11300	450	0
-451	16300	12550	451	0
-452	16300	13800	452	0
-453	16300	15050	453	0
-454	16300	16300	454	0
-455	16300	17550	455	0
-456	16300	18800	456	0
-457	16300	20050	457	0
-458	16300	21300	458	0
-459	16300	22550	459	0
-460	16300	23800	460	0
-461	16300	25050	461	0
-462	16300	26300	462	0
-463	16300	27550	463	0
-464	16300	28800	464	0
-465	16300	30050	465	0
-466	17550	50	466	0
-467	17550	1300	467	0
-468	17550	2550	468	0
-469	17550	3800	469	0
-470	17550	5050	470	0
-471	17550	6300	471	0
-472	17550	7550	472	0
-473	17550	8800	473	0
-474	17550	10050	474	0
-475	17550	11300	475	0
-476	17550	12550	476	0
-477	17550	13800	477	0
-478	17550	15050	478	0
-479	17550	16300	479	0
-480	17550	17550	480	0
-481	17550	18800	481	0
-482	17550	20050	482	0
-483	17550	21300	483	0
-484	17550	22550	484	0
-485	17550	23800	485	0
-486	17550	25050	486	0
-487	17550	26300	487	0
-488	17550	27550	488	0
-489	17550	28800	489	0
-490	17550	30050	490	0
-491	18800	50	491	0
-492	18800	1300	492	0
-493	18800	2550	493	0
-494	18800	3800	494	0
-495	18800	5050	495	0
-496	18800	6300	496	0
-497	18800	7550	497	0
-498	18800	8800	498	0
-499	18800	10050	499	0
-500	18800	11300	500	0
-501	18800	12550	501	0
-502	18800	13800	502	0
-503	18800	15050	503	0
-504	18800	16300	504	0
-505	18800	17550	505	0
-506	18800	18800	506	0
-507	18800	20050	507	0
-508	18800	21300	508	0
-509	18800	22550	509	0
-510	18800	23800	510	0
-511	18800	25050	511	0
-512	18800	26300	512	0
-513	18800	27550	513	0
-514	18800	28800	514	0
-515	18800	30050	515	0
-516	20050	50	516	0
-517	20050	1300	517	0
-518	20050	2550	518	0
-519	20050	3800	519	0
-520	20050	5050	520	0
-521	20050	6300	521	0
-522	20050	7550	522	0
-523	20050	8800	523	0
-524	20050	10050	524	0
-525	20050	11300	525	0
-526	20050	12550	526	0
-527	20050	13800	527	0
-528	20050	15050	528	0
-529	20050	16300	529	0
-530	20050	17550	530	0
-531	20050	18800	531	0
-532	20050	20050	532	0
-533	20050	21300	533	0
-534	20050	22550	534	0
-535	20050	23800	535	0
-536	20050	25050	536	0
-537	20050	26300	537	0
-538	20050	27550	538	0
-539	20050	28800	539	0
-540	20050	30050	540	0
-541	21300	50	541	0
-542	21300	1300	542	0
-543	21300	2550	543	0
-544	21300	3800	544	0
-545	21300	5050	545	0
-546	21300	6300	546	0
-547	21300	7550	547	0
-548	21300	8800	548	0
-549	21300	10050	549	0
-550	21300	11300	550	0
-551	21300	12550	551	0
-552	21300	13800	552	0
-553	21300	15050	553	0
-554	21300	16300	554	0
-555	21300	17550	555	0
-556	21300	18800	556	0
-557	21300	20050	557	0
-558	21300	21300	558	0
-559	21300	22550	559	0
-560	21300	23800	560	0
-561	21300	25050	561	0
-562	21300	26300	562	0
-563	21300	27550	563	0
-564	21300	28800	564	0
-565	21300	30050	565	0
-566	22550	50	566	0
-567	22550	1300	567	0
-568	22550	2550	568	0
-569	22550	3800	569	0
-570	22550	5050	570	0
-571	22550	6300	571	0
-572	22550	7550	572	0
-573	22550	8800	573	0
-574	22550	10050	574	0
-575	22550	11300	575	0
-576	22550	12550	576	0
-577	22550	13800	577	0
-578	22550	15050	578	0
-579	22550	16300	579	0
-580	22550	17550	580	0
-581	22550	18800	581	0
-582	22550	20050	582	0
-583	22550	21300	583	0
-584	22550	22550	584	0
-585	22550	23800	585	0
-586	22550	25050	586	0
-587	22550	26300	587	0
-588	22550	27550	588	0
-589	22550	28800	589	0
-590	22550	30050	590	0
