Williams Field Ca SKlm Example
5
X
Y
CEC
Ca
Ca Mean
      0.00      4.45     15.50   4158.00   4270.15
      0.00     54.80     21.40   5940.00   5866.10
      0.00    105.16     20.40   6138.00   5595.60
      0.00    155.52     18.40   4950.00   5054.60
      0.00    205.87     16.50   4356.00   4540.65
      0.00    256.23     15.30   3762.00   4216.05
      0.00    306.59     17.00   3663.00   4675.90
      0.00    356.83     16.30   3465.00   4486.55
      0.00    409.53     16.30   3861.00   4486.55
      0.00    459.88     15.10   4059.00   4161.95
      0.00    510.24     16.40   4158.00   4513.60
      0.00    560.60     15.40   4950.00   4243.10
      0.00    610.95     17.60   5445.00   4838.20
      0.00    661.31     17.30   5346.00   4757.05
      0.00    711.67     21.00   7326.00   5757.90
      0.00    762.02     15.10   3960.00   4161.95
      4.92   1166.44     14.70   4455.00   4053.75
      4.92   1116.08     18.30   5148.00   5027.55
      4.92   1065.72     17.10   4851.00   4702.95
      4.92   1015.37     15.40   4554.00   4243.10
      4.92    965.01     15.70   4158.00   4324.25
      4.92    914.65     19.90   5247.00   5460.35
      4.92    864.29     19.50   5148.00   5352.15
      4.92    814.05     17.00   4752.00   4675.90
      9.75   1574.63     13.50   3762.00   3729.15
      9.75   1524.27     14.60   3861.00   4026.70
      9.75   1473.91     14.20   4455.00   3918.50
      9.75   1423.67     15.20   4356.00   4189.00
      9.75   1373.31     17.00   5247.00   4675.90
      9.75   1322.95     13.90   4158.00   3837.35
      9.75   1272.60     13.90   4158.00   3837.35
      9.75   1222.24     12.80   3762.00   3539.80
     50.11    356.83     15.50   3267.00   4270.15
     50.11    306.59     18.00   4356.00   4946.40
     50.11    256.23     14.50   3366.00   3999.65
     50.11    205.87     19.20   4950.00   5271.00
     50.11    155.52     16.60   5247.00   4567.70
     50.11    105.16     18.10   5346.00   4973.45
     50.11     54.80     19.00   5049.00   5216.90
     50.11      4.45     16.60   4158.00   4567.70
     50.19    762.02     14.20   4257.00   3918.50
     50.19    711.67     17.20   5742.00   4730.00
     50.19    661.31     16.60   5148.00   4567.70
     50.19    610.95     18.60   5742.00   5108.70
     50.19    560.60     16.40   4455.00   4513.60
     50.19    510.24     14.60   3465.00   4026.70
     50.19    459.88     15.80   3762.00   4351.30
     50.19    409.53     16.30   4554.00   4486.55
     55.10   1166.44     15.80   5148.00   4351.30
     55.10   1116.08     17.90   4455.00   4919.35
     55.10   1065.72     15.30   4356.00   4216.05
     55.10   1015.37     15.00   3663.00   4134.90
     55.10    965.01     16.80   4356.00   4621.80
     55.10    914.65     19.20   4851.00   5271.00
     55.10    874.74     19.60   5148.00   5379.20
     55.10    814.05     15.90   4554.00   4378.35
     59.93   1574.63     14.70   3861.00   4053.75
     59.93   1524.27     14.90   4455.00   4107.85
     59.93   1473.91     12.90   4158.00   3566.85
     59.93   1423.67     17.60   4950.00   4838.20
     59.93   1373.31     14.80   4059.00   4080.80
     59.93   1322.95     11.30   3267.00   3134.05
     59.93   1272.60     12.70   3465.00   3512.75
     59.93   1222.24     11.70   3663.00   3242.25
     90.03    914.65     21.70   5643.00   5947.25
    100.29    762.02     23.10   7623.00   6325.95
    100.29    711.67     15.30   5148.00   4216.05
    100.29    661.31     16.80   4950.00   4621.80
    100.29    610.95     17.70   5049.00   4865.25
    100.29    560.60     17.70   5148.00   4865.25
    100.29    510.24     16.30   3861.00   4486.55
    100.30    459.88     14.70   4158.00   4053.75
    100.30    409.53     16.50   4554.00   4540.65
    100.30    356.83     18.30   3960.00   5027.55
    100.30    306.59     16.70   3663.00   4594.75
    100.30    256.23     14.30   3564.00   3945.55
    100.30    205.87     14.40   3267.00   3972.60
    100.30    155.52     15.10   4059.00   4161.95
    100.30    105.16     19.50   5742.00   5352.15
    100.30     54.80     19.60   5346.00   5379.20
    100.30      4.45     17.50   4455.00   4811.15
    105.20   1166.44     15.20   4455.00   4189.00
    105.20   1116.08     17.30   4554.00   4757.05
    105.20   1065.72     14.80   3663.00   4080.80
    105.20   1015.37     19.30   4851.00   5298.05
    105.21    965.01     20.10   5346.00   5514.45
    105.21    864.29     18.20   4257.00   5000.50
    105.21    814.05     15.60   4455.00   4297.20
    110.03   1574.63     15.90   4752.00   4378.35
    110.03   1524.27     14.80   4257.00   4080.80
    110.03   1473.91     16.80   5544.00   4621.80
    110.03   1423.67     15.00   4554.00   4134.90
    110.03   1373.31     13.80   3663.00   3810.30
    110.03   1322.95     11.90   3366.00   3296.35
    110.03   1272.60     15.20   3861.00   4189.00
    110.03   1222.24     13.20   3960.00   3648.00
    150.40    356.83     13.10   2970.00   3620.95
    150.40    306.59     14.40   2871.00   3972.60
    150.40    256.23     16.30   3861.00   4486.55
    150.41    205.87     13.80   3168.00   3810.30
    150.41    155.52     14.80   4554.00   4080.80
    150.41    105.16     19.30   5049.00   5298.05
    150.41     54.80     17.40   5148.00   4784.10
    150.41      4.45     15.90   4059.00   4378.35
    150.48    762.02     15.70   4455.00   4324.25
    150.48    711.67     15.70   5148.00   4324.25
    150.48    661.31     16.00   4851.00   4405.40
    150.48    610.95     18.50   5742.00   5081.65
    150.48    560.60     16.20   4554.00   4459.50
    150.48    510.24     18.10   4554.00   4973.45
    150.49    459.88     18.20   5247.00   5000.50
    150.49    409.53     16.80   4752.00   4621.80
    155.39   1166.44     18.10   4158.00   4973.45
    155.39   1116.08     16.60   4059.00   4567.70
    155.39   1065.72     17.60   4455.00   4838.20
    155.39   1015.37     19.50   4950.00   5352.15
    155.39    965.01     19.60   4554.00   5379.20
    155.39    914.65     20.50   5247.00   5622.65
    155.39    864.29     18.20   4356.00   5000.50
    155.40    814.05     17.90   4653.00   4919.35
    160.21   1574.63     15.00   4455.00   4134.90
    160.21   1524.27     14.30   4059.00   3945.55
    160.21   1473.91     15.40   4851.00   4243.10
    160.21   1423.67     15.90   4257.00   4378.35
    160.22   1373.31     14.30   3960.00   3945.55
    160.22   1322.95     14.40   4158.00   3972.60
    160.22   1272.60     13.80   4059.00   3810.30
    160.22   1222.24     12.60   3168.00   3485.70
    200.58    762.02     16.40   4851.00   4513.60
    200.58    711.67     18.10   5742.00   4973.45
    200.59    661.31     18.10   5148.00   4973.45
    200.59    610.95     15.40   4455.00   4243.10
    200.59    560.60     14.90   4851.00   4107.85
    200.59    510.24     15.90   3663.00   4378.35
    200.59    459.88     15.60   3960.00   4297.20
    200.59    409.53     17.30   4851.00   4757.05
    200.59    356.83     15.40   3168.00   4243.10
    200.59    306.59     14.30   3069.00   3945.55
    200.60    256.23     16.80   3762.00   4621.80
    200.60    205.87     14.70   3861.00   4053.75
    200.60    155.52     14.10   3762.00   3891.45
    200.60    105.16     17.50   5346.00   4811.15
    200.60     54.80     20.90   5544.00   5730.85
    200.60      4.45     17.50   3960.00   4811.15
    205.49   1166.44     16.90   4059.00   4648.85
    205.49   1116.08     16.40   4257.00   4513.60
    205.49   1065.72     24.60   6237.00   6731.70
    205.49   1011.14     16.90   3960.00   4648.85
    205.49    965.01     16.60   4752.00   4567.70
    205.50    914.65     18.70   4653.00   5135.75
    205.50    864.29     21.00   4554.00   5757.90
    205.50    814.05     15.10   4158.00   4161.95
    210.31   1574.63     16.40   4950.00   4513.60
    210.31   1524.27     15.90   4752.00   4378.35
    210.31   1473.91     15.80   5049.00   4351.30
    210.31   1423.67     15.70   4653.00   4324.25
    210.31   1373.31     13.60   3663.00   3756.20
    210.32   1322.95     15.30   4158.00   4216.05
    210.32   1272.60     15.50   4950.00   4270.15
    210.32   1222.24     13.40   3564.00   3702.10
    250.70    356.83     18.00   3861.00   4946.40
    250.70    306.59     14.30   2970.00   3945.55
    250.70    256.23     13.70   3069.00   3783.25
    250.70    205.87     18.50   4257.00   5081.65
    250.71    155.52     18.40   4851.00   5054.60
    250.71    105.16     19.50   5742.00   5352.15
    250.71     54.80     18.70   5544.00   5135.75
    250.71      4.45     12.00   3267.00   3323.40
    250.77    762.02     16.80   4851.00   4621.80
    250.77    711.67     17.50   5445.00   4811.15
    250.77    661.31     13.90   4455.00   3837.35
    250.78    610.95     18.60   5841.00   5108.70
    250.78    560.60     17.00   4851.00   4675.90
    250.78    510.24     17.00   4455.00   4675.90
    250.78    459.88     17.20   4059.00   4730.00
    250.78    409.53     16.10   4257.00   4432.45
    255.67   1166.44     19.50   4752.00   5352.15
    255.68   1116.08     21.80   4851.00   5974.30
    255.68   1065.72     24.50   6039.00   6704.65
    255.68   1015.37     15.00   3564.00   4134.90
    255.68    965.01     15.70   4653.00   4324.25
    255.68    914.65     18.80   4752.00   5162.80
    255.68    864.29     17.10   4059.00   4702.95
    255.69    814.05     14.50   3861.00   3999.65
    260.49   1574.63     16.60   4851.00   4567.70
    260.49   1524.27     17.50   5148.00   4811.15
    260.49   1473.91     15.80   4752.00   4351.30
    260.50   1423.67     15.90   4752.00   4378.35
    260.50   1373.31     13.00   3762.00   3593.90
    260.50   1322.95     13.90   3861.00   3837.35
    260.50   1272.60     16.40   5049.00   4513.60
    260.50   1222.24     13.60   3366.00   3756.20
    300.87    762.02     14.10   4455.00   3891.45
    300.88    711.67     16.80   5445.00   4621.80
    300.88    661.31     13.80   3960.00   3810.30
    300.88    610.95     21.20   6435.00   5812.00
    300.88    560.60     21.00   5940.00   5757.90
    300.88    510.24     23.00   5742.00   6298.90
    300.89    459.88     15.90   3960.00   4378.35
    300.89    409.53     18.30   5148.00   5027.55
    300.89    356.83     20.30   4752.00   5568.55
    300.89    306.59     21.60   5544.00   5920.20
    300.89    256.23     20.30   5346.00   5568.55
    300.90    205.87     17.00   5049.00   4675.90
    300.90    155.52     14.90   3663.00   4107.85
    300.90    105.16     14.90   4257.00   4107.85
    300.90     54.80     18.20   5148.00   5000.50
    300.90      4.45     13.60   3465.00   3756.20
    305.77   1166.44     18.10   4257.00   4973.45
    305.78   1116.08     25.80   6435.00   7056.30
    305.78   1065.72     20.30   5148.00   5568.55
    305.78   1015.37     20.60   4950.00   5649.70
    305.78    965.01     15.10   3861.00   4161.95
    305.78    914.65     19.20   5049.00   5271.00
    305.79    864.29     17.10   4752.00   4702.95
    305.79    814.05     16.70   4554.00   4594.75
    310.67   1574.63     14.00   4257.00   3864.40
    310.68   1524.27     18.20   4950.00   5000.50
    310.68   1473.91     17.70   5049.00   4865.25
    310.68   1423.67     16.10   4950.00   4432.45
    310.68   1373.31     13.70   3564.00   3783.25
    310.68   1322.95     10.30   3069.00   2863.55
    310.69   1272.60     14.30   4257.00   3945.55
    310.69   1222.24     13.00   3663.00   3593.90
    351.06    762.02     16.70   4950.00   4594.75
    351.06    711.67     17.90   5742.00   4919.35
    351.07    661.31     21.30   5544.00   5839.05
    351.07    610.95     23.10   7029.00   6325.95
    351.07    560.60     16.60   4455.00   4567.70
    351.07    510.24     17.70   4158.00   4865.25
    351.08    459.88     20.80   5247.00   5703.80
    351.08    409.53     16.70   3861.00   4594.75
    351.08    356.83     13.80   2871.00   3810.30
    351.08    306.59     18.80   4158.00   5162.80
    351.09    256.23     16.40   3762.00   4513.60
    351.09    205.87     16.90   4158.00   4648.85
    351.09    155.52     15.50   4257.00   4270.15
    351.09    105.16     15.60   4554.00   4297.20
    351.09     54.80     17.50   4851.00   4811.15
    351.10      4.45     14.50   3663.00   3999.65
    352.92    864.29     20.20   5346.00   5541.50
    355.96   1116.08     15.10   2970.00   4161.95
    355.96   1065.72     13.50   3564.00   3729.15
    355.97   1015.37     22.50   5346.00   6163.65
    355.97    965.01     17.10   4059.00   4702.95
    355.97    914.65     17.00   4158.00   4675.90
    355.98    814.05     18.40   5742.00   5054.60
    360.77   1574.63     17.60   4950.00   4838.20
    360.77   1524.27     19.30   5643.00   5298.05
    360.78   1473.91     16.50   4752.00   4540.65
    360.78   1423.67     14.60   4554.00   4026.70
    360.78   1373.31     13.30   3564.00   3675.05
    360.78   1322.95     14.40   3861.00   3972.60
    360.79   1272.60     15.90   4455.00   4378.35
    360.79   1222.24     17.40   4950.00   4784.10
    362.06   1166.44     17.90   5148.00   4919.35
    398.26   1167.10     18.40   5247.00   5054.60
    398.26   1116.75     16.30   4158.00   4486.55
    398.27   1066.39     18.00   4851.00   4946.40
    398.27   1016.03     21.90   5247.00   6001.35
    398.27    965.68     16.60   3960.00   4567.70
    398.27    915.32     15.20   3861.00   4189.00
    398.28    864.96     16.40   4455.00   4513.60
    398.28    814.72     22.50   5940.00   6163.65
    398.28    758.24     14.40   4356.00   3972.60
    398.29    707.89     14.80   4653.00   4080.80
    398.29    657.53     16.70   4752.00   4594.75
    398.29    607.17     12.00   3564.00   3323.40
    398.29    556.82     15.60   4752.00   4297.20
    398.30    506.46     12.10   3564.00   3350.45
    398.30    456.10     15.70   4554.00   4324.25
    398.30    405.86     14.40   3663.00   3972.60
    398.32   1575.85     22.00   6534.00   6028.40
    398.33   1525.49     20.30   6237.00   5568.55
    398.33   1475.14     31.80  10890.00   8679.30
    398.33   1424.78     14.40   4752.00   3972.60
    398.33   1374.42     14.90   4059.00   4107.85
    398.34   1324.18     16.30   4950.00   4486.55
    398.34   1273.82     16.10   4950.00   4432.45
    401.39   1223.46     18.20   5346.00   5000.50
    403.22    354.28     19.20   4455.00   5271.00
    403.22    304.03     21.80   4950.00   5974.30
    403.23    253.67     16.60   3960.00   4567.70
    403.23    203.32     17.90   4257.00   4919.35
    448.45   1167.10     18.30   4653.00   5027.55
    448.45   1116.75     16.90   3861.00   4648.85
    448.45   1066.39     11.20   2772.00   3107.00
    448.46   1016.03     20.60   4950.00   5649.70
    448.46    965.68     20.30   5346.00   5568.55
    448.46    915.32     16.30   3564.00   4486.55
    448.46    864.96     17.10   4158.00   4702.95
    448.47    814.72     24.80   6831.00   6785.80
    448.47    758.24     15.40   4059.00   4243.10
    448.47    707.89     15.30   4653.00   4216.05
    448.48    657.53     20.90   6237.00   5730.85
    448.48    607.17     13.40   4059.00   3702.10
    448.48    556.82     16.20   5148.00   4459.50
    448.49    506.46     12.60   3168.00   3485.70
    448.49    456.10     16.50   4653.00   4540.65
    448.49    405.86     15.40   4257.00   4243.10
    448.51   1575.85     22.20   6930.00   6082.50
    448.51   1525.49     17.10   5148.00   4702.95
    448.51   1475.14     17.80   5247.00   4892.30
    448.52   1424.78     14.70   4653.00   4053.75
    448.52   1374.42     16.30   4950.00   4486.55
    448.52   1324.18     18.50   5643.00   5081.65
    448.52   1273.82     18.20   4851.00   5000.50
    448.53   1223.46     17.70   4752.00   4865.25
    448.84    304.03     17.30   4158.00   4757.05
    453.33    354.28     21.10   6039.00   5784.95
    453.33    253.67     20.10   5049.00   5514.45
    453.34    203.32     17.10   4059.00   4702.95
    498.55   1167.10     18.50   4356.00   5081.65
    498.55   1116.75     18.40   4653.00   5054.60
    498.55   1066.39     24.10   6732.00   6596.45
    498.56   1016.03     21.10   4950.00   5784.95
    498.56    965.68     16.10   3861.00   4432.45
    498.56    915.32     13.90   3168.00   3837.35
    498.57    864.96     15.90   4356.00   4378.35
    498.57    814.72     19.40   5049.00   5325.10
    498.60   1575.85     17.40   4554.00   4784.10
    498.61   1525.49     18.10   5445.00   4973.45
    498.61   1475.14     16.40   5247.00   4513.60
    498.61   1424.78     15.60   5049.00   4297.20
    498.62   1374.42     15.10   4455.00   4161.95
    498.62   1324.18     15.60   4752.00   4297.20
    498.62   1273.82     16.10   4455.00   4432.45
    498.63   1223.46     17.40   5247.00   4784.10
    498.66    758.24     15.00   4158.00   4134.90
    498.66    707.89     14.60   4554.00   4026.70
    498.67    657.53     20.30   5841.00   5568.55
    498.67    607.17     17.70   5148.00   4865.25
    498.67    556.82     17.00   4554.00   4675.90
    498.68    506.46     18.50   5742.00   5081.65
    498.68    456.10     19.30   5049.00   5298.05
    498.68    405.86     16.80   4356.00   4621.80
    503.52    354.28     24.10   5643.00   6596.45
    503.52    304.03     18.80   4158.00   5162.80
    503.52    253.67     14.30   3663.00   3945.55
    503.53    203.32     17.10   4059.00   4702.95
    548.73   1167.10     17.70   4653.00   4865.25
    548.74   1116.75     21.80   4851.00   5974.30
    548.74   1066.39     15.40   3564.00   4243.10
    548.74   1016.03     18.20   4653.00   5000.50
    548.75    965.68     15.40   4356.00   4243.10
    548.75    915.32     16.30   4554.00   4486.55
    548.75    864.96     15.10   4455.00   4161.95
    548.76    814.72     18.50   4950.00   5081.65
    548.76    758.24     15.20   4257.00   4189.00
    548.77    707.89     15.50   4554.00   4270.15
    548.77    657.53     15.70   4653.00   4324.25
    548.77    607.17     18.80   4950.00   5162.80
    548.78    556.82     17.70   5445.00   4865.25
    548.78    506.46     15.20   4455.00   4189.00
    548.78    456.10     14.20   3366.00   3918.50
    548.79   1575.85     17.00   5445.00   4675.90
    548.79    405.86     13.50   3168.00   3729.15
    548.79   1525.49     16.50   5247.00   4540.65
    548.79   1475.14     17.90   5643.00   4919.35
    548.80   1424.78     14.00   4059.00   3864.40
    548.80   1374.42     16.10   3861.00   4432.45
    548.81   1324.18     14.20   4158.00   3918.50
    548.81   1273.82     16.20   4950.00   4459.50
    548.81   1223.46     15.30   4455.00   4216.05
    553.62    354.28     23.20   5445.00   6353.00
    553.63    304.03     17.40   3960.00   4784.10
    553.63    253.67     14.20   3465.00   3918.50
    553.63    203.32     15.90   4356.00   4378.35
    598.88   1575.85     16.20   5148.00   4459.50
    598.89   1525.49     19.10   5544.00   5243.95
    598.89   1475.14     14.90   4554.00   4107.85
    598.90   1424.78     17.70   5247.00   4865.25
    598.90   1374.42     18.10   4851.00   4973.45
    598.90   1324.18     18.80   5742.00   5162.80
    598.91   1273.82     13.30   3762.00   3675.05
    598.91   1223.46     13.90   3663.00   3837.35
    598.92   1167.10     18.50   4257.00   5081.65
    598.92   1114.63     29.80   7326.00   8138.30
    598.93   1066.39     18.60   4851.00   5108.70
    598.93   1016.03     19.50   4257.00   5352.15
    598.93    965.68     17.00   4356.00   4675.90
    598.94    915.32     15.10   3861.00   4161.95
    598.94    864.96     17.80   4455.00   4892.30
    598.95    814.72     17.70   5049.00   4865.25
    598.95    758.24     15.10   4257.00   4161.95
    598.95    707.89     15.40   4455.00   4243.10
    598.96    657.53     20.80   6534.00   5703.80
    598.96    607.17     15.80   4554.00   4351.30
    598.97    556.82     18.30   5544.00   5027.55
    598.97    506.46     17.00   4158.00   4675.90
    598.97    456.10     15.70   3960.00   4324.25
    598.98    405.86     12.60   3168.00   3485.70
    603.81    354.28     15.60   4158.00   4297.20
    603.82    304.03     15.60   4158.00   4297.20
    603.82    253.67     17.90   4554.00   4919.35
    603.83    203.32     16.70   4356.00   4594.75
    603.83    152.96     14.80   4356.00   4080.80
    603.83    102.60     13.40   3663.00   3702.10
    603.84     52.25     15.10   3465.00   4161.95
    603.84      1.89     15.40   3960.00   4243.10
    649.02   1167.10     23.60   6435.00   6461.20
    649.02   1116.75     32.40   8118.00   8841.60
    649.03   1066.39     23.10   6039.00   6325.95
    649.03   1016.03     16.70   3564.00   4594.75
    649.04    965.68     16.70   4356.00   4594.75
    649.04    915.32     16.00   3663.00   4405.40
    649.04    864.96     17.20   3960.00   4730.00
    649.05    814.72     15.70   4059.00   4324.25
    649.05    758.24     16.70   4752.00   4594.75
    649.06    707.89     19.10   5841.00   5243.95
    649.06    657.53     18.20   5742.00   5000.50
    649.07    607.17     17.00   5049.00   4675.90
    649.07   1575.85     17.10   5544.00   4702.95
    649.07    556.82     17.90   5049.00   4919.35
    649.07   1525.49     17.80   5346.00   4892.30
    649.07    506.46     17.00   4851.00   4675.90
    649.08   1475.14     16.20   4455.00   4459.50
    649.08    456.10     14.40   3663.00   3972.60
    649.08   1424.78     16.50   5247.00   4540.65
    649.08    405.86     12.20   2970.00   3377.50
    649.08   1374.42     17.10   4455.00   4702.95
    649.09   1324.18     15.10   4554.00   4161.95
    649.09   1273.82     15.40   4455.00   4243.10
    649.10   1223.46     13.10   3564.00   3620.95
    653.92    354.28     15.10   4059.00   4161.95
    653.92    304.03     13.70   3663.00   3783.25
    653.93    253.67     14.60   3564.00   4026.70
    653.93    203.32     13.80   3762.00   3810.30
    653.94    152.96     14.00   3960.00   3864.40
    653.94    102.60     12.90   3465.00   3566.85
    653.95     52.25     18.00   4851.00   4946.40
    653.95      1.89     15.10   3861.00   4161.95
    699.20   1167.10     21.80   5148.00   5974.30
    699.21   1116.75     22.80   5544.00   6244.80
    699.21   1066.39     17.60   4950.00   4838.20
    699.22   1016.03     13.70   3069.00   3783.25
    699.22    965.68     14.60   3762.00   4026.70
    699.23    915.32     15.30   3861.00   4216.05
    699.23    864.96     13.50   3564.00   3729.15
    699.24    814.72     14.80   4059.00   4080.80
    699.24    758.24     14.60   4158.00   4026.70
    699.25    707.89     15.90   4851.00   4378.35
    699.25   1575.85     18.90   5742.00   5189.85
    699.25    657.53     17.90   5148.00   4919.35
    699.25   1525.49     16.70   4752.00   4594.75
    699.26    607.17     16.20   4950.00   4459.50
    699.26   1475.14     14.50   4752.00   3999.65
    699.26    556.82     17.80   5544.00   4892.30
    699.26   1424.78     15.40   4554.00   4243.10
    699.26    506.46     15.60   4158.00   4297.20
    699.27   1374.42     16.40   4059.00   4513.60
    699.27    456.10     14.00   3366.00   3864.40
    699.27   1324.18     13.00   3663.00   3593.90
    699.27    405.86     15.30   4257.00   4216.05
    699.28   1273.82     18.30   5346.00   5027.55
    699.28   1223.46     20.70   5742.00   5676.75
    704.11    354.28     15.90   3762.00   4378.35
    704.12    304.03     15.50   3663.00   4270.15
    704.12    253.67     15.80   4752.00   4351.30
    704.13    203.32     15.00   4158.00   4134.90
    704.13    152.96     13.60   3663.00   3756.20
    704.13    102.60     14.00   3960.00   3864.40
    704.14     52.25     20.00   4752.00   5487.40
    704.14      1.89     21.20   6237.00   5812.00
    749.30   1167.10     18.40   4455.00   5054.60
    749.31   1116.75     14.50   3762.00   3999.65
    749.31   1066.39     16.00   4455.00   4405.40
    749.32   1016.03     15.30   3960.00   4216.05
    749.32    965.68     15.40   4059.00   4243.10
    749.33    915.32     16.60   4455.00   4567.70
    749.33    864.96     14.50   4158.00   3999.65
    749.34    814.72     14.00   4158.00   3864.40
    749.34    758.24     14.90   4257.00   4107.85
    749.35   1575.85     16.90   4950.00   4648.85
    749.35    707.89     15.00   4752.00   4134.90
    749.35   1525.49     19.40   5841.00   5325.10
    749.35    657.53     15.40   4455.00   4243.10
    749.36   1475.14     15.30   4455.00   4216.05
    749.36    607.17     16.10   4653.00   4432.45
    749.36   1424.78     16.90   5247.00   4648.85
    749.36    556.82     16.80   5346.00   4621.80
    749.37   1374.42     17.10   4356.00   4702.95
    749.37    506.46     15.10   4356.00   4161.95
    749.37   1324.18     20.50   5544.00   5622.65
    749.37    456.10     13.70   3564.00   3783.25
    749.38   1273.82     25.20   7425.00   6894.00
    749.38    405.86     15.60   4059.00   4297.20
    749.38   1223.46     14.40   4059.00   3972.60
    754.22    354.28     18.20   4653.00   5000.50
    754.22    304.03     17.60   4356.00   4838.20
    754.23    253.67     17.30   4158.00   4757.05
    754.23    203.32     16.50   4455.00   4540.65
    754.24    152.96     13.70   4158.00   3783.25
    754.24    102.60     19.10   4950.00   5243.95
    754.25     52.25     21.80   5841.00   5974.30
    754.25      1.89     20.70   5841.00   5676.75
    796.56   1573.41     15.30   3960.00   4216.05
    796.57   1523.05     15.60   4455.00   4297.20
    796.57   1472.69     11.90   3168.00   3296.35
    796.58   1422.45     17.90   4950.00   4919.35
    796.58   1372.09     18.60   4653.00   5108.70
    796.59   1321.73     16.90   4653.00   4648.85
    796.60   1271.37     20.10   5544.00   5514.45
    796.60   1221.02     16.70   4752.00   4594.75
    796.61   1168.99     18.70   4950.00   5135.75
    796.61   1118.64     17.30   4257.00   4757.05
    796.62   1068.28     15.30   4158.00   4216.05
    796.62   1018.03     15.70   4455.00   4324.25
    796.63    967.68     15.00   4158.00   4134.90
    796.63    917.32     16.80   4851.00   4621.80
    796.64    866.96     15.40   4059.00   4243.10
    796.64    816.61     16.30   4257.00   4486.55
    796.65    757.47     14.70   4356.00   4053.75
    796.66    707.22     20.70   6336.00   5676.75
    796.66    656.86     14.90   4158.00   4107.85
    796.67    606.51     15.30   4653.00   4216.05
    796.67    556.15     16.40   4356.00   4513.60
    796.68    505.79     19.20   5742.00   5271.00
    796.68    455.44     20.20   6237.00   5541.50
    796.69    405.08     15.70   4356.00   4324.25
    796.69    352.39     16.80   4851.00   4621.80
    796.70    302.03     24.40   6633.00   6677.60
    796.70    251.67     26.30   6732.00   7191.55
    796.71    201.43     22.50   6237.00   6163.65
    796.71    151.07     19.00   6336.00   5216.90
    796.72    100.71     22.80   6138.00   6244.80
    796.72     50.36     20.60   6435.00   5649.70
    796.73      0.00     17.30   5247.00   4757.05
    846.75   1573.41     17.50   4554.00   4811.15
    846.75   1523.05     18.10   5049.00   4973.45
    846.76   1472.69     16.30   4653.00   4486.55
    846.76   1422.45     16.90   4653.00   4648.85
    846.77   1372.09     18.70   4653.00   5135.75
    846.77   1321.73     17.10   4851.00   4702.95
    846.78   1271.37     15.80   4554.00   4351.30
    846.79   1221.02     15.10   4950.00   4161.95
    846.79   1168.99     15.20   4257.00   4189.00
    846.80   1118.64     16.50   4752.00   4540.65
    846.80    352.39     17.40   5742.00   4784.10
    846.80   1068.28     15.00   4059.00   4134.90
    846.80    302.03     18.80   6039.00   5162.80
    846.81   1018.03     15.50   3861.00   4270.15
    846.81    251.67     17.90   5049.00   4919.35
    846.81    967.68     16.50   4257.00   4540.65
    846.82    201.43     15.30   4158.00   4216.05
    846.82    917.32     19.60   5049.00   5379.20
    846.82    151.07     20.00   5742.00   5487.40
    846.83    866.96     17.50   4554.00   4811.15
    846.83    100.71     19.40   5148.00   5325.10
    846.83    816.61     16.60   4158.00   4567.70
    846.83     50.36     17.80   5445.00   4892.30
    846.84    757.47     16.80   4950.00   4621.80
    846.84      0.00     18.20   5742.00   5000.50
    846.84    707.22     17.40   5247.00   4784.10
    846.85    656.86     14.80   4455.00   4080.80
    846.85    606.51     14.80   4851.00   4080.80
    846.86    556.15     17.80   4950.00   4892.30
    846.87    505.79     14.60   4356.00   4026.70
    846.87    455.44     16.90   4554.00   4648.85
    846.88    405.08     18.30   5346.00   5027.55
    896.89   1168.99     16.00   4257.00   4405.40
    896.90   1118.64     11.00   2970.00   3052.90
    896.90   1068.28     16.20   4257.00   4459.50
    896.91   1018.03     14.70   3663.00   4053.75
    896.92    967.68     16.50   3861.00   4540.65
    896.92    917.32     17.40   3960.00   4784.10
    896.93    866.96     19.90   5148.00   5460.35
    896.93   1573.41     19.00   5148.00   5216.90
    896.93    816.61     17.80   4158.00   4892.30
    896.93   1523.05     16.50   4653.00   4540.65
    896.94   1472.69     15.50   3960.00   4270.15
    896.94    757.47     13.50   3762.00   3729.15
    896.95   1422.45     17.00   4455.00   4675.90
    896.95    707.22     13.70   4059.00   3783.25
    896.95   1372.09     17.50   4554.00   4811.15
    896.95    656.86     20.20   6336.00   5541.50
    896.96   1321.73     17.90   4752.00   4919.35
    896.96    606.51     15.40   4752.00   4243.10
    896.96   1271.37     13.50   4059.00   3729.15
    896.97    556.15     17.00   4851.00   4675.90
    896.97   1221.02     12.30   3366.00   3404.55
    896.97    505.79     19.00   6039.00   5216.90
    896.98    455.44     17.00   5049.00   4675.90
    896.98    405.08     17.80   5049.00   4892.30
    896.99    352.39     13.30   4455.00   3675.05
    897.00    302.03     14.60   4554.00   4026.70
    897.00    251.67     14.60   4455.00   4026.70
    897.01    201.43     19.70   5247.00   5406.25
    897.01    151.07     18.20   5346.00   5000.50
    897.02    100.71     19.10   5049.00   5243.95
    897.03     50.36     12.70   3366.00   3512.75
    897.03      0.00     13.90   3564.00   3837.35
    947.03   1573.41     14.90   3762.00   4107.85
    947.03   1523.05     16.10   4752.00   4432.45
    947.04   1472.69     14.60   4158.00   4026.70
    947.05   1422.45     15.10   4356.00   4161.95
    947.05   1372.09     14.10   3366.00   3891.45
    947.06   1321.73     18.20   5544.00   5000.50
    947.06   1271.37     18.00   5148.00   4946.40
    947.07   1221.02     12.80   3663.00   3539.80
    947.08   1168.99     16.20   4554.00   4459.50
    947.08   1118.64     17.40   4059.00   4784.10
    947.09   1068.28     16.30   4158.00   4486.55
    947.10    352.39     15.10   4455.00   4161.95
    947.10   1018.03     17.60   4653.00   4838.20
    947.10    302.03     15.80   5148.00   4351.30
    947.10    967.68     18.30   4356.00   5027.55
    947.11    251.67     20.80   6435.00   5703.80
    947.11    917.32     18.30   4455.00   5027.55
    947.12    866.96     20.20   5247.00   5541.50
    947.12    151.07     21.10   5346.00   5784.95
    947.12    816.61     23.30   6237.00   6380.05
    947.13    100.71     13.90   3267.00   3837.35
    947.13    757.47     18.20   5247.00   5000.50
    947.13     50.36     16.40   4059.00   4513.60
    947.14    707.22     15.20   4059.00   4189.00
    947.14      0.00     17.00   5148.00   4675.90
    947.14    656.86     21.20   6534.00   5812.00
    947.15    606.51     19.60   5742.00   5379.20
    947.15    556.15     23.50   6237.00   6434.15
    947.16    505.79     21.80   6534.00   5974.30
    947.17    455.44     21.80   6237.00   5974.30
    947.17    405.08     22.20   6534.00   6082.50
    954.74    201.43     22.50   5445.00   6163.65
    997.18   1168.99     22.30   6237.00   6109.55
    997.18   1118.64     18.60   4752.00   5108.70
    997.19   1068.28     17.50   4455.00   4811.15
    997.20   1018.03     17.20   4554.00   4730.00
    997.20    967.68     15.90   4257.00   4378.35
    997.21   1573.41     15.00   4059.00   4134.90
    997.21    917.32     16.30   4059.00   4486.55
    997.22   1523.05     15.20   4257.00   4189.00
    997.22    866.96     17.00   4257.00   4675.90
    997.22   1472.69     13.40   3564.00   3702.10
    997.22    816.61     19.60   5148.00   5379.20
    997.23   1422.45     16.80   5049.00   4621.80
    997.23    757.47     22.80   6831.00   6244.80
    997.24   1372.09     14.40   3465.00   3972.60
    997.24    707.22     18.90   5742.00   5189.85
    997.24   1321.73     18.80   5049.00   5162.80
    997.25    656.86     15.60   4158.00   4297.20
    997.25   1271.37     16.40   4554.00   4513.60
    997.26   1221.02     19.30   4653.00   5298.05
    997.26    556.15     20.40   6237.00   5595.60
    997.27    505.79     19.50   5346.00   5352.15
    997.27    455.44     21.90   6237.00   6001.35
    997.28    405.08     21.10   6336.00   5784.95
    997.29    352.39     19.50   5544.00   5352.15
    997.29    302.03     18.30   5445.00   5027.55
    997.30    251.67     18.90   5742.00   5189.85
    997.31    201.43     15.10   4455.00   4161.95
    997.31    151.07     17.30   5049.00   4757.05
    997.32    100.71     19.40   6039.00   5325.10
    997.33     50.36     20.00   6534.00   5487.40
    997.33      0.00     16.20   4851.00   4459.50
   1003.36    606.51     22.80   6831.00   6244.80
   1047.31   1573.41     13.40   3366.00   3702.10
   1047.31   1523.05     15.30   4158.00   4216.05
   1047.32   1472.69     16.50   4851.00   4540.65
   1047.33   1422.45     17.70   5346.00   4865.25
   1047.33   1372.09     18.90   5049.00   5189.85
   1047.34   1321.73     13.40   3564.00   3702.10
   1047.35   1271.37     14.10   4059.00   3891.45
   1047.36   1221.02     15.50   4455.00   4270.15
   1047.36   1168.99     18.30   4554.00   5027.55
   1047.37   1118.64     20.50   4950.00   5622.65
   1047.38   1068.28     16.20   4257.00   4459.50
   1047.38   1018.03     17.70   4455.00   4865.25
   1047.39    967.68     16.80   4356.00   4621.80
   1047.39    352.39     23.00   7128.00   6298.90
   1047.40    917.32     13.90   3663.00   3837.35
   1047.40    302.03     21.10   5742.00   5784.95
   1047.41    866.96     16.80   4455.00   4621.80
   1047.41    251.67     16.00   5049.00   4405.40
   1047.41    816.61     17.30   4653.00   4757.05
   1047.41    201.43     15.30   4356.00   4216.05
   1047.42    151.07     18.00   5445.00   4946.40
   1047.43    100.71     16.30   4752.00   4486.55
   1047.43    707.22     21.00   6435.00   5757.90
   1047.43     50.36     17.10   4851.00   4702.95
   1047.43    656.86     14.40   3960.00   3972.60
   1047.44      0.00     17.90   5445.00   4919.35
   1047.44    606.51     18.80   5742.00   5162.80
   1047.45    556.15     20.30   6534.00   5568.55
   1047.46    505.79     16.10   4950.00   4432.45
   1047.46    455.44     20.30   6138.00   5568.55
   1047.47    405.08     24.40   7227.00   6677.60
   1064.12    757.47     23.90   7326.00   6542.35
   1097.46   1168.99     16.50   3960.00   4540.65
   1097.47   1118.64     20.20   5445.00   5541.50
   1097.48   1068.28     16.00   4059.00   4405.40
   1097.49   1018.03     20.20   5445.00   5541.50
   1097.49   1573.41     18.30   4950.00   5027.55
   1097.49    967.68     20.60   5544.00   5649.70
   1097.50   1523.05     17.60   5544.00   4838.20
   1097.50    917.32     23.60   5445.00   6461.20
   1097.50   1472.69     20.30   6039.00   5568.55
   1097.51    866.96     24.70   6930.00   6758.75
   1097.51   1422.45     16.80   5247.00   4621.80
   1097.51    816.61     20.80   6138.00   5703.80
   1097.52   1372.09     23.40   6435.00   6407.10
   1097.52    757.47     21.30   6534.00   5839.05
   1097.53   1321.73     13.80   3762.00   3810.30
   1097.53    707.22     20.20   6237.00   5541.50
   1097.53   1271.37     13.80   3861.00   3810.30
   1097.54    656.86     15.60   5148.00   4297.20
   1097.54   1221.02     14.70   3861.00   4053.75
   1097.55    606.51     18.20   5940.00   5000.50
   1097.55    556.15     16.40   4653.00   4513.60
   1097.56    505.79     18.60   5643.00   5108.70
   1097.57    455.44     18.40   5742.00   5054.60
   1097.58    405.08     15.30   4851.00   4216.05
   1097.58    352.39     20.30   6237.00   5568.55
   1097.59    302.03     19.50   6039.00   5352.15
   1097.60    251.67     15.70   4554.00   4324.25
   1097.60    201.43     14.70   4059.00   4053.75
   1097.61    151.07     17.00   4851.00   4675.90
   1097.62    100.71     16.30   5247.00   4486.55
   1097.63     50.36     18.60   5148.00   5108.70
   1097.63      0.00     19.60   5445.00   5379.20
   1140.02   1168.99     19.70   5049.00   5406.25
   1146.17    866.96     31.00   8217.00   8462.90
   1147.66   1118.64     18.50   5247.00   5081.65
   1147.66   1068.28     18.60   4851.00   5108.70
   1147.67   1573.41     15.70   4554.00   4324.25
   1147.67   1018.03     21.50   6435.00   5893.15
   1147.68   1523.05     16.40   4851.00   4513.60
   1147.68    967.68     22.80   6831.00   6244.80
   1147.69   1472.69     15.80   4158.00   4351.30
   1147.69    917.32     23.50   7227.00   6434.15
   1147.69    352.39     20.50   5445.00   5622.65
   1147.69   1422.45     15.90   4554.00   4378.35
   1147.70    302.03     20.30   6732.00   5568.55
   1147.70   1372.09     20.40   5346.00   5595.60
   1147.70    814.49     26.80   8514.00   7326.80
   1147.70    251.67     16.50   4752.00   4540.65
   1147.71   1321.73     21.50   5346.00   5893.15
   1147.71    757.47     15.20   4455.00   4189.00
   1147.71    201.43     15.40   4356.00   4243.10
   1147.72   1271.37     14.00   3564.00   3864.40
   1147.72    707.22     14.10   4059.00   3891.45
   1147.72    151.07     16.30   4653.00   4486.55
   1147.73   1221.02     14.20   3663.00   3918.50
   1147.73    656.86     19.00   5841.00   5216.90
   1147.73    100.71     16.50   4851.00   4540.65
   1147.73    606.51     17.10   5544.00   4702.95
   1147.73     50.36     21.10   6336.00   5784.95
   1147.74    556.15     16.60   5049.00   4567.70
   1147.74      0.00     20.80   6633.00   5703.80
   1147.75    505.79     17.20   5247.00   4730.00
   1147.76    451.21     20.90   5544.00   5730.85
   1147.77    405.08     15.40   4257.00   4243.10
   1189.97   1575.96     17.40   5049.00   4784.10
   1189.98   1525.72     20.60   5940.00   5649.70
   1189.99   1475.36     18.80   5445.00   5162.80
   1189.99   1425.00     19.30   5544.00   5298.05
   1190.00   1374.65     21.00   6138.00   5757.90
   1190.01   1324.29     27.20   8118.00   7435.00
   1190.02   1273.93     20.80   6039.00   5703.80
   1190.03   1223.57     19.30   5445.00   5298.05
   1194.87   1169.55     13.90   3366.00   3837.35
   1194.87   1119.19     13.90   3168.00   3837.35
   1194.88   1068.84     15.80   3663.00   4351.30
   1194.89   1018.59     16.80   3861.00   4621.80
   1194.95    654.20     18.20   4356.00   5000.50
   1194.96    603.95     14.10   3465.00   3891.45
   1194.96    553.59     16.30   4257.00   4486.55
   1194.97    503.24     19.20   5049.00   5271.00
   1194.98    452.88     17.10   4257.00   4702.95
   1194.99    402.52     15.70   4158.00   4324.25
   1195.00    353.72     18.50   4851.00   5081.65
   1195.00    303.36     17.10   3861.00   4702.95
   1195.01    253.01     15.70   3960.00   4324.25
   1195.02    202.65     13.90   3762.00   3837.35
   1195.03    152.29     15.80   4554.00   4351.30
   1195.04    102.05     17.80   4950.00   4892.30
   1195.04     51.69     20.10   5049.00   5514.45
   1195.05      1.33     20.90   5544.00   5730.85
   1240.15   1575.96     18.80   5841.00   5162.80
   1240.16   1525.72     20.60   5940.00   5649.70
   1240.17   1475.36     20.30   6039.00   5568.55
   1240.18   1425.00     18.00   5247.00   4946.40
   1240.19   1374.65     21.00   5742.00   5757.90
   1240.19   1324.29     20.50   5643.00   5622.65
   1240.20   1273.93     16.90   4059.00   4648.85
   1240.21   1223.57     16.50   4653.00   4540.65
   1245.05   1169.55     13.80   3267.00   3810.30
   1245.06   1119.19     15.80   3564.00   4351.30
   1245.07   1068.84     16.90   4554.00   4648.85
   1245.08   1018.59     22.30   5148.00   6109.55
   1245.14    654.20     17.20   4257.00   4730.00
   1245.15    603.95     17.00   3960.00   4675.90
   1245.15    553.59     16.00   4158.00   4405.40
   1245.16    503.24     14.60   3762.00   4026.70
   1245.17    452.88     15.00   3564.00   4134.90
   1245.18    402.52     17.60   4554.00   4838.20
   1245.19    353.72     17.80   4554.00   4892.30
   1245.20    303.36     16.10   3960.00   4432.45
   1245.20    253.01     18.80   4554.00   5162.80
   1245.21    202.65     14.60   3465.00   4026.70
   1245.22    152.29     19.30   4950.00   5298.05
   1245.23    102.05     17.70   4851.00   4865.25
   1245.24     51.69     15.80   4059.00   4351.30
   1245.25      1.33     17.30   4851.00   4757.05
   1290.25   1575.96     15.70   3861.00   4324.25
   1290.26   1525.72     20.30   4950.00   5568.55
   1290.27   1475.36     17.70   4851.00   4865.25
   1290.28   1425.00     17.00   4752.00   4675.90
   1290.29   1374.65     22.00   5445.00   6028.40
   1290.29   1324.29     18.10   5544.00   4973.45
   1290.30   1273.93     16.80   4059.00   4621.80
   1290.31   1223.57     16.30   4356.00   4486.55
   1295.15   1169.55     16.00   3663.00   4405.40
   1295.16   1119.19     16.50   4059.00   4540.65
   1295.17   1068.84     19.80   4752.00   5433.30
   1295.18   1018.59     20.70   4851.00   5676.75
   1295.24    654.20     16.20   3465.00   4459.50
   1295.25    603.95     16.50   4257.00   4540.65
   1295.26    553.59     20.40   5148.00   5595.60
   1295.27    503.24     15.40   3762.00   4243.10
   1295.28    452.88     15.90   3960.00   4378.35
   1295.28    402.52     15.30   3663.00   4216.05
   1295.29    353.72     16.20   4356.00   4459.50
   1295.30    303.36     17.90   4455.00   4919.35
   1295.31    253.01     17.40   4950.00   4784.10
   1295.32    202.65     13.10   3366.00   3620.95
   1295.33    152.29     15.40   4257.00   4243.10
   1295.34    102.05     15.50   4356.00   4270.15
   1295.35     51.69     14.70   3762.00   4053.75
   1295.35      1.33     16.30   4455.00   4486.55
   1340.43   1575.96     18.60   4257.00   5108.70
   1340.44   1525.72     19.80   4752.00   5433.30
   1340.45   1475.36     18.40   4059.00   5054.60
   1340.46   1425.00     19.10   5544.00   5243.95
   1340.47   1374.65     20.80   4950.00   5703.80
   1340.48   1324.29     16.70   4851.00   4594.75
   1340.49   1273.93     17.60   4455.00   4838.20
   1340.50   1223.57     15.90   4059.00   4378.35
   1345.34   1169.55     18.70   4554.00   5135.75
   1345.35   1119.19     17.40   4158.00   4784.10
   1345.36   1068.84     22.80   5841.00   6244.80
   1345.36   1018.59     20.10   4752.00   5514.45
   1345.43    654.20     16.50   4455.00   4540.65
   1345.44    603.95     17.30   4455.00   4757.05
   1345.45    553.59     15.20   3960.00   4189.00
   1345.46    503.24     18.00   4455.00   4946.40
   1345.47    452.88     14.10   3663.00   3891.45
   1345.48    402.52     15.00   3663.00   4134.90
   1345.48    353.72     15.50   4158.00   4270.15
   1345.49    303.36     15.10   4257.00   4161.95
   1345.50    253.01     17.90   5049.00   4919.35
   1345.51    202.65     15.30   4158.00   4216.05
   1345.52    152.29     14.40   3564.00   3972.60
   1345.53    102.05     15.20   3861.00   4189.00
   1345.54     51.69     13.60   3366.00   3756.20
   1345.55      1.33     13.90   3564.00   3837.35
   1390.62   1575.96     27.60   6435.00   7543.20
   1390.63   1525.72     23.50   6039.00   6434.15
   1390.63   1475.36     19.00   4752.00   5216.90
   1390.64   1425.00     20.70   5445.00   5676.75
   1390.65   1374.65     22.30   5049.00   6109.55
   1390.66   1324.29     18.00   5346.00   4946.40
   1390.67   1273.93     14.20   3861.00   3918.50
   1390.68   1223.57     15.60   3663.00   4297.20
   1395.44   1169.55     16.80   3960.00   4621.80
   1395.45   1119.19     15.90   3564.00   4378.35
   1395.46   1068.84     23.00   5841.00   6298.90
   1395.47   1018.59     18.50   4554.00   5081.65
   1395.53    654.20     16.10   3960.00   4432.45
   1395.54    603.95     21.20   5148.00   5812.00
   1395.55    553.59     19.00   4653.00   5216.90
   1395.56    503.24     15.60   4158.00   4297.20
   1395.57    452.88     18.10   4059.00   4973.45
   1395.58    402.52     14.10   3366.00   3891.45
   1395.59    353.72     17.30   4158.00   4757.05
   1395.60    303.36     15.70   3762.00   4324.25
   1395.61    253.01     16.90   4356.00   4648.85
   1395.62    202.65     19.40   5247.00   5325.10
   1395.63    152.29     14.60   3861.00   4026.70
   1395.64    102.05     14.70   3762.00   4053.75
   1395.65     51.69     15.30   3762.00   4216.05
   1395.66      1.33     12.30   3663.00   3404.55
   1440.71   1575.96     25.30   6336.00   6921.05
   1440.72   1525.72     19.20   4752.00   5271.00
   1440.73   1475.36     19.50   3960.00   5352.15
   1440.74   1425.00     20.40   5247.00   5595.60
   1440.75   1374.65     23.70   6039.00   6488.25
   1440.76   1324.29     19.50   5445.00   5352.15
   1440.77   1273.93     16.60   4059.00   4567.70
   1440.78   1223.57     17.30   4653.00   4757.05
   1445.62   1169.55     13.00   3663.00   3593.90
   1445.63   1119.19     15.40   3564.00   4243.10
   1445.64   1068.84     19.30   4950.00   5298.05
   1445.65   1018.59     19.80   5445.00   5433.30
   1445.72    654.20     17.00   4752.00   4675.90
   1445.73    603.95     24.00   5742.00   6569.40
   1445.74    553.59     21.10   5544.00   5784.95
   1445.75    503.24     21.70   5445.00   5947.25
   1445.76    452.88     17.10   4059.00   4702.95
   1445.77    402.52     16.60   4059.00   4567.70
   1445.78    353.72     17.70   4356.00   4865.25
   1445.79    303.36     20.70   5544.00   5676.75
   1445.80    253.01     20.10   5148.00   5514.45
   1445.81    202.65     21.70   5643.00   5947.25
   1445.82    152.29     16.80   4455.00   4621.80
   1445.83    102.05     12.90   3069.00   3566.85
   1445.84     51.69     12.20   3267.00   3377.50
   1445.85      1.33     15.10   4059.00   4161.95
   1490.90   1575.96     26.30   6633.00   7191.55
   1490.91   1525.72     19.60   5148.00   5379.20
   1490.92   1475.36     18.80   4752.00   5162.80
   1490.93   1425.00     25.50   6831.00   6975.15
   1490.94   1374.65     18.40   4653.00   5054.60
   1490.95   1324.29     15.50   4059.00   4270.15
   1490.96   1273.93     15.50   3960.00   4270.15
   1490.97   1223.57     18.00   4653.00   4946.40
   1495.72   1169.55     16.00   4257.00   4405.40
   1495.73   1119.19     16.90   4356.00   4648.85
   1495.74   1068.84     17.00   4554.00   4675.90
   1495.75   1018.59     16.00   4752.00   4405.40
   1495.83    654.20     24.90   5940.00   6812.85
   1495.84    603.95     18.00   4158.00   4946.40
   1495.85    553.59     18.30   4356.00   5027.55
   1495.86    503.24     26.80   6930.00   7326.80
   1495.87    452.88     24.00   5940.00   6569.40
   1495.88    402.52     19.60   4554.00   5379.20
   1495.89    353.72     15.90   4158.00   4378.35
   1495.90    303.36     19.30   5049.00   5298.05
   1495.91    253.01     17.20   4158.00   4730.00
   1495.92    202.65     16.90   4851.00   4648.85
   1495.93    152.29     20.10   5346.00   5514.45
   1495.94    102.05     14.00   3663.00   3864.40
   1495.95     51.69     13.20   3168.00   3648.00
   1495.96      1.33     14.80   3960.00   4080.80
   1540.99   1575.96     24.10   5445.00   6596.45
   1541.00   1525.72     21.20   5445.00   5812.00
   1541.01   1475.36     16.60   4257.00   4567.70
   1541.02   1425.00     20.70   5445.00   5676.75
   1541.04   1374.65     21.60   5148.00   5920.20
   1541.05   1324.29     20.10   5544.00   5514.45
   1541.06   1273.93     18.50   4554.00   5081.65
   1541.07   1223.57     22.90   6435.00   6271.85
   1545.91   1169.55     15.90   4158.00   4378.35
   1545.92   1119.19     15.70   3960.00   4324.25
   1545.93   1068.84     16.40   4455.00   4513.60
   1545.94   1018.59     21.30   5643.00   5839.05
   1546.02    654.20     20.20   6138.00   5541.50
   1546.03    603.95     18.30   5049.00   5027.55
   1546.04    553.59     14.00   4158.00   3864.40
   1546.05    503.24     16.20   4356.00   4459.50
   1546.06    452.88     21.40   5742.00   5866.10
   1546.07    402.52     22.00   5841.00   6028.40
   1546.08    353.72     17.30   4455.00   4757.05
   1546.09    303.36     16.60   4158.00   4567.70
   1546.10    253.01     18.40   4752.00   5054.60
   1546.11    202.65     17.00   4752.00   4675.90
   1546.12    152.29     17.70   4851.00   4865.25
   1546.13    102.05     18.80   5148.00   5162.80
   1546.14     51.69     15.80   4257.00   4351.30
   1546.15      1.33     16.30   4257.00   4486.55
