Ca Pred CEC
6
X
Y
CEC
Ca
Ca Resid
Ca Pred
     25.26    737.01     16.10   4356.00    -76.45   4432.45
     25.26    636.30     17.60   5643.00    804.80   4838.20
     25.26    535.58     15.90   4455.00     76.65   4378.35
     25.26    434.87     15.50   3366.00   -904.15   4270.15
     25.26    331.82     18.10   4356.00   -617.45   4973.45
     25.27    231.22     16.00   4554.00    148.60   4405.40
     25.27    130.51     19.00   5742.00    525.10   5216.90
     25.27     29.79     17.80   4950.00     57.70   4892.30
     30.18   1141.42     15.40   3960.00   -283.10   4243.10
     30.18   1040.71     15.80   4455.00    103.70   4351.30
     30.18    940.00     16.10   4554.00    121.55   4432.45
     30.18    832.95     15.40   3762.00   -481.10   4243.10
     35.01   1549.62     12.90   3762.00    195.15   3566.85
     35.01   1448.90     15.10   3960.00   -201.95   4161.95
     35.01   1348.30     15.80   4653.00    301.70   4351.30
     35.01   1247.59     14.20   3960.00     41.50   3918.50
    125.56    737.01     15.40   4455.00    211.90   4243.10
    125.56    636.30     16.80   5247.00    625.20   4621.80
    125.56    535.58     21.00   6534.00    776.10   5757.90
    125.56    434.87     15.90   3564.00   -814.35   4378.35
    125.56    331.82     14.50   3267.00   -732.65   3999.65
    125.56    231.22     13.00   3267.00   -326.90   3593.90
    125.57    130.51     18.50   5049.00    -32.65   5081.65
    125.57     29.79     18.20   4950.00    -50.50   5000.50
    130.47   1141.42     16.30   4356.00   -130.55   4486.55
    130.47   1040.71     18.80   5643.00    480.20   5162.80
    130.47    933.55     20.00   5742.00    254.60   5487.40
    130.47    839.28     14.50   4356.00    356.35   3999.65
    135.29   1549.62     14.30   4158.00    212.45   3945.55
    135.29   1448.90     13.00   4059.00    465.10   3593.90
    135.29   1348.30     15.50   4653.00    382.85   4270.15
    135.30   1247.59     14.90   4059.00    -48.85   4107.85
    225.85    737.01     17.60   4455.00   -383.20   4838.20
    225.85    636.30     13.40   4554.00    851.90   3702.10
    225.85    535.58     16.90   5346.00    697.15   4648.85
    225.86    434.87     15.40   3762.00   -481.10   4243.10
    225.86    331.82     14.40   3960.00    -12.60   3972.60
    225.86    231.22     15.60   3861.00   -436.20   4297.20
    225.86    130.51     15.80   4158.00   -193.30   4351.30
    225.87     29.79     17.90   5049.00    129.65   4919.35
    230.75   1141.42     19.70   5049.00   -357.25   5406.25
    230.75   1040.71     20.60   5742.00     92.30   5649.70
    230.76    940.00     18.40   4257.00   -797.60   5054.60
    230.76    839.28     15.90   4851.00    472.65   4378.35
    235.57   1549.62     15.70   4950.00    625.75   4324.25
    235.57   1448.90     12.50   3663.00    204.35   3458.65
    235.58   1348.30     14.90   4257.00    149.15   4107.85
    235.58   1247.59     15.60   4257.00    -40.20   4297.20
    320.05    434.87     17.00   4455.00   -220.90   4675.90
    326.14    737.01     15.00   4455.00    320.10   4134.90
    326.14    636.30     17.10   5247.00    544.05   4702.95
    326.15    535.58     17.90   5940.00   1020.65   4919.35
    326.16    331.82     20.00   4950.00   -537.40   5487.40
    326.16    231.22     18.70   4851.00   -284.75   5135.75
    326.16    130.51     13.40   3861.00    158.90   3702.10
    326.17     29.79     13.80   3762.00    -48.30   3810.30
    331.04   1149.65     18.20   5148.00    147.50   5000.50
    331.04   1046.82     25.00   7029.00    189.10   6839.90
    331.05    940.00     15.50   3564.00   -706.15   4270.15
    331.05    839.28     15.80   4059.00   -292.30   4351.30
    335.85   1549.62     17.80   5643.00    750.70   4892.30
    335.86   1448.90     14.40   4257.00    284.40   3972.60
    335.86   1348.30     15.40   4059.00   -184.10   4243.10
    335.86   1247.59     17.50   5049.00    237.85   4811.15
    423.52   1142.09     14.60   3564.00   -462.70   4026.70
    423.53   1045.38     21.90   5841.00   -160.35   6001.35
    423.54    940.66     17.00   4356.00   -319.90   4675.90
    423.54    839.95     16.50   4752.00    211.35   4540.65
    423.55    733.23     14.20   4257.00    338.50   3918.50
    423.55    632.52     13.60   4356.00    599.80   3756.20
    423.56    531.81     17.00   4356.00   -319.90   4675.90
    423.56    431.09     14.80   3564.00   -516.80   4080.80
    423.59   1550.51     17.30   5049.00    291.95   4757.05
    423.59   1449.79     16.30   4950.00    463.45   4486.55
    423.60   1349.19     14.90   4356.00    248.15   4107.85
    423.60   1248.48     18.50   5445.00    363.35   5081.65
    428.40    329.27     21.40   4851.00  -1015.10   5866.10
    428.41    228.66     18.50   4851.00   -230.65   5081.65
    523.81   1142.09     14.30   3564.00   -381.55   3945.55
    523.82   1041.38     18.60   4653.00   -455.70   5108.70
    523.82    940.66     18.60   4752.00   -356.70   5108.70
    523.83    839.95     19.70   4554.00   -852.25   5406.25
    523.84    733.23     14.30   3762.00   -183.55   3945.55
    523.85    632.52     18.90   5742.00    552.15   5189.85
    523.85    531.81     18.60   4851.00   -257.70   5108.70
    523.86    431.09     20.80   5148.00   -555.80   5703.80
    523.87   1550.51     16.30   4752.00    265.45   4486.55
    523.87   1449.79     15.50   4554.00    283.85   4270.15
    523.88   1349.19     14.60   4356.00    329.30   4026.70
    523.89   1248.48     16.00   4356.00    -49.40   4405.40
    528.70    329.27     21.30   5049.00   -790.05   5839.05
    528.71    228.66     16.30   3960.00   -526.55   4486.55
    624.10   1142.09     27.80   7128.00   -469.30   7597.30
    624.10   1041.38     14.80   3762.00   -318.80   4080.80
    624.11    940.66     14.60   3861.00   -165.70   4026.70
    624.12    839.95     15.60   4059.00   -238.20   4297.20
    624.13    733.23     14.60   3960.00    -66.70   4026.70
    624.14    632.52     16.10   4950.00    517.55   4432.45
    624.15    531.81     14.30   4554.00    608.45   3945.55
    624.15   1550.51     14.20   3762.00   -156.50   3918.50
    624.16    431.09     15.50   3465.00   -805.15   4270.15
    624.16   1449.79     14.40   3960.00    -12.60   3972.60
    624.16   1349.19     15.20   3960.00   -229.00   4189.00
    624.17   1248.48     13.90   3960.00    122.65   3837.35
    629.00    329.27     17.90   4455.00   -464.35   4919.35
    629.01    228.66     14.50   3762.00   -237.65   3999.65
    629.01    127.95     14.00   3564.00   -300.40   3864.40
    629.02     27.24     19.30   4752.00   -546.05   5298.05
    724.38   1142.09     20.70   5346.00   -330.75   5676.75
    724.39   1041.38     14.10   3663.00   -228.45   3891.45
    724.40    940.66     17.00   4752.00     76.10   4675.90
    724.41    839.95     14.00   4059.00    194.60   3864.40
    724.42    733.23     14.90   4158.00     50.15   4107.85
    724.43   1550.51     17.30   4455.00   -302.05   4757.05
    724.43    632.52     16.60   4455.00   -112.70   4567.70
    724.44   1449.79     16.10   4752.00    319.55   4432.45
    724.44    531.81     17.30   4554.00   -203.05   4757.05
    724.45   1349.19     16.10   4554.00    121.55   4432.45
    724.45    431.09     15.60   3762.00   -535.20   4297.20
    724.46   1248.48     20.80   5841.00    137.20   5703.80
    729.29    329.27     15.60   4356.00     58.80   4297.20
    729.30    228.66     15.50   4554.00    283.85   4270.15
    729.31    127.95     17.80   5148.00    255.70   4892.30
    735.43     27.24     20.60   5841.00    191.30   5649.70
    821.87   1143.98     18.00   4356.00   -590.40   4946.40
    821.88    327.38     18.20   5643.00    642.50   5000.50
    821.88   1043.27     13.30   3366.00   -309.05   3675.05
    821.89    226.66     14.50   4158.00    158.35   3999.65
    821.89    942.66     16.60   3762.00   -805.70   4567.70
    821.90    126.06     20.60   6237.00    587.30   5649.70
    821.90    841.95     18.10   4554.00   -419.45   4973.45
    821.91     25.35     19.90   5148.00   -312.35   5460.35
    821.92    732.46     16.40   4851.00    337.40   4513.60
    821.93    631.85     14.10   3762.00   -129.45   3891.45
    821.94    531.14     16.50   4653.00    112.35   4540.65
    821.95    430.42     17.90   4950.00     30.65   4919.35
    822.42   1548.06     16.40   4653.00    139.40   4513.60
    822.43   1447.46     16.70   4455.00   -139.75   4594.75
    822.44   1346.74     15.80   4455.00    103.70   4351.30
    822.45   1246.03     16.80   4554.00    -67.80   4621.80
    922.16   1143.98     13.80   3762.00    -48.30   3810.30
    922.17   1043.27     15.60   4158.00   -139.20   4297.20
    922.17    327.38     15.00   4653.00    518.10   4134.90
    922.18    942.66     15.60   3762.00   -535.20   4297.20
    922.19    226.66     18.90   4851.00   -338.85   5189.85
    922.19    841.95     22.50   5643.00   -520.65   6163.65
    922.20    126.06     21.90   6138.00    136.65   6001.35
    922.21    732.46     16.00   4554.00    148.60   4405.40
    922.21     25.35     19.90   5742.00    281.65   5460.35
    922.22    631.85     16.30   3960.00   -526.55   4486.55
    922.23    531.14     19.10   5346.00    102.05   5243.95
    922.24    430.42     22.00   6336.00    307.60   6028.40
    922.70   1548.06     17.20   4653.00    -77.00   4730.00
    922.71   1447.46     14.30   3762.00   -183.55   3945.55
    922.73   1346.74     14.90   3960.00   -147.85   4107.85
    922.74   1246.03     17.20   4554.00   -176.00   4730.00
   1013.34    732.46     19.60   6138.00    758.80   5379.20
   1022.44   1143.98     18.70   5247.00    111.25   5135.75
   1022.46   1043.27     17.00   4851.00    175.10   4675.90
   1022.47    327.38     17.80   5148.00    255.70   4892.30
   1022.47    942.66     17.00   4455.00   -220.90   4675.90
   1022.48    226.66     16.10   4950.00    517.55   4432.45
   1022.48    841.95     18.20   4653.00   -347.50   5000.50
   1022.50    126.06     18.80   6039.00    876.20   5162.80
   1022.51     25.35     19.00   5148.00    -68.90   5216.90
   1022.51    631.85     23.60   7722.00   1260.80   6461.20
   1022.53    531.14     16.00   4851.00    445.60   4405.40
   1022.54    430.42     17.90   5841.00    921.65   4919.35
   1023.07   1548.06     15.10   3960.00   -201.95   4161.95
   1023.08   1447.46     16.30   4752.00    265.45   4486.55
   1023.09   1346.74     16.00   4455.00     49.60   4405.40
   1023.11   1246.03     15.90   4554.00    175.65   4378.35
   1122.73   1143.98     18.30   4752.00   -275.55   5027.55
   1122.74   1043.27     23.90   6237.00   -305.35   6542.35
   1122.76    942.66     24.60   7227.00    495.30   6731.70
   1122.77    327.38     22.80   6732.00    487.20   6244.80
   1122.77    841.95     22.50   6732.00    568.35   6163.65
   1122.78    226.66     17.80   5544.00    651.70   4892.30
   1122.79    732.46     19.80   6237.00    803.70   5433.30
   1122.80    126.06     16.80   5148.00    526.20   4621.80
   1122.81    631.85     18.30   5049.00     21.45   5027.55
   1122.81     25.35     20.10   6138.00    623.55   5514.45
   1122.82    531.14     16.60   5049.00    481.30   4567.70
   1122.84    430.42     21.10   6237.00    452.05   5784.95
   1123.35   1548.06     16.10   4059.00   -373.45   4432.45
   1123.36   1447.46     13.90   3663.00   -174.35   3837.35
   1123.38   1346.74     20.90   5247.00   -483.85   5730.85
   1123.39   1246.03     14.40   3960.00    -12.60   3972.60
   1203.53    530.36     14.10   3267.00   -624.45   3891.45
   1215.24   1550.73     17.40   5148.00    363.90   4784.10
   1215.25   1450.01     21.50   6336.00    442.85   5893.15
   1215.27   1349.30     25.80   7821.00    764.70   7056.30
   1215.28   1248.59     18.80   5247.00     84.20   5162.80
   1220.13   1144.54     17.30   3960.00   -797.05   4757.05
   1220.15   1043.82     17.00   4059.00   -616.90   4675.90
   1220.22    628.96     14.70   3960.00    -93.75   4053.75
   1220.25    427.87     15.00   4257.00    122.10   4134.90
   1220.27    328.71     13.60   3960.00    203.80   3756.20
   1220.28    228.00     16.40   4950.00    436.40   4513.60
   1220.30    127.28     18.60   5643.00    534.30   5108.70
   1220.31     26.68     18.60   5346.00    237.30   5108.70
   1315.52   1550.73     21.00   5346.00   -411.90   5757.90
   1315.53   1450.01     18.50   5049.00    -32.65   5081.65
   1315.55   1349.30     17.60   4455.00   -383.20   4838.20
   1315.57   1248.59     15.60   4257.00    -40.20   4297.20
   1320.42   1144.54     20.50   4752.00   -870.65   5622.65
   1320.44   1043.82     23.30   5742.00   -638.05   6380.05
   1320.51    628.96     14.90   3960.00   -147.85   4107.85
   1320.53    528.58     11.50   3465.00    276.85   3188.15
   1320.55    427.87     12.70   3465.00    -47.75   3512.75
   1320.56    328.71     16.70   4158.00   -436.75   4594.75
   1320.58    228.00     14.80   4257.00    176.20   4080.80
   1320.60    127.28     18.50   5049.00    -32.65   5081.65
   1320.62     26.68     16.30   4158.00   -328.55   4486.55
   1415.80   1550.73     27.30   7227.00   -235.05   7462.05
   1415.82   1450.01     19.30   4653.00   -645.05   5298.05
   1415.83   1349.30     20.70   5148.00   -528.75   5676.75
   1415.85   1248.59     18.80   5148.00    -14.80   5162.80
   1420.71   1144.54     16.00   4455.00     49.60   4405.40
   1420.72   1043.82     18.70   4851.00   -284.75   5135.75
   1420.80    628.96     18.00   4752.00   -194.40   4946.40
   1420.82    528.58     18.20   5148.00    147.50   5000.50
   1420.84    427.87     14.40   4257.00    284.40   3972.60
   1420.86    328.71     20.40   5643.00     47.40   5595.60
   1420.88    228.00     17.50   4950.00    138.85   4811.15
   1420.90    127.28     14.40   4356.00    383.40   3972.60
   1420.92     26.68     15.30   4356.00    139.95   4216.05
   1516.08   1550.73     24.90   6732.00    -80.85   6812.85
   1516.10   1450.01     19.30   5148.00   -150.05   5298.05
   1516.12   1349.30     20.30   5643.00     74.45   5568.55
   1516.14   1248.59     22.40   5742.00   -394.60   6136.60
   1520.99   1144.54     16.10   3762.00   -670.45   4432.45
   1521.01   1043.82     16.00   4257.00   -148.40   4405.40
   1521.10    628.96     17.60   4356.00   -482.20   4838.20
   1521.12    528.58     16.40   5049.00    535.40   4513.60
   1521.14    427.87     23.40   6435.00     27.90   6407.10
   1521.16    328.71     17.00   4653.00    -22.90   4675.90
   1521.18    228.00     17.70   4653.00   -212.25   4865.25
   1521.20    127.28     20.50   5643.00     20.35   5622.65
   1521.22     26.68     15.70   4554.00    229.75   4324.25
