100
24
0
50
15
4.43
4.43
101.67136266361018
1
2.32
0.0069
3
0.005811388179844847
114.56545569366986
5.604332059341929
3.060611912442087
1
0.006064193320020886
99.96475086520756
1.4554452985302246
1.7705447830286247
2
0.004074296728317339
138.18938638320662
9.80713855156496
3.01780093767218438


9
1
9.098741591195374
0.8401440709870811
7.727411080890856
145.41152825266275
1
0.988754034115042
0.3691430320078456
3
6.133235783039215
163.34883464917482
1.6422056129116824
6.735447633669197
2
6.30679068398355
128.6349871108966
6.1283537123928475
3.491424512003154
3
2.501503151523824
16.761426421445066
7.958435474635207
5.721903882452316


7
0
4.988526801604129
9.805585025217834
8.843520280979467
35.28968638388472
0
0.8368709349286586
0.06762801598831181
1
2.7390954561811087
94.07402624679706
1.1219127340440005
3.8749910022842062
1
7.891005425640845
165.1357661663077
9.406075840243478
8.778966993972041
2
8.094216117739535
49.83546716356627
0.9203120676452092
8.62961374984237


10
0
4.549583224699891
8.086824612292222
9.232846515807935
109.74368949893196
0
0.6182178449682176
0.019923032808938923
3
7.843328117073732
48.81959417543377
7.883274885591977
1.2371434552197613
1
8.77981341001682
135.6737890242286
5.665053881431263
8.547120021931212
1
3.871143796631679
114.84582325621
6.108385396384137
5.619081437964015


3
0
1.2091673842981976
7.330580905119783
8.22054004699438
146.62082799028752
1
0.9258370692074246
0.3907021760981595
3
7.034529577283466
101.68330409532071
5.8338749445394384
1.162722570715501
3
7.755809023209106
133.5649042756917
5.717079383141551
8.914883514054381
1
6.2409262867258795
34.650049701411426
5.543731139741011
2.113448859092666


10
4
8.832131912476196
0.3764975315178154
9.276812918688856
132.3910843670229
3
0.23687200812325682
0.9742107569763667
1
9.019098095541041
37.73174103980003
1.2070524632941715
9.133751922318627
2
0.4902360243431936
130.6397284953408
8.81094037319308
5.598094136746412
1
4.1987331075973895
137.91404565662785
3.9849009886480893
3.9115982141936554


5
5
7.284584542819108
8.410158203110278
2.8022786763807126
134.87600740189444
3
0.15032970377679467
0.8311976473564009
2
5.852862848292717
24.21549633936629
9.702711017124658
4.027060658125286
2
1.4323309633013448
69.0399086525391
3.5793822600159455
7.559022265297298
1
9.572539572921109
113.01283320138546
2.567755232471962
7.33921476455564


8
5
7.255361080395043
0.18641427566262747
6.29610391107912
89.49322905855209
0
0.45687446738287263
0.2891288970509698
3
4.930523881035325
104.05001660420191
3.510939798408735
6.063198542209822
1
6.518978642685539
63.405022524904375
2.9313812332116385
4.913781356642569
2
9.652216851539965
25.44693730979877
2.953106882067862
2.720159896771582


0
10
9.335309591743362
8.323024670300347
6.9069731934887635
129.01658798903847
3
0.5406528789411971
0.8056826470387431
1
7.7329064461616035
41.56205173329019
3.218446700979335
7.45066101931804
2
1.7046811886363489
83.45008358665851
7.889728749084862
6.097550851817234
1
7.201432959836843
168.77436837006664
6.982177553014591
6.168160218014362


5
6
2.354387677521721
7.664609571221473
1.366864939489053
106.851885082564
2
0.6131499875655738
0.19552525693273637
3
0.33202667257778096
150.5017462065546
9.597803267096321
0.7254284006438438
3
2.311837526758106
106.9336973104497
5.373930453908359
9.287610447434854
2
2.852368038171301
19.058289058320412
6.8398669716752405
4.698805156520627


5
1
5.976571859236311
0.7169142491186498
8.307641559678158
23.82828045328964
3
0.27907676466531195
0.7203685795957568
1
0.6539698336920963
134.3203535434568
0.2795027636431613
9.785816413974397
1
8.201337957016122
113.01679512189902
4.928415596113073
3.0841868537788706
1
4.883240558619844
162.83025157294043
0.7258343904501507
9.661859698299597


6
5
2.5525801976424223
5.151387257141609
7.960450987255405
8.50527419962331
0
0.9342887280224165
0.5423087181790412
2
7.499581288280081
168.71356185811274
6.306831611065821
8.622640278872195
1
9.763468835716969
6.012060000754502
9.396061472257774
1.4491140080816345
2
1.3786469227113252
88.56907094346248
9.033392731785971
3.4938893543404106


4
0
3.230406876216575
8.380070987743364
4.2379414468872
120.9953688356593
3
0.4957360273372119
0.0404458259998266
1
6.322970168732397
176.43046403853944
3.573552153397126
2.744690444248911
2
9.729131611402769
99.52391095930665
4.53702702081951
7.902305178369233
1
9.772713182558771
31.69535453064109
6.036214939400184
4.791196538754119


6
6
3.32366927124091
4.2008034728229955
4.199287154876496
70.30230744750425
0
0.9634445367569835
0.4907852249293386
3
6.767824848109756
84.34812829358415
4.144397588930473
8.29952110591806
1
5.801373308933032
90.97916575636648
2.592902045809967
3.9760376284243684
1
8.775059555939922
123.08162200354936
2.0828530582617555
6.703070071483897


5
3
1.9377669869591685
6.512734183879858
9.89802964450156
15.174945241983753
1
0.3145283343672427
0.6094197752359719
2
6.961541750626844
72.81182405281999
2.4583810731996234
3.889551876655575
1
9.107229579341176
36.54829199280414
4.796167674375215
6.927049471338229
3
7.679577064774167
171.0780573679547
1.2990701178336728
3.6453477310776448


4
2
0.8538559105423049
5.102151373487608
7.612727489460907
18.476788015342176
2
0.22923347178807207
0.4589935490377254
3
9.567165940943331
7.2408482341238685
1.4149156415033404
0.08348044809986743
2
3.4698808370063228
176.45729620951454
7.82496856991947
1.7064498292384878
1
8.056017712606268
167.0539024337022
9.797983700990326
1.3342902929010536


5
6
7.670630506835411
8.498622522709995
9.460422099522331
45.071096959097694
1
0.14901277310522765
0.21844666580286232
2
4.5931450568838805
121.99998004213109
3.342747558678054
1.6230091502178379
1
0.5011202175417029
60.690246964497085
9.20319876339802
2.1874402875366252
1
2.824394550312305
164.454450146866
9.398022465208399
5.140768766424687


4
8
8.203922325007168
8.90144618082485
2.3929140004406992
53.22165233926351
1
0.16663219212722036
0.3160414016575034
1
3.960894722942027
166.53658977855227
0.8517019785314817
7.324883992726497
1
5.514134324975135
125.08240909027245
6.64589983618062
6.650850698432652
3
7.712198112033013
161.3736874075351
1.8486961375719502
1.7647640120212038


9
4
3.144109874224447
4.176418252094342
9.575852503870838
89.50914788574048
3
0.24830819897715628
0.4256696395553793
2
2.830176860178212
163.7833064459326
2.567240987443
2.678244921871534
3
9.256597140750607
47.804009248204025
6.349970783933081
2.5284849378346577
2
0.09442169624809038
76.64255384562111
8.564175630830363
9.230177768697237


7
9
3.9713399428578677
1.9229084827505427
9.150637202653646
117.2631769998508
2
0.28787648659197596
0.8264413548359362
1
2.682291563064254
170.82640105408078
8.747834106636581
0.13728975125437803
3
0.4640746358593617
96.23462339199266
5.230191871197087
5.4042820546170365
3
0.21640167597336224
89.43280716695666
0.8646878253633794
0.1999588925560536


2
9
3.128562968921522
0.6112516930504885
5.3791322600508975
28.50988185855124
3
0.4929918555680648
0.6255546055573741
2
1.1610788924897486
31.839709944477157
1.785141476643698
2.1092500530742653
1
4.2337440349082165
154.22820089249416
2.1005592729185207
7.273286777247099
1
9.79946918729633
172.3765527371778
5.725722409349984
3.6115392180555226


3
10
3.4523794070088067
2.7904493585581527
7.171193865457747
109.43519433678713
0
0.6033595679258749
0.3444466327238448
2
3.6717367689122895
113.28424163084347
6.58700950043881
1.6376801273723696
2
1.218424379363826
119.76868374961978
2.8009331106275503
9.058436008796795
3
3.029413568779118
168.20134754938866
2.035050404612103
9.63258284185752


1
5
1.861700742508875
5.366185489461072
8.995009291971051
69.36373714431733
1
0.4409976408023377
0.368226197066681
2
1.737447589576735
51.37336657303601
5.843279019753186
5.7810580807025245
2
2.640919060525162
143.01630001648593
4.268998063706604
2.3851543812996145
3
4.9277609044901
139.8809872050735
2.357556091766674
2.937049201797781


1
7
2.304220161214703
1.9491542002184192
9.1702480773541
143.2533114162616
0
0.2925306388646125
0.758387234336041
3
3.1138203498318506
101.80367705605508
5.1744058010497085
6.686698790711131
2
6.128672631904189
74.74442548855646
2.5575369282752436
5.613765053434533
2
2.105861337670679
4.301867278790963
5.207880621052537
9.301566449203333


6
3
2.9606978662117545
2.273699640092741
0.544027787089395
37.7050445181191
0
0.6235146003667186
0.9288037024431012
3
8.661143276655327
141.7514219557512
3.1628937036876326
5.359980172236551
1
7.3687383992418445
15.167119605034278
9.797014665000367
9.12971120668286
3
0.9017932761700953
159.44500087402545
2.830878724442454
0.522119361388439


8
4
2.7070590303905098
3.6867679120363874
8.54968936763045
130.48913771555434
3
0.6247932533112486
0.6850057471126649
3
0.9744504761600725
14.134616974065366
1.2675398597250787
3.1288825214105764
2
2.5830593958625467
73.15724839070863
5.103477778709102
4.8915909966727975
3
7.900075325434108
135.08364006712
9.489887858488032
2.6510482925561742


0
4
1.834301627868009
9.707174183682236
1.6483878267996843
153.58624455435498
0
0.09088542485861006
0.12673699978167408
1
9.77139968935531
44.14072976096604
8.620493728004401
5.803838628081982
2
6.824061625780144
145.85526283458867
4.431763590880582
5.237004842124637
1
7.834195262273313
36.99654549573906
5.262809852403318
2.5543613237740184


5
9
2.0262203283003366
0.6551783594220084
9.153492802408579
129.74449202050155
0
0.13040380044599154
0.9137933281185868
2
9.037963614854123
18.020029777084446
6.707126818770773
5.532897711300212
3
3.0905599470843037
168.66858308445583
4.374024545917182
5.946214380844309
1
3.871947928278222
14.696849106576984
0.3460049868812698
7.789359090482806


0
8
0.5949405681273456
1.3523759445889094
1.4378041600006808
52.552097541691595
2
0.20850480164805296
0.3951425399747248
2
0.9319332339054776
134.1445505939725
8.928716292573638
5.352201613237284
1
7.263975776043528
25.661603209484888
4.903561963259808
8.563616147503364
2
5.283587332793366
2.6765918696863866
4.8659978330908915
4.802571169951955


7
0
3.974265257441234
0.8919011960181411
7.523577925851722
20.025634133393908
2
0.021369888253144786
0.10132565916577618
1
1.4442336592914151
56.33266329087874
0.04793997475945222
1.4317734750652966
1
3.8648687725931197
110.33635542296481
6.063975270317485
6.977024236258309
2
7.492791996874898
5.166817101125871
9.198997310546561
0.44800633836095893


4
6
5.470835240066069
9.478940994363386
5.055365907988074
11.713910161820287
2
0.7027178896742851
0.10013918448758896
2
2.8180527316067683
119.4392917934463
0.5171853932589043
8.016618075225722
3
7.629779154446848
106.80374659332557
3.603622320368717
3.2547691752724752
1
9.510440334482082
114.41336289210912
9.798227164053491
1.8257139407923173


2
5
2.273100750133419
7.341564281046629
7.655668036648101
119.31747579375514
1
0.8623488350814718
0.715598816253994
2
7.725781245334372
97.21175003776477
0.6896696359189647
0.06313643779363942
3
5.908384439628438
41.345464944100655
8.555391764010082
7.740606829158532
2
3.751201509826474
172.46822355751817
5.529071255571873
9.440658534804276


2
2
6.718106621868928
0.7118601308013728
4.663395859564461
60.82375210992982
2
0.956718783066429
0.11018422567356179
2
0.20376785945378284
122.41120230088097
9.913372635082972
8.570851060152476
2
6.880966668615134
94.36649391091329
5.761788889762395
8.406440384079687
2
3.2329360339317437
66.49655386452876
9.512029126145523
8.681907137031137


2
9
6.816089091921464
9.877391984895658
8.255150246805412
48.157792269672804
1
0.4915461053252067
0.23036529174838838
3
8.344883104648057
69.19974535666366
5.5077830598549005
3.6094449637288517
2
8.596194054901071
162.73824522542665
6.3453333692124705
4.46285549001537
2
1.1589106452583153
27.599320064661306
1.4734850316446901
4.6221289983053175


1
1
1.032885758856752
4.302962159076191
2.9493099524138486
38.348670703522465
1
0.556448889082503
0.6154093512094938
2
3.7488995651601686
7.793111115918161
6.6234558474723135
0.041112854154031764
1
3.82921341319597
162.53232866061697
9.12427002427764
9.227467293592719
1
7.882825313724428
123.15153737955477
5.6042903778172395
5.1374066407024515


1
5
2.330157433216792
9.822689531960036
2.4929343856053388
158.21146144177166
2
0.19161365942338848
0.5694699010730886
3
2.730681455270725
21.379028642781297
7.984383385444779
0.9382240183229484
2
5.7600568670320165
82.1449410030109
5.973591648017487
7.251079883024484
1
0.25665229361783726
112.656154290166
8.926156946944978
7.347361360259218


10
6
6.463423144743783
2.902399743321614
9.13147679172906
52.54491420840915
3
0.08649539918068938
0.19695647814622486
2
4.286189178332397
15.301142282349442
8.513178332800974
3.6962991190191574
3
9.472359334006056
55.811870228573326
6.131374102510239
0.7016588157056336
1
8.36128834298522
117.11357960608129
5.16586337479673
2.375589693590987


9
5
9.537907189181439
6.972327529745962
0.26131238784579125
125.84466332460372
1
0.1105485609042246
0.8011857080312533
2
9.816293876472118
148.50863476214045
9.839069347043193
3.8422985774257388
2
4.272389694383534
7.514161820903862
4.450424811380925
0.006115312858320232
3
4.620018693888998
31.90678660081913
9.137275101395584
3.4304130090776654


7
8
9.822198289159513
5.83013231523537
7.465076312022363
87.53215047083897
3
0.175989734013571
0.14631375459708307
2
9.608407260873216
177.27141981583392
9.688708748233767
1.5382235120976484
2
1.8283937804190409
35.274349331112546
8.595243082359342
3.7499041328819804
2
0.29479374210703124
113.20208943154417
6.631174740862252
2.205939850088722


3
8
8.819722731806683
9.114225939182273
2.929817421312828
110.69910439847204
2
0.932591214625716
0.08254992404808503
1
1.0759215817369183
141.1609727256196
5.159794131870176
5.780029159889676
3
5.130250303980537
5.843368537676266
0.18429248338526438
2.8344325157053705
2
4.365319424850678
127.86550735360862
4.812907117165512
8.60343991266029


6
0
6.59802857736536
4.847411702144563
8.24796026432836
14.36768890238993
3
0.7945059921476579
0.03465150554702723
3
3.7554633887076836
141.29680548867663
0.8775002797643305
1.2918515984039036
3
3.269439200936617
69.77806535227347
4.877586985894435
3.8922825078204957
2
9.790957784728331
36.89479853729576
8.12783501697197
8.773031371257892


4
9
6.375882205407124
4.050838678231024
0.6010837965635418
159.26624529401562
2
0.79912395146828
0.8536999303484245
1
6.061959815163681
20.85853430470805
7.033725615756998
3.1155456092882785
2
7.039322615824251
26.909333681419362
6.409589012640184
6.96024599744621
1
2.1554421157969816
142.36705753950972
4.7146087143332345
6.475680584049297


7
8
3.3681790612939313
2.4282654081382047
1.3265102074623547
7.120684359948912
3
0.7979593280023983
0.5321581227824371
1
8.8015159707621
117.86360778085977
2.3091497044944687
3.895535843054682
3
0.35573711118666473
152.20087653837876
9.56741871949842
2.4101716402575946
2
5.694403785975391
67.90200651754854
8.326247702588544
2.7655135071352865


6
0
2.8886652501238306
4.1206384117626
1.8667061689037867
13.461499643047311
2
0.4795694081364059
0.2822091697491851
1
0.4421067950005475
120.21061941106777
6.678104549982285
8.858980763875836
3
2.4979006033542515
151.99860515750612
7.1143787580869375
2.137624644256616
3
1.7057109593362596
82.64084473340547
0.7590341119422239
8.992440978406659


10
9
2.710472138829564
2.5309820186152154
2.1014983677522814
103.94637656496099
3
0.7245044825260915
0.4773760926566428
1
9.142080317056504
72.9882941838353
9.096257384236067
3.491248852820431
3
6.169630373884026
120.67064794781847
5.658787888182318
0.008358594220172488
3
4.342621676969037
178.74078375352653
9.789219526349504
8.125094965301074


7
10
4.684463593901008
3.219600335602432
6.063098777618809
44.19847651528841
1
0.7922890000925691
0.9574230868805614
1
6.536473290480307
28.050054100019832
5.071105616581662
8.90670654798581
1
6.3808729762214735
167.63798940236816
5.46813036897435
6.562600433312645
1
8.789746602547536
52.38516507897743
7.617544529158444
9.39407868218616


9
0
0.6153957802256649
3.8695942578995437
0.03394585381448989
173.1602953245138
2
0.8404340791785124
0.19653780406332766
3
8.281139575270691
45.85423099695998
9.115285955261403
9.914819337138528
1
5.149548794299632
64.79573494010285
9.228515392210948
2.9771474842758403
2
6.821827169549479
78.3092125090954
4.821569114862811
1.2555281186772838


6
6
7.395889595553005
6.322686891900298
8.027354722456785
69.96318329252016
2
0.2754812492048223
0.834795042330205
2
6.354691639861921
99.56990924458358
7.082694497596798
0.7815665244034486
2
7.023706857232838
84.32500302131635
4.749450655052873
9.285277627783437
3
4.745324585273738
127.84142057973077
4.8158179157736445
7.674987139558348


0
1
6.39821447398395
5.6853649153288
9.650982696721792
104.31247983401937
0
0.43607725146437315
0.0729015687514778
1
8.11825302235413
151.44837819692933
3.38742009838765
3.6861654241704036
1
0.4239935608896428
56.89543783116831
6.613927762958268
1.8544704772915288
1
8.7228217033121
100.46056968834631
3.819735847766925
2.7315936976140476


1
4
2.1238863152003393
1.50533162768285
5.3531055753884695
20.38825603537759
1
0.10808038334058001
0.4302223050184961
3
7.133025401771386
131.4602171978588
8.10548974994891
4.873111613235167
1
9.806433135676514
160.25835191900418
1.7738196861144473
5.121942754134982
3
2.480236497876813
98.86834242498932
1.333458272926713
8.542580065099983


8
8
5.111076931731141
6.018270424410025
4.05170718236636
44.26170401486602
1
0.3716979016630435
0.3660876006621382
2
0.7356658835048913
88.19801716427207
8.95942634631427
3.4995292062044725
3
3.645520978119424
108.23048404132572
4.090591685027234
2.587995553189532
1
2.396850641756798
157.57758536558447
6.121390836206338
1.5080844761474466


10
7
4.099836280854133
4.46492428275194
8.146380880608165
104.82715565197867
3
0.28065467146479073
0.26438197379330175
2
9.371478894783905
62.04469985479636
3.1856200982052263
8.177833910879857
3
3.2376300697607343
70.06840037160707
2.821324438669147
2.067173424593909
1
4.978147301943874
155.01619889318928
2.7036053091011594
1.8762758937364088


6
1
2.455126959592403
2.478484777251566
0.9130444760174417
138.2496944759957
1
0.8733932315044646
0.28141384997884755
1
2.685418592355039
130.60748176260577
4.2845111400739855
6.213710875277129
1
7.324727726656554
170.23349482050702
0.05004840661096632
0.1972374322003001
2
1.7114640388876434
179.14662688401762
3.355044809316172
1.628790634638002


7
9
3.847671484346318
5.542295020766179
1.281466797717894
125.92842106349471
0
0.016304881672689286
0.5570668282442153
1
7.3709060292008814
176.41747056243076
8.653585191865401
0.539400993287944
2
7.5384081183984195
98.54763540513605
2.0643933739443945
1.2059485379686707
2
6.3044562645249
176.6010173367697
0.6125433883174425
5.686482118925208


4
0
2.1926121316435165
5.517864817352372
0.9956072212829681
135.97533841719746
0
0.5789922020645465
0.28923197501381404
1
1.7764562374205362
6.89485790193671
7.103181753957259
9.342303790116315
2
9.664234074654162
0.7394392330188015
9.677547740071962
4.935665857159134
2
9.306374760856416
55.33194531580397
5.289657975110628
1.4354832225111058


6
3
0.8459823714314929
9.243198101528954
9.156766570303827
98.20985330283882
0
0.4415627131455171
0.17152143656182883
2
2.270120219161117
96.57976888717333
6.255114313738288
3.3888902564733625
2
5.726394214198254
39.38113720872166
2.495531649183528
9.12575598452623
3
5.112154949391132
150.7788202486607
4.999311260636258
1.5735799661159777


2
1
6.058992649627553
4.201433781504841
9.149553494115018
122.66891366062504
3
0.8339538781765663
0.694263332720542
3
6.361737747780824
161.62871327681103
4.824104426469065
6.043928686268321
2
1.8926695104729618
155.21611831714748
2.1297828448322753
0.9528152541602763
1
6.349318880033237
165.54987699509937
8.184249471589496
5.276899297378092


3
2
9.690127018153277
6.25979722965707
2.950659392637892
11.632759292505014
2
0.5072892467326942
0.8087779094944261
1
7.5830034379352345
156.5766692305673
9.78202587062966
0.9850237413132368
1
7.199716073708653
118.87705021845007
9.355053982011485
2.8287041134119493
2
0.6476885238018071
92.61981640177063
8.655310786833446
2.6869080603817364


9
10
6.17505217707542
4.478866667089933
7.820448072323668
35.1663059418221
2
0.23726595538179118
0.4549348537224607
1
7.125345414034533
3.3648089995550023
7.404964465689523
2.612467327431036
2
8.098656177482006
142.99464186868963
0.21262400443533114
7.4563944304639085
3
4.791914467202352
152.04306449711947
5.637506855097585
7.717725462282477


10
0
8.754340791498397
7.992149450386186
0.37735871758582173
0.17615874203307236
1
0.15957338435812007
0.45199198585551226
3
7.235615757507832
122.6338088910585
4.203087070294455
4.154402101530826
2
3.820986246891432
164.6970468251245
6.058820234262397
7.143629363020486
2
1.2568132282219036
11.182643620996513
4.32391733945554
4.183747323396117


4
2
9.95900543242384
9.955973699474201
3.0551194210069896
122.98322955350827
1
0.43734314159377974
0.2527150253749698
3
1.3695944465080978
157.28283067953083
2.7333257958409654
8.467297833167851
1
7.564793389193634
48.49986566189932
2.5588540799883575
2.3743955645979953
3
2.125520868045677
78.45468365217255
1.9373956259370362
0.2475832283384416


10
7
1.3538458982920876
3.56968938065237
7.942773880023584
15.41100512707107
1
0.7606302623494421
0.06077886843689395
2
6.103304627389332
118.29409265643692
7.294872592560628
6.5317392049777965
3
8.501287395941251
79.58679979920589
2.625969244920748
4.638207057863413
1
5.390456416490186
100.58856394602473
4.300088452988859
6.188305609640254


3
4
7.538609097641697
5.166184879741041
3.007521334593929
14.389429884454694
0
0.17792563189494048
0.8114497891458103
2
9.80214197467082
82.82309066864539
4.507489200003421
8.643527808700256
2
9.601642777697762
37.48089639621311
8.305901914695156
8.517203680747865
1
8.637098761937288
13.402655136990287
7.910767599139658
0.49001232845966025


2
2
9.406960673323148
9.372713626438177
5.7003677341931756
85.07440733898996
1
0.75969972809726
0.5155492126586612
2
3.047814488703943
154.55442757112988
3.7726249368336595
3.3000958780997447
3
6.284155525195414
0.10645002188776953
6.606653743396722
8.031059560480756
3
5.110576335216928
76.09571042665523
2.5299731073279697
9.250701187769655


1
5
1.6632702309118763
1.3420348676980376
8.944590890849776
167.48292954425577
3
0.5939775125525749
0.466698471523046
3
5.823096679849293
56.323268528337486
2.6173528352571696
8.782230790208832
2
0.8817112441749086
88.2415275760928
4.273576967734679
2.2397061603986956
1
7.1650687678747
19.053867465446835
9.272971249643112
3.9114563035152017


1
3
9.597208308675468
1.0538656844064587
4.507016414473903
76.64384127621437
3
0.6139447161314915
0.8118450444386534
2
6.454395382449247
65.00243155195713
1.9211128697029833
2.4311154757939466
1
7.929565334459118
140.3610802511415
6.5097735119151015
5.103866397756368
1
2.09602119537648
175.17328094449755
9.21052194256671
2.305948047373352


3
4
0.11615590865892034
4.686646710044342
8.752107932250668
126.26421883226419
0
0.757585228364856
0.9850698080553038
1
7.312128018159884
138.655098522937
6.025271294962089
2.620678257038774
1
5.273436926894341
127.870737752228
4.64180383638089
4.603401993207675
1
5.355171279755949
4.6983872387852195
7.477461200650335
8.03024544352932


4
8
2.0354271104285693
8.059619539682569
5.778868835383328
45.91137819935976
2
0.9593497918358009
0.5046757264907001
3
2.2689136811712585
25.95315072106551
2.7254912509058506
8.425257253345848
2
5.997914119467515
140.7311734650595
7.730711118354481
6.1134730833817175
3
6.148388430164352
43.57577025614538
7.889095275867943
3.132939752869798


7
9
0.6263032028527904
7.145216797883834
2.940555627692283
61.71049783904904
3
0.4738559941274513
0.6335577475998856
2
0.9155757787173469
87.8611194743838
8.146915006313117
1.982575704471834
3
6.1751725242561415
33.47313847131947
3.1283563683406914
5.038511065129068
2
0.4163257428631306
165.32368615964998
3.0654068551721894
9.125582299331558


5
6
1.4218797495297675
0.6517647910055935
3.7472060798195175
90.55789498145882
0
0.03161944556757956
0.4028538687435065
2
4.5349598776601425
41.58578813825157
1.5021605985208542
8.552030967711342
1
3.4340061566354727
81.60308796900503
0.9790660472116486
3.7040016167002943
3
6.197884139118813
6.417183931440292
5.0630739868068355
1.313433930702147


1
5
8.28072725841459
9.676498818409911
3.1509779422075668
17.84988166748047
1
0.32681625452892094
0.4988775136159117
3
8.83355953008473
36.791379689945444
4.732129218113792
9.268295922530552
3
1.349170145202262
38.399452400713955
7.666592705414436
7.50608378181541
1
6.376489818587213
25.188866034463025
1.5153021079042994
1.4465260393668478


8
1
0.7083619538727948
9.428890472027982
0.21430097356779143
68.727295757576
2
0.33707667362527693
0.5133312424848295
2
8.43095939113108
14.080414428373654
2.0296260953679224
1.5902316650635695
2
4.6510369760486725
102.09952780889607
3.2063881227608118
5.318958187584299
2
3.809182718506997
44.24526369112379
2.279467757758029
3.6910364957631927


0
1
5.436531643049363
8.024288041866397
3.160840869227685
102.83562241762026
0
0.9753101030679219
0.05680149036881932
1
8.107087209906501
135.74015060711434
4.245793770860749
2.4451145472095615
2
0.25556500478761013
103.47698139475521
7.583188427258371
9.160110282236767
1
3.838519033440612
46.3988549420527
1.5925750943567907
8.92097580067724


9
9
7.260312429722213
7.347869356902907
1.8092769520023344
82.60074229160145
2
0.5735612947201224
0.23553478763791147
3
5.807280728449014
38.75468980815211
3.1793570796960404
9.068173611522944
2
9.114578267754014
63.810005808414516
1.0339127576050622
8.113344047808088
3
9.187285485882642
74.11568927516038
0.7345251396750596
2.3301866601312793


7
4
4.133017989273744
0.9889063908194251
2.389890570852009
5.02032647774691
3
0.6988977344980245
0.9914951277613125
1
2.4051656889455564
60.082659884520154
0.748682159023063
2.5374428177391795
1
3.8863607961317603
53.24006986726931
3.275872563620629
1.509629838564509
1
2.236026167299423
42.47864967038813
6.199196934155655
9.364656163299097


10
6
1.5189223733558999
4.245343197194203
9.743967858110361
106.97084209825309
0
0.8013284787893933
0.8057025045539139
1
3.2233462158037165
24.200578736894773
8.046646275100656
9.003924410151697
3
7.4265614841984515
159.52132068781245
6.680295195399477
6.365763886477121
2
9.683381279047673
95.66632657916632
8.373342165006548
4.97514033993138


3
9
1.0037941835803799
1.1986860565660862
1.9060131944987446
174.03018053255985
0
0.19375388609665878
0.26485290949424867
1
6.311909286210535
2.9117902946773655
9.278321524644163
3.617063798368958
3
7.0994133114842235
117.16057956343805
8.39116006755142
4.08084029330799
2
4.5892402318637435
156.947523955149
5.7232914056666795
1.1901010227854614


7
9
8.163244274902373
3.8592057608650308
2.0687770327111465
22.815906973064976
1
0.8639471007210381
0.9912193495296426
2
2.4847399364171063
77.42107328440181
5.581469802752047
2.145540198282606
1
9.909262970036824
126.94801339559886
6.389344790827102
1.3905357328259171
1
0.8007047080809149
22.191409406165043
9.48947278600466
8.008955387588424


10
4
4.688884828029442
8.38145389785406
2.9310944287852414
166.83915410205492
1
0.6185662528570285
0.4358343100516514
3
2.1136498114521785
92.6748248848383
3.7298514961037577
5.293365508160307
2
3.4524154416471364
75.87836232001592
4.502087902144822
0.5792070866692933
2
4.760866380440549
86.89325079989219
3.8887443598490625
2.61563779800455


0
8
9.772301951523922
3.3500887397400705
8.428537037974385
55.87413440886691
2
0.059198291518687496
0.034953268161013185
2
3.6803179406776785
33.966911805004656
4.719345442737257
0.7112995409961209
3
7.689288086111327
127.46285093286866
1.3577594758394673
3.9498001512108685
2
9.7003959347358
96.71579699074746
6.824537264123868
1.912475222205795


6
5
5.74684009996531
5.136016621912196
7.846878202591524
98.84324834850516
2
0.8904339213064763
0.22979971070753336
1
9.08604485677324
35.81013379980006
7.236883213144274
7.703575280124904
1
2.5368804245114926
72.4317093562179
8.285948631336073
7.55157321522055
3
7.211945109921425
151.54630400909898
6.104813022350319
3.374372570260822


10
10
2.9871994257597323
5.322844564976763
7.318368822145024
0.2178594202503481
0
0.059973769674535826
0.849591098311356
1
0.7193174504465294
113.07329559994824
1.0121933168407027
9.629937808885225
1
6.281554774637426
49.827289390511645
1.1628596671035474
9.165629920390788
2
1.2073604890910095
93.0691570919319
6.167832086788776
9.223313838301237


2
8
9.066845543055827
5.203644512617879
3.7008272095160843
159.93467313435065
1
0.2307658368524621
0.35784636396149017
3
5.281188211653864
64.38392614828007
5.052360028277932
9.002994902674063
2
9.812127962066924
28.487841468294956
1.2020244949865888
5.548268184752878
2
9.257711201989968
65.85411403595452
0.3157356308773118
8.923173173506383


2
8
7.173230884203214
2.3480320910100905
5.839540921520983
106.82773998336141
3
0.08517429547680322
0.4619744321015282
1
9.368466100616299
177.79660625032557
5.7591940753803055
0.280881444061597
2
1.6732793968168547
118.92192424592896
9.690323402794526
3.9321387069790745
2
6.316127633337879
1.9602114473838927
3.4559391763567504
4.994839957725996


2
0
8.780830405468338
4.239555642952145
8.211980787375545
175.57609985249292
2
0.9611792599526703
0.5861442126879745
1
1.8147194211602047
128.72694084903654
9.929415414226089
5.3552344572165165
2
8.939267096408908
5.57337575478045
1.6693224152915753
2.7852177454362845
1
5.8234537446633885
99.0552467166183
0.35034006673889895
7.15165515302592


7
7
5.581988587269652
3.983399932564459
1.9553288486954057
37.1670155658894
3
0.32060817374597195
0.7074356604392501
1
7.789091813969453
120.15112898498239
7.637649058447469
6.734482710449493
2
8.907959776482894
109.47699497448185
3.5619201755369456
6.827591117253293
3
3.1967109979948907
42.05093361842557
4.372335434356706
9.755161367848471


3
2
5.675578697507646
3.084400571742515
8.276816113212705
112.87487201179736
2
0.5493981217022789
0.05527207063872819
3
9.65293159326659
35.07118374509456
0.002232994774062913
3.4224469380671394
3
6.615180613115007
71.30477960124392
9.74430844439408
1.3060524721395772
3
6.700375297017327
118.25364436585402
1.7716544607924523
7.591164632130689


3
2
9.01347469051868
6.2953719250810565
9.246875263109859
21.75568049691923
0
0.5898896261858615
0.1741338424597979
1
9.57423152119659
111.2457659901383
6.833839153295455
4.492253736274494
1
3.1693609632075637
44.80282327626746
3.063245547656843
0.5265117431363675
1
0.7004665731660542
176.03079578536003
6.4470017269343245
4.96610914797917


5
5
7.104836710228196
3.5357469286471366
0.9751054122439495
91.65721112872997
2
0.9051515172569695
0.8495532702287021
3
8.899882819709289
168.186638566434
9.166906165844019
5.35556201553892
1
9.906510822978507
30.618844111060096
4.29864120617067
5.644218319154128
2
6.301450644128755
116.99284608553978
0.22651500542262948
3.123763898314417


0
6
1.978208036834842
3.880530238212323
4.169048092697877
83.7447411558154
3
0.2753372419658008
0.3973906830001145
3
9.285740961248907
176.4207557539778
1.673884732061941
1.727101189851592
3
3.3654980524294817
40.520300253208966
5.571455207640313
6.711794841477129
1
4.365953419261208
31.69094915812225
3.6560328016198698
0.9822223800833763


7
4
9.401424296589441
6.619563142322158
7.075777227373101
80.54245279384533
0
0.9260721880800673
0.8163918206867465
3
0.5845037597912683
99.01798124543899
9.962296710739473
6.284521624427166
3
6.0836425497743445
102.00317161777527
2.6969071634093513
3.985084976996369
3
5.917287526422714
68.83019265047643
2.2951767840053128
4.191214791487931


7
2
1.3593356052210281
4.387101059766722
5.806300927955585
27.490417505269193
1
0.4888724618304122
0.30402645419356633
1
0.49140347586231536
175.3844064928392
7.754604583663208
3.0235598005332784
3
8.212621576032026
13.29133938798104
1.4829999579146613
3.486813156514099
1
4.92479217979504
127.99848015933479
3.5212459002443763
7.509732151688693


0
3
2.789342166550599
3.3617036959581093
7.042775192760759
178.01724854010982
0
0.2935948291010355
0.6356082421060463
2
0.9477083906836936
117.32131636057167
8.950895091770434
4.308513056549216
3
4.954688092428881
18.726612906054644
2.9743547301475024
1.828055905590914
2
8.471984426039741
5.911053522420091
8.840922402450255
5.503963917606035


4
0
7.574740420566143
5.536437783709019
8.128531665125879
12.128353341524736
3
0.49291791692307496
0.9066959058888293
2
6.302040480462173
7.349787332610791
9.574375329976059
5.618028450107955
3
4.819201440058283
154.5493596977865
2.6413593987779493
5.287527673661837
3
9.307524376497073
86.17060290489935
6.709791048236493
6.565546490115137


5
5
8.79588324273184
8.059392482918247
9.540916546623325
38.50980325049418
3
0.5188546678201632
0.13877553733029568
2
8.22950255980617
109.30087401746282
4.59967943802694
2.986204027688013
2
3.69947118136131
155.06976679398937
8.51462857027432
8.148677063602083
2
5.778991221676809
142.54304648804012
0.8596711050314687
5.250126409431166


0
3
8.239151884851442
4.644506321576022
4.746942527740023
90.147859401666
3
0.3712959948520955
0.24822426920103158
1
2.408619737146739
41.171471122651404
4.663991028284247
8.139002427149318
3
9.769911644736958
9.229745418804171
3.264776841674345
5.294597261538586
2
4.149472784755837
125.74889258827596
9.133759891056092
7.936233843842027


10
7
0.16374077507290585
4.052708136780746
2.4417530654707145
143.46408104961017
2
0.23858580871996304
0.8785550930593593
3
1.9560930214947014
100.2457422692722
7.660974421393881
6.325976887718899
3
4.203512015159232
177.55542674177528
5.227503933386166
4.060747314146052
2
8.296967794518602
143.77025528522017
7.829589268575027
6.804470469608016


9
5
4.32625450648206
0.6433686630058943
6.169899082330865
150.96610886169336
3
0.9501271561624293
0.5959430998754143
2
2.6193654530628843
150.48223500491827
0.21752221493137602
1.8473097419321882
2
2.709614743737964
119.50032245444308
3.373993216641079
0.3454874571771538
2
1.7965997601533767
85.67349271322404
6.54979501491563
7.1370083892671135


4
6
3.2631178338491384
1.9960676104944608
6.329428757341519
57.41401991252664
2
0.7610197304134722
0.9480326889883499
1
4.7269987460967595
122.16657606771976
4.053311361911631
6.276163166012548
3
2.892010993402643
81.17906568187038
1.2266214749296511
3.978426334558524
1
7.385644012526215
58.947453264329674
8.560698251690752
2.937402249014278


8
4
8.830797709952718
8.602668410671308
9.558789291398943
89.50236569166081
3
0.968728463148948
0.8860263190913776
3
6.8968667769069665
53.829801886782825
2.2231757312847455
4.376344051334145
1
2.427345446611242
113.49181671868584
4.719982060089595
8.346580182558354
3
8.81136679434556
110.35735250139496
1.6586996027776324
5.870714033614109



