40
1
24
14
13
0.5390553545700971
4753.789410290471
7185.282319608655
119.91515996249585
1
1.2626823535870593
0.03325321997221208
2
0.013065839551136806
9.739856316718967
12170.963652854585
9135.000332982578
2
0.043649725564299136
128.4174
8238.909558920583
9950.039599693213
3
0.33878325571549306
72.0383365002801
14464.75597374774
12632.65


14
13
0.5390553545700971
4753.789410290471
7185.282319608655
91.11742078381404
1
1.2626823535870593
0.03325321997221208
2
0.013065839551136806
9.739856316718967
12170.963652854585
9135.000332982578
2
0.043649725564299136
128.41743450625722
8238.909558920583
9950.039599693213
3
0.33878325571549306
72.0383365002801
14464.75597374774
12632.649812907695


14
13
0.5390553545700971
4753.789410290471
7185.282319608655
91.11742078381404
1
1.2626823535870593
0.03325321997221208
2
0.013065839551136806
9.739856316718967
12170.963652854585
9135.000332982578
3
0.043649725564299136
117.33455791962595
8238.909558920583
9950.039599693213
3
0.33878325571549306
72.0383365002801
14464.75597374774
9316.385764133925


14
13
0.5390553545700971
4753.789410290471
7185.282319608655
91.11742078381404
1
1.2626823535870593
0.03325321997221208
2
0.013065839551136806
9.739856316718967
12170.963652854585
9135.000332982578
3
0.043649725564299136
128.41743450625722
8238.909558920583
9950.039599693213
3
0.33878325571549306
72.0383365002801
14464.75597374774
12632.649812907695


14
13
0.5390553545700971
4753.789410290471
7185.282319608655
119.91515996249585
1
1.2626823535870593
0.03325321997221208
2
0.013065839551136806
9.739856316718967
12170.963652854585
9135.000332982578
2
0.043649725564299136
128.41743450625722
8238.909558920583
9950.039599693213
3
0.33878325571549306
72.0383365002801
14464.75597374774
12632.649812907695


14
13
0.5390553545700971
4753.789410290471
7185.282319608655
91.11742078381404
1
1.2626823535870593
0.03325321997221208
2
0.013065839551136806
9.739856316718967
12170.963652854585
9135.000332982578
2
0.043649725564299136
117.33455791962595
8238.909558920583
9950.039599693213
3
0.33878325571549306
72.0383365002801
14464.75597374774
9316.385764133925


14
13
0.5390553545700971
4753.789410290471
7185.282319608655
91.11742078381404
1
1.2626823535870593
0.03325321997221208
2
0.013065839551136806
9.739856316718967
12170.963652854585
9135.000332982578
3
0.043649725564299136
117.33455791962595
8238.909558920583
9950.039599693213
3
0.33878325571549306
72.0383365002801
14464.75597374774
12632.649812907695


14
13
0.5390553545700971
4753.789410290471
7185.282319608655
91.11742078381404
1
1.2626823535870593
0.03325321997221208
2
0.013065839551136806
9.739856316718967
12170.963652854585
9135.000332982578
2
0.043649725564299136
117.33455791962595
8238.909558920583
9950.039599693213
3
0.33878325571549306
72.0383365002801
14464.75597374774
9316.385764133925


14
13
0.5390553545700971
4753.789410290471
7185.282319608655
91.11742078381404
1
1.2626823535870593
0.03325321997221208
2
0.013065839551136806
9.739856316718967
12170.963652854585
9135.000332982578
3
0.043649725564299136
128.41743450625722
8238.909558920583
9950.039599693213
3
0.33878325571549306
72.0383365002801
14464.75597374774
12632.649812907695


14
13
0.5390553545700971
4753.789410290471
7185.282319608655
91.11742078381404
1
1.2626823535870593
0.03325321997221208
2
0.013065839551136806
9.739856316718967
12170.963652854585
9135.000332982578
3
0.043649725564299136
117.33455791962595
8238.909558920583
9950.039599693213
3
0.33878325571549306
72.0383365002801
14464.75597374774
12632.649812907695


14
13
0.5390553545700971
4753.789410290471
7185.282319608655
91.11742078381404
1
1.2626823535870593
0.03325321997221208
2
0.013065839551136806
9.739856316718967
12170.963652854585
9135.000332982578
3
0.043649725564299136
128.41743450625722
8238.909558920583
9950.039599693213
3
0.33878325571549306
72.0383365002801
14464.75597374774
12632.649812907695


14
13
0.5390553545700971
4753.789410290471
7185.282319608655
91.11742078381404
1
1.2626823535870593
0.03325321997221208
2
0.013065839551136806
9.739856316718967
12170.963652854585
9135.000332982578
2
0.043649725564299136
128.41743450625722
8238.909558920583
9950.039599693213
3
0.33878325571549306
72.0383365002801
14464.75597374774
9316.385764133925


14
13
0.5390553545700971
4753.789410290471
7185.282319608655
119.91515996249585
1
1.2626823535870593
0.03325321997221208
2
0.013065839551136806
9.739856316718967
12170.963652854585
9135.000332982578
2
0.043649725564299136
117.33455791962595
8238.909558920583
9950.039599693213
3
0.33878325571549306
72.0383365002801
14464.75597374774
9316.385764133925


14
13
0.5390553545700971
4753.789410290471
7185.282319608655
91.11742078381404
1
1.2626823535870593
0.03325321997221208
2
0.013065839551136806
9.739856316718967
12170.963652854585
9135.000332982578
2
0.043649725564299136
128.41743450625722
8238.909558920583
9950.039599693213
3
0.33878325571549306
72.0383365002801
14464.75597374774
12632.649812907695


14
13
0.5390553545700971
4753.789410290471
7185.282319608655
91.11742078381404
1
1.2626823535870593
0.03325321997221208
2
0.013065839551136806
9.739856316718967
12170.963652854585
9135.000332982578
2
0.043649725564299136
128.41743450625722
8238.909558920583
9950.039599693213
3
0.33878325571549306
72.0383365002801
14464.75597374774
9316.385764133925


14
13
0.5390553545700971
4753.789410290471
7185.282319608655
91.11742078381404
1
1.2626823535870593
0.03325321997221208
2
0.013065839551136806
9.739856316718967
12170.963652854585
9135.000332982578
2
0.043649725564299136
128.41743450625722
8238.909558920583
9950.039599693213
3
0.33878325571549306
72.0383365002801
14464.75597374774
12632.649812907695


14
13
0.5390553545700971
4753.789410290471
7185.282319608655
91.11742078381404
1
1.2626823535870593
0.03325321997221208
2
0.013065839551136806
9.739856316718967
12170.963652854585
9135.000332982578
3
0.043649725564299136
128.41743450625722
8238.909558920583
9950.039599693213
3
0.33878325571549306
72.0383365002801
14464.75597374774
12632.649812907695


14
13
0.5390553545700971
4753.789410290471
7185.282319608655
91.11742078381404
1
1.2626823535870593
0.03325321997221208
2
0.013065839551136806
9.739856316718967
12170.963652854585
9135.000332982578
3
0.043649725564299136
128.41743450625722
8238.909558920583
9950.039599693213
3
0.33878325571549306
72.0383365002801
14464.75597374774
12632.649812907695


14
13
0.5390553545700971
4753.789410290471
7185.282319608655
119.91515996249585
1
1.2626823535870593
0.03325321997221208
2
0.013065839551136806
9.739856316718967
12170.963652854585
9135.000332982578
2
0.043649725564299136
128.41743450625722
8238.909558920583
9950.039599693213
3
0.33878325571549306
72.0383365002801
14464.75597374774
12632.649812907695


14
13
0.5390553545700971
4753.789410290471
7185.282319608655
91.11742078381404
1
1.2626823535870593
0.03325321997221208
2
0.013065839551136806
9.739856316718967
12170.963652854585
9135.000332982578
2
0.043649725564299136
128.41743450625722
8238.909558920583
9950.039599693213
3
0.33878325571549306
72.0383365002801
14464.75597374774
12632.649812907695


14
13
0.5390553545700971
4753.789410290471
7185.282319608655
91.11742078381404
1
1.2626823535870593
0.03325321997221208
2
0.013065839551136806
9.739856316718967
12170.963652854585
9135.000332982578
2
0.043649725564299136
128.41743450625722
8238.909558920583
9950.039599693213
3
0.33878325571549306
72.0383365002801
14464.75597374774
12632.649812907695


14
13
0.5390553545700971
4753.789410290471
7185.282319608655
119.91515996249585
1
1.2626823535870593
0.03325321997221208
2
0.013065839551136806
9.739856316718967
12170.963652854585
9135.000332982578
2
0.043649725564299136
128.41743450625722
8238.909558920583
9950.039599693213
3
0.33878325571549306
72.0383365002801
14464.75597374774
12632.649812907695


14
13
0.5390553545700971
4753.789410290471
7185.282319608655
91.11742078381404
1
1.2626823535870593
0.03325321997221208
2
0.013065839551136806
9.739856316718967
12170.963652854585
9135.000332982578
3
0.043649725564299136
128.41743450625722
8238.909558920583
9950.039599693213
3
0.33878325571549306
72.0383365002801
14464.75597374774
12632.649812907695


14
13
0.5390553545700971
4753.789410290471
7185.282319608655
91.11742078381404
1
1.2626823535870593
0.03325321997221208
2
0.013065839551136806
9.739856316718967
12170.963652854585
9135.000332982578
3
0.043649725564299136
128.41743450625722
8238.909558920583
9950.039599693213
3
0.33878325571549306
72.0383365002801
14464.75597374774
9316.385764133925


14
13
0.5390553545700971
4753.789410290471
7185.282319608655
91.11742078381404
1
1.2626823535870593
0.03325321997221208
2
0.013065839551136806
9.739856316718967
12170.963652854585
9135.000332982578
2
0.043649725564299136
117.33455791962595
8238.909558920583
9950.039599693213
3
0.33878325571549306
72.0383365002801
14464.75597374774
12632.649812907695


14
13
0.5390553545700971
4753.789410290471
7185.282319608655
91.11742078381404
1
1.2626823535870593
0.03325321997221208
2
0.013065839551136806
9.739856316718967
12170.963652854585
9135.000332982578
2
0.043649725564299136
128.41743450625722
8238.909558920583
9950.039599693213
3
0.33878325571549306
72.0383365002801
14464.75597374774
9316.385764133925


14
13
0.5390553545700971
4753.789410290471
7185.282319608655
91.11742078381404
1
1.2626823535870593
0.03325321997221208
2
0.013065839551136806
9.739856316718967
12170.963652854585
9135.000332982578
2
0.043649725564299136
117.33455791962595
8238.909558920583
9950.039599693213
3
0.33878325571549306
72.0383365002801
14464.75597374774
9316.385764133925


14
13
0.5390553545700971
4753.789410290471
7185.282319608655
91.11742078381404
1
1.2626823535870593
0.03325321997221208
2
0.013065839551136806
9.739856316718967
12170.963652854585
9135.000332982578
2
0.043649725564299136
128.41743450625722
8238.909558920583
9950.039599693213
3
0.33878325571549306
72.0383365002801
14464.75597374774
12632.649812907695


14
13
0.5390553545700971
4753.789410290471
7185.282319608655
91.11742078381404
1
1.2626823535870593
0.03325321997221208
2
0.013065839551136806
9.739856316718967
12170.963652854585
9135.000332982578
2
0.043649725564299136
117.33455791962595
8238.909558920583
9950.039599693213
3
0.33878325571549306
72.0383365002801
14464.75597374774
9316.385764133925


14
13
0.5390553545700971
4753.789410290471
7185.282319608655
91.11742078381404
1
1.2626823535870593
0.03325321997221208
2
0.013065839551136806
9.739856316718967
12170.963652854585
9135.000332982578
3
0.043649725564299136
128.41743450625722
8238.909558920583
9950.039599693213
3
0.33878325571549306
72.0383365002801
14464.75597374774
12632.649812907695


14
13
0.5390553545700971
4753.789410290471
7185.282319608655
119.91515996249585
1
1.2626823535870593
0.03325321997221208
2
0.013065839551136806
9.739856316718967
12170.963652854585
9135.000332982578
2
0.043649725564299136
128.41743450625722
8238.909558920583
9950.039599693213
3
0.33878325571549306
72.0383365002801
14464.75597374774
12632.649812907695


14
13
0.5390553545700971
4753.789410290471
7185.282319608655
91.11742078381404
1
1.2626823535870593
0.03325321997221208
2
0.013065839551136806
9.739856316718967
12170.963652854585
9135.000332982578
2
0.043649725564299136
128.41743450625722
8238.909558920583
9950.039599693213
3
0.33878325571549306
72.0383365002801
14464.75597374774
12632.649812907695


14
13
0.5390553545700971
4753.789410290471
7185.282319608655
91.11742078381404
1
1.2626823535870593
0.03325321997221208
2
0.013065839551136806
9.739856316718967
12170.963652854585
9135.000332982578
3
0.043649725564299136
128.41743450625722
8238.909558920583
9950.039599693213
3
0.33878325571549306
72.0383365002801
14464.75597374774
12632.649812907695


14
13
0.5390553545700971
4753.789410290471
7185.282319608655
119.91515996249585
1
1.2626823535870593
0.03325321997221208
2
0.013065839551136806
9.739856316718967
12170.963652854585
9135.000332982578
2
0.043649725564299136
128.41743450625722
8238.909558920583
9950.039599693213
3
0.33878325571549306
72.0383365002801
14464.75597374774
12632.649812907695


14
13
0.5390553545700971
4753.789410290471
7185.282319608655
91.11742078381404
1
1.2626823535870593
0.03325321997221208
2
0.013065839551136806
9.739856316718967
12170.963652854585
9135.000332982578
3
0.043649725564299136
128.41743450625722
8238.909558920583
9950.039599693213
3
0.33878325571549306
72.0383365002801
14464.75597374774
9316.385764133925


14
13
0.5390553545700971
4753.789410290471
7185.282319608655
91.11742078381404
1
1.2626823535870593
0.03325321997221208
2
0.013065839551136806
9.739856316718967
12170.963652854585
9135.000332982578
2
0.043649725564299136
117.33455791962595
8238.909558920583
9950.039599693213
3
0.33878325571549306
72.0383365002801
14464.75597374774
9316.385764133925


14
13
0.5390553545700971
4753.789410290471
7185.282319608655
91.11742078381404
1
1.2626823535870593
0.03325321997221208
2
0.013065839551136806
9.739856316718967
12170.963652854585
9135.000332982578
3
0.043649725564299136
128.41743450625722
8238.909558920583
9950.039599693213
3
0.33878325571549306
72.0383365002801
14464.75597374774
9316.385764133925


14
13
0.5390553545700971
4753.789410290471
7185.282319608655
91.11742078381404
1
1.2626823535870593
0.03325321997221208
2
0.013065839551136806
9.739856316718967
12170.963652854585
9135.000332982578
2
0.043649725564299136
117.33455791962595
8238.909558920583
9950.039599693213
3
0.33878325571549306
72.0383365002801
14464.75597374774
12632.649812907695


14
13
0.5390553545700971
4753.789410290471
7185.282319608655
119.91515996249585
1
1.2626823535870593
0.03325321997221208
2
0.013065839551136806
9.739856316718967
12170.963652854585
9135.000332982578
2
0.043649725564299136
128.41743450625722
8238.909558920583
9950.039599693213
3
0.33878325571549306
72.0383365002801
14464.75597374774
12632.649812907695


14
13
0.5390553545700971
4753.789410290471
7185.282319608655
91.11742078381404
1
1.2626823535870593
0.03325321997221208
2
0.013065839551136806
9.739856316718967
12170.963652854585
9135.000332982578
3
0.043649725564299136
128.41743450625722
8238.909558920583
9950.039599693213
3
0.33878325571549306
72.0383365002801
14464.75597374774
12632.649812907695



