Pollution Set for GSLIB inverse transformed
5
ID
X
Y
Lead
LeadTrans
   1   119.5040    509.3350     2.1500     0.534884
   2   120.4470    510.0020     2.4800     0.596774
   3   120.6020    511.4820    33.2000     0.969880
   4   121.6040    510.9400     2.2100     0.547511
   5   121.8480    511.9290     2.0800     0.519231
   6   122.1310    510.6830     2.2500     0.555556
   7   121.9800    509.9930     2.1300     0.530516
   8   121.7690    508.7940     2.4800     0.596774
   9   120.4260    507.2480     3.4500     0.710145
  10   119.2010    506.3720     4.3000     0.767442
  11   119.3200    507.4560     2.0600     0.514563
  12   118.9970    507.9920     2.2400     0.553571
  13   118.1230    508.0070     2.0200     0.504950
  14   123.3400    511.1730     1.9300     0.481865
  15   123.6300    508.0810     1.7100     0.415205
  16   120.5180    508.6750     2.5600     0.609375
  17   122.8740    506.5520     2.2300     0.551570
  18   122.6150    505.1900     3.7100     0.730458
  19   123.4020    505.2770     2.3800     0.579832
  20   123.4070    505.9740     7.5200     0.867021
  21   124.1580    507.2840     2.2100     0.547511
  22   124.6090    506.2430     2.9100     0.656357
  23   126.0750    507.0110     5.1800     0.806950
  24   126.6050    507.0600     2.6500     0.622642
  25   127.7550    508.2230     5.3000     0.811321
  26   118.5130    506.5800     4.6000     0.782609
  27   112.7780    501.1480     6.9600     0.856322
  28   111.6180    498.8990     2.9600     0.662162
  29   113.4330    498.9430    25.5000     0.960784
  30   112.9290    497.5970     4.6100     0.783080
  31   112.1290    496.6010    10.1000     0.900990
  32   113.8070    494.9830     2.9500     0.661017
  33   113.0660    493.7550     2.5000     0.600000
  34   112.6550    493.1530     2.6900     0.628253
  35   111.5560    491.9190     2.5300     0.604743
  36   111.9750    491.5610     2.4000     0.583333
  37   112.3700    491.9730     2.2200     0.549550
  38   112.3660    491.0940     2.0900     0.521531
  39   110.9730    491.3860     2.0600     0.514563
  40   113.7460    490.8390     2.3100     0.567100
  41   113.9590    491.3090     2.3000     0.565217
  42   115.4070    493.6670     3.2000     0.687500
  43   114.1260    493.5020     2.9800     0.664430
  44   114.3750    491.6640     2.2000     0.545455
  45   115.4720    490.5550     2.1000     0.523810
  46   113.5940    487.8240     2.3100     0.567100
  47   112.2340    487.0820     2.1500     0.534884
  48   110.3240    487.0120     2.7500     0.636364
  49   110.1190    486.7320     2.6000     0.615385
  50   109.8470    486.0530     2.5900     0.613900
  51   116.5250    492.8430     2.1000     0.523810
  52   117.7500    492.9600     2.3000     0.565217
  53   118.5330    494.1730     2.1800     0.541284
  54   119.0950    493.1440     1.7900     0.441341
  55   120.4040    491.5440     3.1700     0.684543
  56   120.0200    490.3020     3.0000     0.666667
  57   119.1070    489.8650     2.3300     0.570815
  58   118.8940    488.3520     1.9100     0.476440
  59   118.6580    487.5160     1.8100     0.447514
  60   117.3370    487.4900     2.2100     0.547511
  61   117.5160    487.1210     2.4500     0.591837
  62   116.0080    489.3630     2.4300     0.588477
  63   116.7380    490.2880     2.6100     0.616858
  64   117.2120    489.9280     1.8200     0.450549
  65   117.2020    490.7290     1.4800     0.324324
  66   121.8420    494.3360     1.9000     0.473684
  67   123.4300    499.0810     2.9400     0.659864
  68   125.5900    497.9700     2.1900     0.543379
  69   127.4730    498.5020     1.0900     0.082569
  70   127.8730    498.4140     1.8100     0.447514
  71   129.1820    498.9360     1.9800     0.494949
  72   128.3850    500.0030     2.3200     0.568966
  73   125.8700    499.3660     2.3700     0.578059
  74   125.1750    500.2870    12.1000     0.917355
  75   125.6960    500.3650     2.8800     0.652778
  76   133.2730    504.7160     3.0500     0.672131
  77   133.8330    505.1730     2.3600     0.576271
  78   134.3090    505.4360     1.7300     0.421965
  79   134.2460    503.9200     2.4400     0.590164
  80   133.5400    502.8270     2.1000     0.523810
  81   135.1040    503.6530     1.9400     0.484536
  82   126.5340    497.3420     2.0100     0.502488
  83   121.1150    491.0630     2.1800     0.541284
  84   119.2570    492.2550     2.7000     0.629630
  85   117.4730    489.2800     1.9300     0.481865
  86   116.5560    491.4060     2.2400     0.553571
  87   114.8380    491.3420     3.9500     0.746835
  88   115.9830    488.4840     2.3200     0.568966
  89   113.1010    488.9500     2.1500     0.534884
  90   112.0820    498.6260     2.3700     0.578059
  91   113.6210    500.7800     2.7900     0.641577
  92   113.3130    501.3680    27.6000     0.963768
  93   125.0580    507.3720     3.6100     0.722992
  94   127.4130    507.8280     2.7400     0.635036
  95   121.5250    506.4640     3.6100     0.722992
  96   119.9120    507.9500     1.9800     0.494949
  97   118.5220    509.1480     2.4100     0.585062
  98   117.8820    513.0390     2.0900     0.521531
  99   111.1850    503.3980     3.8600     0.740933
 100   113.3360    505.1460     2.1900     0.543379
 101   143.0120    499.0740     4.0600     0.753695
 102   123.9480    483.6560     8.9000     0.887640
