  364675  218853 1299675 1099981  934726  547642 1076806  379252 1400471  699751 1818082  616554 1180918 1300230 1571384  699953  547261  899946
  364706  231334 1299695 1099997  916064  547312  714013  300991  819175  700194 1936264  456406 1398339 1300178 1038554  700123  547263  900349
  364724  297398 1299710 1100120  912447  547287  733196  543122  669048  700094 2912714  602576 1589965 1300181 1359235  699896  547218  900035
  364734  317185 1299734 1099755  916862  547586 1325119  605526 1562244  699728 1992020 1045583 1285270 1300017 1593151  700273  547456  900153
  364743  338134 1299743 1099845  920280  547628 1053689  932804  807188  699932 1549430  377238 1480680 1300068 2470389  699918  547230  899996
  364756  369213 1299761 1099976  915854  547490  995103  535537 1518051  699774 1206127  575943 1747658 1300052 1261313  699884  547609  899695
  364769  398209 1299763 1099992  900583  547701 1421742  293591  988196  699980 1791221  655052 1407007 1300041 1552535  700047  547587  899856
  364774  422105 1299775 1099970  917618  547482 1243457  356428 1241247  700207 1275151 1092253 1294646 1299892  810873  700015  547561  900112
  364782  428121 1299785 1099982  936136  547368 1196564  294294  886013  699974 1816283 1465222 1620248 1300044 2233270  700040  547720  899834
  364798  454331 1299797 1100058  944119  547398 1320144  643175  685226  699806 1915524  862486 1688818 1299825  869963  699893  547764  900204
  364806  463163 1299803 1099988  922634  547405 1261367  622960  713839  699770  949030  415959 1760073 1300000 2534948  699758  547647  899872
  364806  479105 1299811 1100053  921634  547648 1281621  328403 1804712  700288 2488989  801837 1349275 1300320 1058961  700186  547512  900179
  364818  507718 1299819 1100208  946082  547544  960383  625693 1115226  700047 1689712 1694385 1712868 1300020  854486  699873  547430  900025
  364824  521781 1299827 1099923  956635  547555  571608  345128 1163203  699952 1185376  880580 1709593 1299907 1971954  699951  547488  900224
  364833  534406 1299828 1100140  911303  547723  817702  254336  659622  700059  888720  666287 1471973 1300311 1034950  700278  547554  899777
  364836  541076 1299838 1100035  918926  547703  907519  795369 1281705  700146 1260767 1190062 1685344 1300100 1005898  700010  547347  899742
  364847  567013 1299843 1099639  932531  547672 1230575  248821 1297252  699809 2552412  734625 1376654 1300283 1317272  699740  547292  900136
  364850  573760 1299854 1099946  930279  547396 1343334  482753 1436337  699882 2747049  553484 1670933 1299926  939273  699906  547243  899916
  364860  582620 1299859 1099965  923605  547541 1368449  551323 1181667  699960 1108977  409101 1770759 1299910 2097379  699796  547520  900304
  364861  600173 1299860 1100305  962040  547453  607610  514107 1061186  699918 1618515  689030 1614416 1300088 1022270  699842  547679  899722
  364869  612073 1299870 1099723  942787  547561 1467612  865655 2072846  700157 1210120 1078560 1260352 1299882 1546047  700249  547592  900097
  364873  618524 1299875 1099902  925915  547503 1362160  893488 1351334  700067 1652364  977519 1226974 1299775  980444  699775  547656  900259
  364881  639993 1299880 1100014  909018  547386 1330362  956936 1263583  699946 1963584  402157 1576417 1300093 2165620  700069  547536  899938
  364883  646647 1299885 1100075  907574  547660 1396072  849018 1076116  700001 1578310  390306 1762472 1299885 1263775  699929  547375  900069
  364889  661993 1299889 1099787  933122  547379 1250388 1059924  767822  699795 1474165 1279176 1666699 1299897 1129107  700142  547505  900123
  364896  674005 1299898 1100173  911373  547529  644873  724700 1189504  700069 1874165  951769 1518076 1300029 1118221  700155  547392  900164
  364903  675069 1299899 1100096  906677  547455 1383281  337942  614791  700139 1159273 1916711 1791589 1299845 1281317  700171  547558  900086
  364907  693740 1299905 1099941  948394  547631 1226014  996497 1033507  700042 2418589  434995 1769191 1299997  664356  700036  547531  900021
  364912  698516 1299910 1100100  907287  547516 1088738  475095  610610  699953 2051878 1755079 1756334 1299988  683445  700126  547711  899840
  364915  713547 1299914 1100147  905214  547533 1191370  924275  556893  700006 1595612 1163529 1598214 1300006 2407906  699816  547287  900102
  364920  715940 1299922 1100131  919496  547592 1405405  465107  697669  700116 1501976  767097 1562704 1299689 1092946  699997  547192  900242
  364922  732972 1299926 1100286  930878  547495 1375874  656922 1484380  699962 2564150  468034 1164660 1299989  903832  699899  547424  900040
  364929  735435 1299928 1099840  941046  547362 1275044  370059  404908  699829 2295476  514040 1740468 1300222 1622939  700034  547355  899730
  364936  753304 1299934 1099929  919568  547657  771207  902464 1118159  699821 2702149  755265 1646163 1299870  690343  699879  547549  900215
  364936  757847 1299938 1099905  941466  547525 1389374  499143  590094  699987 2371105  521663 1784463 1299853 1766854  699781  547400  899767
  364943  769570 1299944 1100020  923915  547682  779866  588811 1227686  700080 1322387  628667 1393738 1299960 1723454  699925  547577  899813
  364946  773736 1299949 1099966  903686  547472 1446136  693068 1719124  699859 1703208  532380 1275465 1299784 1322374  699922  547691  899951
  364951  785164 1299952 1099922  931903  547590 1214889  392098 1760326  700103 1348031  959298 1333238 1299917  905773  700055  547498  899842
  364954  794708 1299955 1100067  931314  547340  953022  440854  731617  699972  853936 1134444 1639641 1300254 1203286  699719  547709  899824
  364960  805772 1299960 1100192  954190  547737 1169235  235678 1491866  699918 1429009  857044 1736940 1300108 1772464  699831  547408  899896
  364964  816030 1299963 1099897  918000  547512 1437529  709797  481793  699739 2178937  842208 1782934 1299834 1147659  700230  547326  899756
  364966  820607 1299968 1100082  914928  547431 1133146  580060  639645  699714 2640679  936739 1673342 1300243 2081555  699965  547367  899986
  364971  827958 1299970 1099892  937962  547674 1264013  436131 1922060  699843 2314623  479193 1778468 1299899 1298203  700101  547381  900124
  364975  835479 1299976 1100144  901993  547760 1062485  276647  747136  700127 1259431 1940950 1659148 1300025  842360  699934  547847  899785
  364979  846025 1299980 1099932  924452  547498 1458994  787020 1607431  699989 2849132  372335 1208982 1300075 1510288  699871  547304  899888
  364982  852057 1299983 1099854  913160  547571 1359270  567972 1387035  700060 1761045  991750 1320875 1299838 1063111  699824  547618  899888
  364987  862459 1299987 1100010  937876  547615  998875  736483 1002196  699826 1407978 1258290 1326635 1299874 1674193  700005  547541  900052
  364992  866948 1299991 1099993  926606  547419 1463689  280868 1312353  699998 1709778  540588 1629252 1299966  815119  700027  547635  900013
  364996  876258 1299996 1099740  926886  547577 1455454  777573 1551904  699926  911164  778462 1511044 1299740 1160093  700260  547483  900031
  364999  884213 1299998 1100006  933914  547351 1340834  839526 1341657  700027 1456941 1289673 1653907 1299972  995565  699972  547478  899944
  365001  890805 1300001 1100109  900854  547852 1477501  673677  957019  699889 1912615 1208855 1484423 1300192 1425595  700086  547761  899848
  365005  903267 1300006 1100003  928452  547375 1107361  268866  597045  699868 1122428  499816 1424361 1300117 1390163  699838  547388  900237
  365008  909147 1300011 1100316  925296  547505 1031757  287677 1038983  700010 2343212  920689 1361957 1300034  765648  699938  547351  899969
  365013  917021 1300012 1099936  922891  547280 1398248  468677  441597  700049 1665950  587893 1248444 1299920  787980  699854  547616  900044
  365017  920859 1300015 1100221  913291  547389  826376  228285 1453798  700166 1528742  724749 1426576 1300155 1658010  699706  547492  899880
  365020  928964 1300020 1100016  905929  547743 1306087  241883 1133540  700186  937753 1426363 1352306 1299856 1696828  699979  547544  900187
  365024  939236 1300023 1099849  959208  547448 1017895  978088  491528  700022 1098351 1327627 1439897 1299811 1433114  699991  547310  899819
  365029  942788 1300028 1099867  912199  547462  796921 1002750  627781  700035 2476316  808328 1726313 1299955 1817358  699860  547595  900096
  365031  952773 1300031 1099731  915487  547295 1205946  311258 1022281  700011 1370172 1481399 1554937 1299932 2342475  699910  547451  899971
  365036  959237 1300036 1100062  921313  547316 1143814  641875  874487  699707 1042456  566910 1311562 1299865 1347257  699945  547661  899981
  365042  965148 1300041 1099913  951620  547770 1009574  427827  863721  700031  977819 1559274 1624977 1299938 1857022  700160  547739  900008
  365044  972169 1300045 1099807  907873  547718 1160000  414763  918310  699877 1732009 1063901 1449525 1299791 1523520  699961  547333  900063
  365051  984295 1300049 1100044  935257  547798 1310474 1094370  896029  699994 2089928  650470 1648136 1300150 1634350  700003  547518  899926
  365053  988484 1300055 1099876  910113  547262  968065  573844  969052  700232 2132515  609560 1113076 1300125 1479221  700044  547780  900064
  365056  993668 1300060 1100163  927451  547688 1348722 1026961 1831853  699901 2241584 1171009 1465010 1300071 1375026  700173  547501  900282
  365062 1003241 1300062 1100027  940214  547243  865322 1140035  462884  700217 2141956 1611905 1551910 1300135 1996557  700068  547449  899869
  365068 1011933 1300066 1100104  945137  547347 1140028  394634  825646  699785 1226566 1501099 1747852 1299721 1496730  700203  547528  899803
  365071 1015070 1300070 1099955  909461  547461  556116  363181 1871288  699937 1529650 1591635 1722671 1300267  754121  700011  547476  900082
  365075 1020498 1300074 1099879  947330  547487 1439805  309148  543524  700129 1234429  997683 1720101 1299945 1881124  700091  547183  900055
  365078 1029010 1300082 1100025  905690  547202  878671 1171785  566301  699912 1024587 1519884 1729922 1300119 1953342  699737  547466  899909
  365086 1034969 1300085 1099825  908484  547558  921510  265328 1610109  700091 1061817  903196 1567552 1300195 1929143  700216  547438  900143
  365091 1040637 1300088 1099800  949971  547480  942038  219180 1655217  700246 1139581 1241017 1078753 1300083  892502  699970  547472  900017
  365096 1045711 1300096 1100039  903037  547437  896251  763413  703788  700269 1566469 1102359 1498277 1300210 1807341  700226  547631  900116
  365100 1057715 1300102 1100276  951918  547607 1182775  818590  503420  700026 1333282 1774033 1381860 1300056 1217573  700194  547442  900075
  365106 1059493 1300106 1100180  917428  547175 1069171  663672  790932  700225 1092316 1227764 1127536 1299806 1231811  700146  547626  900006
  365110 1067516 1300111 1099816  901690  547417 1494703  426408  792862  700052 1635347 1322347 1444481 1300051  964297  700293  547641  899907
  365117 1075006 1300116 1100088  904323  547325 1157286  321713  672876  700186 1382568  491989 1696944 1300162  739956  699811  547433  900175
  365118 1082759 1300122 1100048  899786  547299 1037272  366275 1214331  700122 1840028  426577 1798817 1299665 1742094  700133  547493  900004
  365128 1086242 1300125 1100070  958893  547356 1427811  350283  421631  700308 1300761 1125839 1204752 1300212 1450795  700114  547412  900091
  365134 1094337 1300133 1099779  906209  547537  977538  231605 1095890  700145  783670  717148 1457809 1300036 1893845  699975  547580  900201
  365134 1098203 1300135 1100036  909780  547409 1415511  686726 1666963  700097 1363791  705156 1599501 1300141  879072  700349  547671  899929
  365145 1102819 1300143 1099687  964575  547635 1177884  456251  648643  699944 1768035  831485 1573040 1299977  698529  699764  547416  899861
  365150 1113377 1300147 1099915  910886  547787  754266  452402  773442  700162 2251777  684761 1604863 1300134 1243470  699994  547573  899980
  365156 1114521 1300155 1100237  913987  547254  926849  517075  580619  700017 1411356 1448808 1705057 1299950 1073822  700024  547279  900050
  365163 1126181 1300161 1099887  920558  547466 1293819  405270 1157968  699898 1045809 1387118 1793769 1299764  734217  699987  547598  900132
  365166 1130917 1300171 1099764  904806  547547 1095557  740267  942936  699837 1151244 1025938 1504443 1299983  717382  699865  547394  899903
  365173 1141396 1300175 1099829  902794  547508 1482951  559633  906444  699861 1181825 2046899 1152776 1299818 1188601  700054  547319  899964
  365181 1145080 1300183 1100116  901198  547423 1499780  527035  514499  700112 1073445 1649397 1529449 1299980 1412810  700189  547338  900166
  365193 1156566 1300189 1100124  902321  547601  840087  386476  724650  699907  769553  786642 1541217 1300170  916978  699981  547804  899990
  365197 1158139 1300194 1099860  914353  547434 1488408  882357  926095  699849 1010635 1620047 1524800 1300106 2128807  700063  547465  900148
  365208 1165275 1300202 1099952  938701  547442 1236367  808854 1413452  700323 2008904 2106408 1583088 1299993 2043333  700076  547676  899955
  365214 1175155 1300212 1100201  903850  547226 1411045  755048  760606  699886 2111920 1821542 1540295 1300014 2263121  700081  547567  899797
  365219 1186558 1300224 1099794  943143  547564 1300637  409928  975380  700251  879332  451308 1494330 1299965  948862  700104  547523  899998
  365232 1192882 1300237 1100087  948717  547474  687830  507799 1066496  700178 1497606  890329 1677255 1299759 1099701  700137  547511  900030
  365243 1209158 1300246 1100213  973437  547522 1287082  701896  836182  699927 1884946 1727574 1071847 1299725 1170410  699673  547737  899958
  365252 1223376 1300254 1100156  929465  547609 1110221  260062  539292  699969  986896 1367490 1036494 1300061  959687  699944  547366  899667
  365263 1233742 1300267 1100172  936504  547623 1119483  594628  526179  700077 1441210 2191573 1411612 1300008  836385  700093  547695  900272
  365286 1243401 1300278 1100248  955027  547580  458873  611309  856038  699654 2217335 1867936 1633069 1300081  798932  700021  547604  899919
  365305 1261559 1300306 1100252  928051  547335  851370  492087  573394  700087 2031386 1021495 1246509 1299930  775462  700110  547422  899933
  365342 1300694 1300315 1099961  966799  547222  676336  332448 1317785  699982 1291355 1349446 1692712 1299942  725055  699806  547461  899975
