gen  11
 -0.5082321    
 -0.6981277    
 -0.5242642    
 -0.6230451    
 -0.4645347    
 -0.7419778    
 -0.6894379    
 -0.7128065    
 -0.6590176    
 -0.6472706    
 -0.7465426    
 -0.6137904    
 -0.6868489    
 -0.6653736    
 -0.6754386    
 -0.4681834    
 -0.5895766    
 -0.7385628    
 -0.7257279    
 -0.7248502    
 -0.5502687    
 -0.5874336    
 -0.4857993    
 -0.5820408    
 -0.6548496    
 -0.7008162    
 -0.5009217    
  -1.078302    
 -0.5085837    
 -0.7194929    
 -0.7536323    
 -0.7337991    
 -0.6867983    
 -0.6585248    
 -0.5752792    
 -0.8864424    
 -0.6021793    
 -0.6434274    
 -0.7133481    
 -0.6045506    
 -0.6847852    
 -0.6557454    
 -0.5896528    
 -0.6557454    
 -0.7328721    
 -0.7537503    
 -0.7419636    
 -0.5349193    
 -0.5873343    
 -0.5873343    
 -0.5873193    
 -0.5892339    
 -0.5897365    
 -0.6994302    
 -0.5763169    
 -0.7688130    
 -0.7743936    
 -0.4638028    
 -0.8277721    
 -0.5315518    
 -0.6495305    
 -0.4860496    
 -0.5837389    
 -0.4908457    
 -0.6279129    
 -0.6735592    
 -0.5009217    
 -5.6837518E-02
 -0.6784902    
 -0.5698307    
 -0.5975437    
 -0.6202975    
 -0.6962729    
 -0.7544365    
 -0.5828365    
 -0.7203066    
 -0.6599887    
 -0.6704477    
 -0.5890924    
 -0.6093901    
 -0.5870031    
 -0.7389645    
 -0.7515259    
 -0.5898960    
 -0.9808196    
 -0.5123174    
 -0.5873343    
 -0.5873343    
 -0.7420309    
 -0.4397812    
 -0.6750516    
 -0.5946792    
 -0.7018756    
 -0.7587329    
 -0.5808866    
 -0.6821085    
 -0.7123662    
 -0.7655138    
 -0.7962927    
 -0.7629052    
 -0.5975437    
 -0.7712040    
 -0.6128845    
 -0.6380716    
 -0.7414663    
 -0.6551065    
 -0.6023046    
 -0.7117077    
 -0.4739876    
 -0.7149588    
 -0.6938568    
 -0.6739946    
 -0.4275532    
 -0.6529410    
 -0.6189785    
 -0.6189785    
 -0.6273405    
 -0.7552832    
 -0.7569552    
 -0.6507609    
 -0.6744596    
 -0.6433077    
 -0.8171791    
 -0.5422269    
 -0.5841793    
 -0.7779209    
 -0.8981765    
 -0.5009217    
 -0.5831522    
 -0.7618740    
 -0.4813112    
 -0.5582417    
  -1.094002    
 -0.7208080    
 -0.4516546    
 -0.6956966    
 -0.6279129    
 -0.5975437    
  -1.340007    
 -0.6450447    
 -0.7409348    
 -0.4621939    
 -0.6953214    
 -0.7143500    
 -0.3617815    
  -1.417202    
 -0.6999457    
 -0.7153290    
 -0.7382372    
 -0.6203590    
 -0.5873343    
 -0.7560946    
 -0.4613414    
 -0.5716397    
 -0.5034732    
 -0.5460651    
 -0.7000923    
 -0.6919132    
 -0.7158262    
 -0.5902236    
 -0.6081244    
 -0.5948721    
 -0.5895766    
  -1.477495    
 -0.9945565    
 -0.8764395    
 -0.5873343    
 -0.6561182    
 -0.6147646    
 -0.6694466    
 -0.7498742    
 -0.7109552    
 -0.7003865    
 -0.7309581    
 -0.6011221    
 -0.6467001    
 -0.7566627    
 -0.6993101    
 -0.7141129    
 -0.6557454    
 -0.7246485    
 -0.7000923    
 -0.6744596    
 -0.8245038    
 -0.6846246    
 -0.6847664    
 -0.8587064    
 -0.7524615    
 -0.7115626    
 -0.7338737    
 -0.7229578    
 -0.6169560    
 -0.9631665    
 -0.8414842    
 -0.5873343    
 -0.4420371    
 -0.7385628    
 -0.6616828    
 -0.6111152    
 -0.6704051    
 -0.6059906    
 -0.6314446    
 -0.4128602    
 -0.8108045    
 -0.7208080    
 -0.7045060    
 -0.4705768    
 -0.6202975    
 -0.6056587    
 -0.6279129    
 -0.7246485    
 -0.7685758    
 -0.7440462    
 -0.6287349    
 -0.5873343    
 -0.6507609    
 -0.5873343    
 -0.7308635    
 -0.4300368    
 -0.6495438    
 -0.7308635    
 -0.7226585    
 -0.5957764    
 -0.7141129    
 -0.7385628    
 -0.6029512    
 -0.8563440    
 -0.6694942    
 -0.5542312    
 -0.7125528    
 -0.5873343    
 -0.7385628    
 -0.6314446    
 -0.6477923    
 -0.6738253    
 -0.6744596    
 -0.6223387    
 -0.6904467    
 -0.5873343    
 -0.7524126    
 -0.5104895    
 -0.7560946    
 -0.7435995    
 -0.7888749    
 -0.6056587    
 -0.6596216    
 -0.4984402    
 -0.5927448    
 -0.7246485    
 -0.6786668    
 -0.7712040    
 -0.7385628    
 -0.5906968    
 -0.7218897    
 -0.6965563    
 -0.7344931    
 -0.7115626    
 -0.7141129    
 -0.6931208    
 -0.6507609    
 -0.6809998    
 -0.6427665    
 -0.7569552    
 -0.7125528    
 -0.7141129    
 -0.6104282    
 -0.6056587    
 -0.6042032    
 -0.6147646    
 -0.6043768    
 -0.6931208    
 -0.6924816    
 -0.5975437    
 -0.7000923    
 -0.6866643    
 -0.7804360    
 -0.4756917    
 -0.6056587    
 -0.4667397    
 -0.7560946    
 -0.6056587    
 -0.5873343    
 -0.7143500    
 -0.6042546    
 -0.5104895    
 -0.6115621    
 -0.6314446    
 -0.7494870    
 -0.5873343    
 -0.5873343    
 -0.5104895    
 -0.6076245    
 -0.8414842    
 -0.5930173    
 -0.7126392    
 -0.7246485    
 -0.7888749    
 -0.6779974    
 -0.5975437    
 -0.5873343    
