Uncond. Simul., C(h)=2Exp(-h)
2
X
Z
    1.0000   -1.9809
    2.0000   -1.6247
    3.0000   -1.9582
    4.0000   -0.1645
    5.0000    0.9656
    6.0000   -0.9164
    7.0000   -2.2180
    8.0000    0.1600
    9.0000   -1.3664
   10.0000   -0.4816
   11.0000    0.1290
   12.0000    1.1307
   13.0000   -0.0624
   14.0000   -0.3309
   15.0000   -0.0438
   16.0000    0.5635
   17.0000   -0.1576
   18.0000   -0.4654
   19.0000   -2.6530
   20.0000   -0.7071
   21.0000   -1.1735
   22.0000   -1.3115
   23.0000   -0.0871
   24.0000   -1.0739
   25.0000    2.1251
   26.0000    1.1309
   27.0000    0.8722
   28.0000   -1.5351
   29.0000    0.2468
   30.0000    0.5928
   31.0000    0.8689
   32.0000    0.0595
   33.0000    0.3310
   34.0000   -1.2574
   35.0000   -1.2775
   36.0000   -0.4123
   37.0000    0.2244
   38.0000   -1.7580
   39.0000    0.9426
   40.0000   -0.0839
   41.0000   -1.6320
   42.0000   -1.4984
   43.0000   -1.3474
   44.0000    0.6176
   45.0000    0.5506
   46.0000    0.6906
   47.0000   -1.6751
   48.0000   -1.1985
   49.0000    1.3094
   50.0000    1.0137
   51.0000    0.1255
   52.0000    4.0327
   53.0000    0.6366
   54.0000    0.2490
   55.0000    1.0306
   56.0000    1.5349
   57.0000    2.1040
   58.0000   -2.0744
   59.0000   -3.2712
   60.0000   -0.7259
   61.0000    0.7759
   62.0000    1.8348
   63.0000    2.4375
   64.0000    1.0163
   65.0000    0.1272
   66.0000    2.4788
   67.0000    3.9205
   68.0000    1.3119
   69.0000    1.4529
   70.0000    0.2198
   71.0000    2.1817
   72.0000    0.2809
   73.0000   -1.0299
   74.0000   -0.4246
   75.0000    0.3872
   76.0000    1.2298
   77.0000   -0.5411
   78.0000    0.2175
   79.0000   -0.0101
   80.0000   -0.1227
   81.0000    0.4187
   82.0000    0.2123
   83.0000   -1.2933
   84.0000    0.1687
   85.0000    0.6808
   86.0000   -0.1690
   87.0000    1.2333
   88.0000   -0.0349
   89.0000    1.2673
   90.0000   -0.8574
   91.0000    1.5228
   92.0000    2.0673
   93.0000    2.1544
   94.0000   -0.1979
   95.0000    0.2212
   96.0000   -0.2074
   97.0000   -1.1571
   98.0000   -1.3601
   99.0000   -1.9964
  100.0000    0.0303
  101.0000    3.0469
  102.0000    0.1418
  103.0000   -1.8397
  104.0000   -2.7755
  105.0000    0.0989
  106.0000    0.2862
  107.0000   -0.1600
  108.0000    0.1948
  109.0000    2.4014
  110.0000    1.7745
  111.0000    1.5374
  112.0000   -0.0864
  113.0000    1.3651
  114.0000    0.3008
  115.0000    2.9141
  116.0000   -0.8906
  117.0000   -3.0940
  118.0000   -2.8229
  119.0000   -3.4464
  120.0000   -0.6672
  121.0000    1.9136
  122.0000   -1.4758
  123.0000   -0.5027
  124.0000    0.0940
  125.0000   -0.0069
  126.0000   -1.2523
  127.0000   -1.4153
  128.0000    0.3828
  129.0000    3.0539
  130.0000    2.5720
  131.0000   -1.6943
  132.0000   -0.7002
  133.0000    0.6619
  134.0000    0.0187
  135.0000   -1.3618
  136.0000   -0.7431
  137.0000   -0.9109
  138.0000   -1.3267
  139.0000    1.3259
  140.0000   -0.1134
  141.0000   -1.8418
  142.0000   -1.8732
  143.0000    0.9438
  144.0000    1.2528
  145.0000    1.6152
  146.0000    2.3681
  147.0000    0.0617
  148.0000   -1.5171
  149.0000    0.1026
  150.0000   -0.0578
  151.0000   -0.3836
  152.0000   -0.0459
  153.0000   -1.2936
  154.0000    0.1993
  155.0000   -0.5231
  156.0000    0.8595
  157.0000    0.1024
  158.0000    0.0614
  159.0000   -0.5586
  160.0000    0.8846
  161.0000   -1.3919
  162.0000    1.8314
  163.0000   -0.6188
  164.0000   -0.7647
  165.0000   -2.1850
  166.0000   -0.4315
  167.0000   -0.7913
  168.0000   -1.4730
  169.0000   -2.0969
  170.0000   -3.6066
  171.0000    0.1709
  172.0000   -0.4917
  173.0000   -1.7058
  174.0000   -1.3438
  175.0000   -0.3627
  176.0000   -1.0885
  177.0000    0.3777
  178.0000    0.7695
  179.0000    0.9020
  180.0000    2.4469
  181.0000   -1.4381
  182.0000   -0.8709
  183.0000    0.4345
  184.0000   -3.0043
  185.0000   -1.4853
  186.0000    0.3048
  187.0000   -0.8348
  188.0000   -0.9030
  189.0000   -1.0393
  190.0000   -0.9175
  191.0000   -2.3185
  192.0000   -1.7671
  193.0000   -1.3664
  194.0000   -0.1961
  195.0000    0.8824
  196.0000    0.6360
  197.0000    1.8667
  198.0000    0.2404
  199.0000   -1.6823
  200.0000    1.7751
  201.0000    2.2693
  202.0000    1.4251
  203.0000    2.2182
  204.0000    0.3109
  205.0000    1.6831
  206.0000    0.6983
  207.0000   -0.4757
  208.0000    1.8202
  209.0000    1.2949
  210.0000    1.4927
  211.0000    0.3445
  212.0000    0.2109
  213.0000   -0.9299
  214.0000   -0.2657
  215.0000   -0.7582
  216.0000    0.2092
  217.0000   -0.8699
  218.0000   -0.4118
  219.0000   -0.2751
  220.0000   -3.4517
  221.0000   -1.4877
  222.0000   -0.4786
  223.0000   -1.0166
  224.0000   -1.9943
  225.0000   -2.1903
  226.0000   -1.8604
  227.0000   -1.5876
  228.0000   -2.1153
  229.0000   -0.5765
  230.0000   -1.2966
  231.0000   -0.9793
  232.0000    0.3984
  233.0000    1.3448
  234.0000    0.5388
  235.0000    1.9234
  236.0000    0.3483
  237.0000    0.4539
  238.0000   -0.0673
  239.0000   -0.0491
  240.0000   -0.8681
  241.0000    0.8388
  242.0000    1.3707
  243.0000   -0.2576
  244.0000    0.9603
  245.0000   -2.7009
  246.0000   -1.2012
  247.0000    0.4113
  248.0000    3.0503
  249.0000    0.1676
  250.0000    2.0684
  251.0000    0.7062
  252.0000    1.5675
  253.0000    1.7984
  254.0000    0.6429
  255.0000   -2.7497
  256.0000    1.0018
  257.0000    0.7289
  258.0000   -0.7828
  259.0000   -1.4145
  260.0000   -0.6927
  261.0000   -0.1498
  262.0000   -0.3184
  263.0000   -0.3362
  264.0000   -1.5838
  265.0000   -0.1275
  266.0000   -1.7196
  267.0000    2.2191
  268.0000    0.1851
  269.0000    1.3952
  270.0000    1.0135
  271.0000   -2.1712
  272.0000   -0.2431
  273.0000   -1.7542
  274.0000   -0.5223
  275.0000    0.6670
  276.0000   -0.0096
  277.0000    1.4145
  278.0000    2.5905
  279.0000    0.3511
  280.0000   -0.6984
  281.0000   -0.4402
  282.0000    0.0158
  283.0000    0.2635
  284.0000    0.2684
  285.0000   -0.6352
  286.0000   -0.4229
  287.0000    1.1377
  288.0000   -0.0057
  289.0000   -0.4791
  290.0000   -2.1146
  291.0000   -2.4864
  292.0000   -1.6449
  293.0000    1.0736
  294.0000    0.2199
  295.0000    1.4034
  296.0000    0.4660
  297.0000   -2.6311
  298.0000   -0.5622
  299.0000    0.8857
  300.0000    2.6742
  301.0000   -0.3619
  302.0000    0.5178
  303.0000    1.1319
  304.0000   -0.0970
  305.0000    2.7486
  306.0000   -0.6746
  307.0000    0.5839
  308.0000    2.0260
  309.0000   -0.7830
  310.0000   -2.2413
  311.0000   -1.9029
  312.0000   -1.7311
  313.0000   -0.4631
  314.0000    0.8724
  315.0000    0.5117
  316.0000   -1.4668
  317.0000   -0.4702
  318.0000   -0.5923
  319.0000   -0.6726
  320.0000   -0.7167
  321.0000    0.1946
  322.0000    2.6938
  323.0000    1.3455
  324.0000   -0.6533
  325.0000    0.8741
  326.0000   -1.3562
  327.0000   -1.7849
  328.0000   -0.9954
  329.0000   -0.5704
  330.0000    1.1975
  331.0000    2.8697
  332.0000    0.7597
  333.0000   -1.2807
  334.0000   -0.6510
  335.0000    0.0672
  336.0000   -0.5750
  337.0000   -2.9275
  338.0000   -2.2077
  339.0000   -0.4926
  340.0000   -0.3445
  341.0000    0.0050
  342.0000    0.4349
  343.0000   -1.6428
  344.0000   -3.2615
  345.0000    1.0357
  346.0000    0.4698
  347.0000    1.9330
  348.0000    1.4639
  349.0000    2.1406
  350.0000    0.8076
  351.0000    0.5951
  352.0000   -1.1408
  353.0000    1.8837
  354.0000   -1.1166
  355.0000   -2.1902
  356.0000   -0.5988
  357.0000    0.2737
  358.0000    0.0142
  359.0000   -0.9292
  360.0000   -0.9528
  361.0000    0.3395
  362.0000    3.1143
  363.0000    0.1592
  364.0000   -0.4644
  365.0000    0.4660
  366.0000    0.0044
  367.0000   -0.5698
  368.0000   -0.8924
  369.0000   -1.6468
  370.0000   -2.5076
  371.0000   -0.5405
  372.0000   -4.1907
  373.0000   -4.9932
  374.0000   -0.7264
  375.0000    0.5371
  376.0000    1.0533
  377.0000   -1.6235
  378.0000    2.0626
  379.0000    0.7820
  380.0000   -2.4898
  381.0000   -0.9142
  382.0000   -2.5733
  383.0000    0.5297
  384.0000    1.1635
  385.0000    0.5531
  386.0000    1.2176
  387.0000    1.1775
  388.0000    1.1251
  389.0000    2.8528
  390.0000    1.6083
  391.0000    1.3906
  392.0000    0.3369
  393.0000    1.3351
  394.0000    2.3134
  395.0000    2.5268
  396.0000    0.9469
  397.0000    0.1217
  398.0000    1.1104
  399.0000    2.9016
  400.0000    0.9517
  401.0000   -0.5403
  402.0000   -0.3352
  403.0000    1.2883
  404.0000   -0.8490
  405.0000   -2.3839
  406.0000    0.5147
  407.0000    0.5078
  408.0000   -0.5137
  409.0000   -0.5641
  410.0000    1.6624
  411.0000    1.9850
  412.0000   -0.1914
  413.0000    3.6612
  414.0000    2.9878
  415.0000    2.0166
  416.0000    1.2701
  417.0000   -1.2356
  418.0000   -0.5501
  419.0000   -1.0897
  420.0000   -0.1960
  421.0000    0.4953
  422.0000   -0.3514
  423.0000   -0.5015
  424.0000   -1.2926
  425.0000    0.2979
  426.0000    1.0940
  427.0000   -0.7390
  428.0000    0.7803
  429.0000    1.7584
  430.0000    1.3845
  431.0000    0.3705
  432.0000    1.7776
  433.0000   -0.4963
  434.0000    0.6460
  435.0000   -0.2242
  436.0000    0.0529
  437.0000   -1.2094
  438.0000   -1.2748
  439.0000    2.8448
  440.0000    1.2812
  441.0000   -2.5268
  442.0000   -1.7914
  443.0000   -0.8534
  444.0000    0.6281
  445.0000    0.8147
  446.0000   -1.4536
  447.0000   -2.0570
  448.0000   -1.2646
  449.0000   -1.3925
  450.0000    1.1446
  451.0000    0.0099
  452.0000   -0.2624
  453.0000   -0.8034
  454.0000    1.0119
  455.0000   -0.0842
  456.0000   -0.1323
  457.0000   -1.7139
  458.0000    0.8319
  459.0000    0.0138
  460.0000   -1.4266
  461.0000    2.8535
  462.0000   -0.4817
  463.0000   -0.4585
  464.0000    1.8896
  465.0000   -2.0142
  466.0000   -0.6188
  467.0000   -1.3681
  468.0000    0.5362
  469.0000   -0.1741
  470.0000    0.9775
  471.0000    1.5316
  472.0000    0.5948
  473.0000   -0.5480
  474.0000   -1.8528
  475.0000   -0.0019
  476.0000   -0.7354
  477.0000   -0.8181
  478.0000   -1.4629
  479.0000   -1.9425
  480.0000   -0.9537
  481.0000   -0.6138
  482.0000   -0.5807
  483.0000   -1.6117
  484.0000   -3.3297
  485.0000    0.9154
  486.0000    0.0282
  487.0000    0.9664
  488.0000    1.8169
  489.0000    1.7739
  490.0000    0.3152
  491.0000   -0.1184
  492.0000   -1.8935
  493.0000   -0.9092
  494.0000    1.6927
  495.0000   -0.1052
  496.0000    1.4276
  497.0000    1.5566
  498.0000    0.9584
  499.0000    1.8037
  500.0000   -0.5318
  501.0000   -0.1651
  502.0000    0.1170
  503.0000    1.3198
  504.0000    1.5133
  505.0000    1.0393
  506.0000    2.5674
  507.0000    2.6736
  508.0000    0.2912
  509.0000   -0.0833
  510.0000   -0.3956
  511.0000   -2.4511
  512.0000    1.1729
  513.0000   -0.8888
  514.0000    1.0176
  515.0000    1.3564
  516.0000   -1.4637
  517.0000    0.9855
  518.0000    1.1477
  519.0000   -1.1803
  520.0000   -1.5849
  521.0000    0.9030
  522.0000    3.3655
  523.0000    2.0096
  524.0000   -2.8097
  525.0000   -1.4116
  526.0000    1.9154
  527.0000    0.4233
  528.0000    1.8638
  529.0000    1.0050
  530.0000    2.0275
  531.0000    1.0468
  532.0000    0.5157
  533.0000   -1.0337
  534.0000    0.0699
  535.0000   -0.4475
  536.0000    0.4640
  537.0000    0.5160
  538.0000    1.7359
  539.0000   -1.8967
  540.0000   -0.0181
  541.0000    3.2454
  542.0000    0.9040
  543.0000    1.8225
  544.0000   -1.1170
  545.0000   -3.5344
  546.0000   -1.8726
  547.0000    0.2598
  548.0000   -1.4986
  549.0000   -2.1901
  550.0000   -0.1282
  551.0000   -0.2340
  552.0000    1.3086
  553.0000    0.6777
  554.0000   -0.3888
  555.0000    0.2637
  556.0000   -0.0757
  557.0000    0.3471
  558.0000    2.0989
  559.0000    1.9844
  560.0000   -1.3646
  561.0000   -1.3532
  562.0000   -1.9999
  563.0000   -1.0689
  564.0000    0.0414
  565.0000    0.1131
  566.0000   -1.5393
  567.0000   -1.9272
  568.0000    0.7139
  569.0000   -2.5464
  570.0000   -0.4583
  571.0000   -0.0861
  572.0000   -0.9487
  573.0000    0.2939
  574.0000    0.5908
  575.0000   -1.5186
  576.0000   -0.4267
  577.0000   -1.1075
  578.0000   -1.5730
  579.0000    0.2144
  580.0000    2.4231
  581.0000    1.3254
  582.0000    0.8548
  583.0000    0.7086
  584.0000    0.5573
  585.0000    2.0801
  586.0000    0.5725
  587.0000    0.6490
  588.0000   -2.6057
  589.0000   -2.1542
  590.0000    1.0667
  591.0000   -0.7082
  592.0000   -1.2307
  593.0000   -1.2459
  594.0000   -0.9714
  595.0000    2.4551
  596.0000    2.0013
  597.0000    4.3107
  598.0000    4.0693
  599.0000    2.2889
  600.0000    2.2672
  601.0000    1.5534
  602.0000    1.5786
  603.0000   -1.0445
  604.0000   -0.8138
  605.0000   -0.8252
  606.0000    0.4363
  607.0000   -0.9502
  608.0000   -1.2060
  609.0000   -0.8666
  610.0000    1.6076
  611.0000   -0.0740
  612.0000    0.0449
  613.0000    0.4105
  614.0000   -1.3112
  615.0000   -1.3779
  616.0000   -1.9744
  617.0000    0.1930
  618.0000   -0.8786
  619.0000   -1.5905
  620.0000   -1.4987
  621.0000    0.4952
  622.0000    1.0280
  623.0000   -0.5304
  624.0000   -0.4712
  625.0000   -1.2136
  626.0000   -1.1167
  627.0000    1.6038
  628.0000    1.7518
  629.0000   -3.5564
  630.0000   -3.0401
  631.0000   -0.1425
  632.0000   -2.4871
  633.0000   -3.1471
  634.0000   -1.7855
  635.0000   -3.5352
  636.0000   -0.5270
  637.0000   -1.7856
  638.0000   -0.5925
  639.0000   -0.4109
  640.0000    1.8284
  641.0000    2.2352
  642.0000    0.7045
  643.0000   -0.4571
  644.0000    0.4738
  645.0000    2.5728
  646.0000    0.9511
  647.0000    0.6028
  648.0000    0.4121
  649.0000    1.8658
  650.0000    0.7337
  651.0000    0.4249
  652.0000   -0.4921
  653.0000   -0.4595
  654.0000   -1.2088
  655.0000   -0.2596
  656.0000   -1.0150
  657.0000   -3.1235
  658.0000   -1.2876
  659.0000    0.2175
  660.0000    1.8989
  661.0000    3.4264
  662.0000    0.9150
  663.0000    2.3524
  664.0000    2.4870
  665.0000    3.5764
  666.0000   -0.1503
  667.0000   -1.0322
  668.0000   -3.3144
  669.0000   -2.7686
  670.0000   -1.0747
  671.0000   -0.8063
  672.0000    1.2086
  673.0000   -1.5917
  674.0000    0.5845
  675.0000    0.5509
  676.0000    0.6305
  677.0000   -0.0935
  678.0000    2.0180
  679.0000    2.2371
  680.0000    0.9972
  681.0000   -0.3202
  682.0000   -1.2533
  683.0000    1.9723
  684.0000    1.4430
  685.0000    1.0259
  686.0000    0.2321
  687.0000    0.7815
  688.0000    1.8597
  689.0000    1.0590
  690.0000    0.4143
  691.0000   -0.7301
  692.0000   -2.0485
  693.0000    1.0809
  694.0000    1.1142
  695.0000    0.8009
  696.0000    1.3751
  697.0000    0.8464
  698.0000   -1.2004
  699.0000   -1.0379
  700.0000   -2.7873
  701.0000   -3.4754
  702.0000    0.3655
  703.0000    1.5624
  704.0000   -0.0771
  705.0000   -0.6297
  706.0000   -0.1180
  707.0000    1.1741
  708.0000   -0.4952
  709.0000   -1.8841
  710.0000    0.0837
  711.0000   -0.5026
  712.0000    2.1166
  713.0000    2.8328
  714.0000    0.8326
  715.0000    2.3747
  716.0000    2.2143
  717.0000   -2.1381
  718.0000   -0.0239
  719.0000    1.8336
  720.0000    0.8619
  721.0000    2.3251
  722.0000    1.6437
  723.0000   -1.0352
  724.0000   -1.6409
  725.0000    0.6297
  726.0000    1.2333
  727.0000    1.8150
  728.0000   -0.3622
  729.0000    2.0738
  730.0000   -0.8507
  731.0000   -0.0229
  732.0000    1.8280
  733.0000    2.7848
  734.0000    2.0727
  735.0000    0.6464
  736.0000   -1.4720
  737.0000   -0.1414
  738.0000    0.8333
  739.0000   -1.5449
  740.0000    0.3782
  741.0000   -2.1152
  742.0000    0.7673
  743.0000   -1.0209
  744.0000    1.7367
  745.0000    1.4941
  746.0000   -1.2534
  747.0000   -0.0317
  748.0000    0.3445
  749.0000   -1.0774
  750.0000   -1.7972
  751.0000   -1.1376
  752.0000   -0.3631
  753.0000    0.8283
  754.0000   -1.1166
  755.0000   -1.6827
  756.0000   -0.6344
  757.0000   -2.5400
  758.0000   -2.0472
  759.0000    0.9626
  760.0000   -0.0994
  761.0000    1.1546
  762.0000    0.8580
  763.0000    0.8358
  764.0000   -1.5540
  765.0000    0.3393
  766.0000    0.0491
  767.0000   -0.3359
  768.0000    0.0371
  769.0000   -0.9711
  770.0000   -1.0441
  771.0000    0.8810
  772.0000   -0.9750
  773.0000   -0.7185
  774.0000    1.2471
  775.0000    0.4151
  776.0000    0.2997
  777.0000    0.9019
  778.0000   -0.0633
  779.0000   -1.8026
  780.0000   -0.1368
  781.0000   -1.6911
  782.0000    1.4944
  783.0000   -0.3625
  784.0000    1.0964
  785.0000   -1.7050
  786.0000    0.6815
  787.0000    0.6098
  788.0000    0.4823
  789.0000    0.0111
  790.0000    0.2688
  791.0000   -1.2495
  792.0000    1.3645
  793.0000   -1.4961
  794.0000    2.4306
  795.0000    0.1944
  796.0000   -0.7771
  797.0000   -0.2704
  798.0000    0.5641
  799.0000    1.6570
  800.0000    0.7984
  801.0000   -0.2425
  802.0000   -0.3667
  803.0000   -1.9353
  804.0000    0.2902
  805.0000    2.5802
  806.0000    1.4723
  807.0000    3.8667
  808.0000    3.7430
  809.0000   -2.0386
  810.0000   -1.2721
  811.0000    1.1018
  812.0000   -1.5533
  813.0000    1.2304
  814.0000   -0.3764
  815.0000    1.9130
  816.0000   -1.8890
  817.0000   -2.2554
  818.0000   -3.2147
  819.0000   -0.6720
  820.0000    0.2142
  821.0000    1.2097
  822.0000   -2.3360
  823.0000   -1.2756
  824.0000   -3.5784
  825.0000    0.4531
  826.0000   -2.0348
  827.0000   -1.2711
  828.0000    0.6687
  829.0000   -1.0515
  830.0000   -1.0866
  831.0000   -2.1819
  832.0000   -1.3855
  833.0000   -0.9358
  834.0000   -1.7664
  835.0000   -0.2608
  836.0000   -1.2203
  837.0000    0.6641
  838.0000   -1.7339
  839.0000    0.7221
  840.0000    1.7678
  841.0000   -0.5698
  842.0000   -1.7260
  843.0000   -1.6737
  844.0000   -0.1327
  845.0000   -1.5149
  846.0000   -2.2806
  847.0000   -1.0710
  848.0000   -1.8395
  849.0000   -1.8289
  850.0000    0.7528
  851.0000    0.0658
  852.0000   -0.6149
  853.0000    1.1385
  854.0000   -1.2328
  855.0000   -2.0279
  856.0000   -0.0173
  857.0000    0.1181
  858.0000   -2.0563
  859.0000    1.2898
  860.0000    0.3573
  861.0000    2.0173
  862.0000   -1.1627
  863.0000   -0.7915
  864.0000    0.4423
  865.0000    1.6832
  866.0000    0.5618
  867.0000    0.6488
  868.0000    0.0822
  869.0000    0.1312
  870.0000   -1.0849
  871.0000    0.0751
  872.0000    0.0003
  873.0000   -0.4511
  874.0000   -1.4212
  875.0000    1.8544
  876.0000   -0.0068
  877.0000   -1.5466
  878.0000   -1.3033
  879.0000   -1.0305
  880.0000    1.0140
  881.0000    2.5631
  882.0000    1.4302
  883.0000    1.9481
  884.0000    0.3922
  885.0000    0.5207
  886.0000   -1.1907
  887.0000    1.5775
  888.0000    1.0005
  889.0000    0.9469
  890.0000   -0.5490
  891.0000    2.5991
  892.0000    0.4107
  893.0000   -3.9427
  894.0000   -2.1335
  895.0000   -0.6926
  896.0000   -0.7617
  897.0000   -1.5377
  898.0000   -0.0810
  899.0000    0.8025
  900.0000    0.0134
  901.0000    0.0945
  902.0000   -0.8728
  903.0000    4.9575
  904.0000    3.6490
  905.0000    0.6981
  906.0000   -0.8283
  907.0000    1.3146
  908.0000    1.6225
  909.0000    0.8278
  910.0000   -0.5947
  911.0000   -0.4585
  912.0000   -0.1504
  913.0000   -3.0285
  914.0000    0.7328
  915.0000    0.7845
  916.0000    0.0148
  917.0000    0.7214
  918.0000    2.4401
  919.0000   -0.6670
  920.0000    0.8627
  921.0000    1.7259
  922.0000   -2.9802
  923.0000   -0.8962
  924.0000    0.3409
  925.0000   -0.4184
  926.0000   -0.0595
  927.0000    1.4831
  928.0000    0.7335
  929.0000    1.1475
  930.0000    1.3398
  931.0000   -0.2913
  932.0000    0.1325
  933.0000    1.0784
  934.0000    1.5776
  935.0000   -0.0392
  936.0000    1.3333
  937.0000   -0.0218
  938.0000   -0.9377
  939.0000   -1.4593
  940.0000   -0.1404
  941.0000   -1.1559
  942.0000    0.2959
  943.0000   -1.0609
  944.0000   -0.6204
  945.0000    0.2946
  946.0000   -0.6586
  947.0000    1.2661
  948.0000    1.7404
  949.0000    2.0460
  950.0000    0.2032
  951.0000   -1.5208
  952.0000   -2.3618
  953.0000   -0.9257
  954.0000   -0.9174
  955.0000    0.3719
  956.0000   -1.5968
  957.0000   -0.6891
  958.0000   -1.8283
  959.0000   -2.4785
  960.0000   -1.2269
  961.0000    0.3816
  962.0000    1.5853
  963.0000   -0.6441
  964.0000   -0.9080
  965.0000    2.0182
  966.0000    0.8173
  967.0000    0.2690
  968.0000    0.1780
  969.0000    1.5716
  970.0000    0.2140
  971.0000   -0.1062
  972.0000    0.2080
  973.0000    0.2275
  974.0000    0.1657
  975.0000    1.8938
  976.0000    1.8969
  977.0000    0.9981
  978.0000    0.6551
  979.0000    1.5911
  980.0000    0.6458
  981.0000    1.2512
  982.0000    0.7136
  983.0000    0.8734
  984.0000   -0.2382
  985.0000    0.5104
  986.0000   -2.8041
  987.0000   -0.4974
  988.0000    0.0507
  989.0000   -1.0010
  990.0000    0.0063
  991.0000    1.1212
  992.0000   -0.3224
  993.0000   -2.2692
  994.0000    1.2787
  995.0000    1.3780
  996.0000    1.1090
  997.0000    0.9277
  998.0000    1.1801
  999.0000   -0.0620
 1000.0000    0.7725
