HYDCOND OBS
5
ID
X
Y
HYDCOND
LOG HYDCOND
 71        2625.00000      9125.00000             0.0000899625301826745                -4.045938338597440
 77        4125.00000      9125.00000             0.0000870056755957193                -4.060452416352580
 90        2375.00000      8875.00000             0.0000922048711800016                -4.035246134578560
176        3875.00000      7875.00000             0.0000898073412827216                -4.046688160568110
203         625.00000      7375.00000             0.0000856501355883665                -4.067271945188460
213        3125.00000      7375.00000             0.0000683010584907606                -4.165572565818700
292        2875.00000      6375.00000             0.0000693262045388110                -4.159102575842940
338        4375.00000      5875.00000             0.0000925926942727528                -4.033423278568580
394        3375.00000      5125.00000             0.0000702220422681421                -4.153526544097570
452        2875.00000      4375.00000             0.0000503435148857533                -4.298056466137730
477        4125.00000      4125.00000             0.0000683457546983845                -4.165288456492290
506        1375.00000      3625.00000             0.0000875576588441617                -4.057705859308940
510        2375.00000      3625.00000             0.0000733922133804298                -4.134350014543020
548        1875.00000      3125.00000             0.0000524470124219078                -4.280279245804720
566        1375.00000      2875.00000             0.0000724583951523527                -4.139911289183570
617        4125.00000      2375.00000             0.0000293850771413417                -4.531873164843570
672        2875.00000      1625.00000             0.0000288239534711465                -4.540246451941570
689        2125.00000      1375.00000             0.0000288149421976413                -4.540382247270220
712        2875.00000      1125.00000             0.0000307929149130359                -4.511549198049480
789        2125.00000       125.00000             0.0000294271285383729                -4.531252113733920
792        2875.00000       125.00000             0.0000305971007037442                -4.514319724107310
794        3375.00000       125.00000             0.0000299441544484579                -4.523687945847550
