WF 2.5 acre grid with pred. CA from CEC
11
X
Y
ph1
ph2
CEC
OM
P
K
Ca
Mg
Ca Pred
     25.26    737.01      6.30      7.00     16.10      2.50     68.00    452.00   4356.00    564.00    -76.45
     25.26    636.30      7.00      7.00     17.60      3.20     43.00    308.00   5643.00    742.00    804.80
     25.26    535.58      6.50      7.00     15.90      3.00     26.00    304.00   4455.00    663.00     76.65
     25.26    434.87      5.50      6.30     15.50      2.60     18.00    276.00   3366.00    504.00   -904.15
     25.26    331.82      6.00      6.60     18.10      3.60     57.00    372.00   4356.00    752.00   -617.45
     25.27    231.22      6.50      7.00     16.00      3.50    100.00    404.00   4554.00    603.00    148.60
     25.27    130.51      6.60      7.00     19.00      3.60     36.00    336.00   5742.00    643.00    525.10
     25.27     29.79      6.50      7.00     17.80      3.40     76.00    480.00   4950.00    722.00     57.70
     30.18   1141.42      6.10      6.90     15.40      2.80     60.00    368.00   3960.00    544.00   -283.10
     30.18   1040.71      6.30      7.00     15.80      3.20     46.00    304.00   4455.00    504.00    103.70
     30.18    940.00      6.30      7.00     16.10      3.40     62.00    284.00   4554.00    495.00    121.55
     30.18    832.95      6.00      6.70     15.40      3.40     74.00    548.00   3762.00    524.00   -481.10
     35.01   1549.62      6.60      7.00     12.90      3.00     74.00    448.00   3762.00    445.00    195.15
     35.01   1448.90      6.00      6.80     15.10      2.80     22.00    232.00   3960.00    455.00   -201.95
     35.01   1348.30      6.60      7.00     15.80      3.20     19.00    352.00   4653.00    594.00    301.70
     35.01   1247.59      6.40      7.00     14.20      3.20     66.00    356.00   3960.00    524.00     41.50
    125.56    737.01      6.50      7.00     15.40      2.80     56.00    356.00   4455.00    544.00    211.90
    125.56    636.30      6.80      7.00     16.80      3.40     35.00    296.00   5247.00    623.00    625.20
    125.56    535.58      6.80      7.00     21.00      3.00     38.00    420.00   6534.00    782.00    776.10
    125.56    434.87      5.70      6.40     15.90      3.40     34.00    320.00   3564.00    594.00   -814.35
    125.56    331.82      5.90      6.60     14.50      3.20     43.00    308.00   3267.00    663.00   -732.65
    125.56    231.22      6.10      6.90     13.00      3.00     70.00    320.00   3267.00    504.00   -326.90
    125.57    130.51      6.20      6.90     18.50      3.40     32.00    300.00   5049.00    613.00    -32.65
    125.57     29.79      6.40      7.00     18.20      3.50     82.00    460.00   4950.00    742.00    -50.50
    130.47   1141.42      6.20      7.00     16.30      2.80     50.00    368.00   4356.00    564.00   -130.55
    130.47   1040.71      6.50      7.00     18.80      3.50     56.00    368.00   5643.00    554.00    480.20
    130.47    933.55      6.40      7.00     20.00      3.60    111.00    504.00   5742.00    623.00    254.60
    130.47    839.28      6.70      7.00     14.50      3.00     45.00    324.00   4356.00    554.00    356.35
    135.29   1549.62      6.40      7.00     14.30      3.40     37.00    340.00   4158.00    415.00    212.45
    135.29   1448.90      6.90      7.00     13.00      2.80     32.00    336.00   4059.00    514.00    465.10
    135.29   1348.30      6.60      7.00     15.50      3.40     54.00    360.00   4653.00    524.00    382.85
    135.30   1247.59      6.20      6.90     14.90      3.40     47.00    336.00   4059.00    455.00    -48.85
    225.85    737.01      6.20      7.00     17.60      3.00     37.00    324.00   4455.00    772.00   -383.20
    225.85    636.30      7.10      7.00     13.40      2.80     37.00    248.00   4554.00    405.00    851.90
    225.85    535.58      6.80      7.00     16.90      3.20     35.00    272.00   5346.00    603.00    697.15
    225.86    434.87      6.00      6.70     15.40      3.20     31.00    284.00   3762.00    613.00   -481.10
    225.86    331.82      6.40      7.00     14.40      3.80     39.00    340.00   3960.00    554.00    -12.60
    225.86    231.22      6.00      6.70     15.60      3.40     90.00    536.00   3861.00    524.00   -436.20
    225.86    130.51      6.10      6.90     15.80      3.00     28.00    332.00   4158.00    514.00   -193.30
    225.87     29.79      6.50      7.00     17.90      3.50     54.00    388.00   5049.00    712.00    129.65
    230.75   1141.42      6.00      6.70     19.70      3.40     51.00    372.00   5049.00    643.00   -357.25
    230.75   1040.71      6.30      6.90     20.60      3.50     23.00    184.00   5742.00    742.00     92.30
    230.76    940.00      5.50      6.30     18.40      3.00     54.00    288.00   4257.00    455.00   -797.60
    230.76    839.28      6.70      7.00     15.90      3.20     62.00    328.00   4851.00    574.00    472.65
    235.57   1549.62      7.10      7.00     15.70      3.20     43.00    316.00   4950.00    702.00    625.75
    235.57   1448.90      6.50      7.00     12.50      2.60     23.00    324.00   3663.00    405.00    204.35
    235.58   1348.30      6.50      7.00     14.90      2.80     27.00    276.00   4257.00    584.00    149.15
    235.58   1247.59      6.60      7.00     15.60      3.00     17.00    328.00   4257.00    782.00    -40.20
    320.05    434.87      6.30      6.90     17.00      3.50     23.00    356.00   4455.00    732.00   -220.90
    326.14    737.01      6.80      7.00     15.00      3.20     54.00    368.00   4455.00    663.00    320.10
    326.14    636.30      6.50      7.00     17.10      3.20     51.00    268.00   5247.00    455.00    544.05
    326.15    535.58      6.90      7.00     17.90      3.50     16.00    284.00   5940.00    554.00   1020.65
    326.16    331.82      6.10      6.60     20.00      3.80     85.00    500.00   4950.00    821.00   -537.40
    326.16    231.22      6.10      6.70     18.70      3.60     72.00    420.00   4851.00    633.00   -284.75
    326.16    130.51      6.50      7.00     13.40      3.20     42.00    312.00   3861.00    485.00    158.90
    326.17     29.79      6.40      7.00     13.80      3.60     51.00    300.00   3762.00    564.00    -48.30
    331.04   1149.65      6.60      7.00     18.20      3.20     19.00    192.00   5148.00    871.00    147.50
    331.04   1046.82      6.30      6.90     25.00      3.60     66.00    244.00   7029.00    871.00    189.10
    331.05    940.00      5.80      6.60     15.50      2.80     62.00    516.00   3564.00    524.00   -706.15
    331.05    839.28      6.10      6.90     15.80      2.80     47.00    428.00   4059.00    544.00   -292.30
    335.85   1549.62      6.90      7.00     17.80      3.40     23.00    228.00   5643.00    722.00    750.70
    335.86   1448.90      6.60      7.00     14.40      3.00     11.00    300.00   4257.00    544.00    284.40
    335.86   1348.30      6.10      6.80     15.40      3.20     32.00    252.00   4059.00    514.00   -184.10
    335.86   1247.59      6.50      7.00     17.50      3.60     47.00    300.00   5049.00    653.00    237.85
    423.52   1142.09      5.90      6.70     14.60      2.60     28.00    360.00   3564.00    475.00   -462.70
    423.53   1045.38      6.10      6.80     21.90      3.20     31.00    292.00   5841.00    712.00   -160.35
    423.54    940.66      6.10      6.90     17.00      2.60     31.00    348.00   4356.00    633.00   -319.90
    423.54    839.95      6.60      7.00     16.50      3.20     45.00    388.00   4752.00    673.00    211.35
    423.55    733.23      6.80      7.00     14.20      3.20     29.00    304.00   4257.00    633.00    338.50
    423.55    632.52      7.00      7.00     13.60      2.80     37.00    296.00   4356.00    554.00    599.80
    423.56    531.81      6.30      7.00     17.00      2.60     23.00    352.00   4356.00    782.00   -319.90
    423.56    431.09      6.00      6.80     14.80      3.00     37.00    444.00   3564.00    564.00   -516.80
    423.59   1550.51      6.90      7.00     17.30      2.80     33.00    356.00   5049.00    930.00    291.95
    423.59   1449.79      6.80      7.00     16.30      3.00     23.00    248.00   4950.00    702.00    463.45
    423.60   1349.19      6.60      7.00     14.90      3.20     39.00    400.00   4356.00    554.00    248.15
    423.60   1248.48      6.60      7.00     18.50      3.00     59.00    444.00   5445.00    683.00    363.35
    428.40    329.27      5.80      6.50     21.40      3.40     64.00    400.00   4851.00    871.00  -1015.10
    428.41    228.66      6.20      7.00     18.50      3.00     64.00    304.00   4851.00    732.00   -230.65
    523.81   1142.09      6.00      6.80     14.30      2.80     50.00    316.00   3564.00    504.00   -381.55
    523.82   1041.38      6.00      6.80     18.60      3.00     76.00    436.00   4653.00    643.00   -455.70
    523.82    940.66      6.10      6.90     18.60      2.60     51.00    476.00   4752.00    663.00   -356.70
    523.83    839.95      5.90      6.70     19.70      2.80     34.00    364.00   4554.00    841.00   -852.25
    523.84    733.23      6.20      7.00     14.30      2.80     34.00    348.00   3762.00    524.00   -183.55
    523.85    632.52      6.60      7.00     18.90      3.40     53.00    300.00   5742.00    633.00    552.15
    523.85    531.81      6.20      6.90     18.60      3.20     37.00    388.00   4851.00    722.00   -257.70
    523.86    431.09      6.00      6.70     20.80      3.40     42.00    396.00   5148.00    782.00   -555.80
    523.87   1550.51      6.80      7.00     16.30      3.20     42.00    324.00   4752.00    801.00    265.45
    523.87   1449.79      6.50      7.00     15.50      3.20     23.00    288.00   4554.00    534.00    283.85
    523.88   1349.19      6.60      7.00     14.60      3.00     31.00    320.00   4356.00    514.00    329.30
    523.89   1248.48      6.30      7.00     16.00      3.00     25.00    312.00   4356.00    603.00    -49.40
    528.70    329.27      5.90      6.60     21.30      3.40    115.00    344.00   5049.00    851.00   -790.05
    528.71    228.66      6.10      6.90     16.30      2.80     85.00    352.00   3960.00    722.00   -526.55
    624.10   1142.09      6.00      6.60     27.80      3.50     76.00    324.00   7128.00    960.00   -469.30
    624.10   1041.38      6.00      6.80     14.80      3.00     57.00    368.00   3762.00    475.00   -318.80
    624.11    940.66      6.20      7.00     14.60      2.80     54.00    448.00   3861.00    495.00   -165.70
    624.12    839.95      6.10      6.90     15.60      2.80     46.00    296.00   4059.00    544.00   -238.20
    624.13    733.23      6.50      7.00     14.60      2.80     59.00    440.00   3960.00    643.00    -66.70
    624.14    632.52      6.90      7.00     16.10      3.20     34.00    284.00   4950.00    722.00    517.55
    624.15    531.81      7.10      7.00     14.30      2.60     26.00    232.00   4554.00    623.00    608.45
    624.15   1550.51      6.20      6.80     14.20      3.50     66.00    336.00   3762.00    504.00   -156.50
    624.16    431.09      5.80      6.60     15.50      2.80     20.00    364.00   3465.00    643.00   -805.15
    624.16   1449.79      6.40      7.00     14.40      2.80     33.00    372.00   3960.00    554.00    -12.60
    624.16   1349.19      6.30      7.00     15.20      2.20     23.00    384.00   3960.00    643.00   -229.00
    624.17   1248.48      6.50      7.00     13.90      2.60     20.00    348.00   3960.00    524.00    122.65
    629.00    329.27      6.00      6.80     17.90      3.00     29.00    284.00   4455.00    673.00   -464.35
    629.01    228.66      6.20      7.00     14.50      2.60     59.00    380.00   3762.00    554.00   -237.65
    629.01    127.95      6.30      7.00     14.00      2.60     38.00    344.00   3564.00    653.00   -300.40
    629.02     27.24      6.00      6.70     19.30      3.20    192.00    456.00   4752.00    712.00   -546.05
    724.38   1142.09      6.10      6.90     20.70      3.00     32.00    344.00   5346.00    762.00   -330.75
    724.39   1041.38      6.20      7.00     14.10      2.50     30.00    356.00   3663.00    534.00   -228.45
    724.40    940.66      6.60      7.00     17.00      2.60     45.00    296.00   4752.00    801.00     76.10
    724.41    839.95      6.90      7.00     14.00      2.20     23.00    288.00   4059.00    762.00    194.60
    724.42    733.23      6.60      7.00     14.90      3.00     51.00    532.00   4158.00    633.00     50.15
    724.43   1550.51      6.00      6.60     17.30      3.50     66.00    332.00   4455.00    544.00   -302.05
    724.43    632.52      6.20      6.90     16.60      3.20     37.00    260.00   4455.00    603.00   -112.70
    724.44   1449.79      6.50      7.00     16.10      3.40     24.00    264.00   4752.00    544.00    319.55
    724.44    531.81      6.20      7.00     17.30      2.60     28.00    284.00   4554.00    673.00   -203.05
    724.45   1349.19      6.50      7.00     16.10      2.80     23.00    420.00   4554.00    613.00    121.55
    724.45    431.09      6.20      7.00     15.60      2.50     38.00    488.00   3762.00    732.00   -535.20
    724.46   1248.48      6.50      7.00     20.80      3.20     42.00    344.00   5841.00    881.00    137.20
    729.29    329.27      6.50      7.00     15.60      2.80     45.00    324.00   4356.00    653.00     58.80
    729.30    228.66      6.70      7.00     15.50      3.20     57.00    368.00   4554.00    643.00    283.85
    729.31    127.95      6.70      7.00     17.80      3.00     60.00    420.00   5148.00    792.00    255.70
    735.43     27.24      6.50      7.00     20.60      3.50    103.00    580.00   5841.00    762.00    191.30
    821.87   1143.98      6.00      7.00     18.00      3.50     40.00    364.00   4356.00    722.00   -590.40
    821.88    327.38      6.60      7.00     18.20      3.40     34.00    260.00   5643.00    544.00    642.50
    821.88   1043.27      6.10      6.90     13.30      2.80     37.00    292.00   3366.00    514.00   -309.05
    821.89    226.66      6.30      7.00     14.50      3.00     26.00    228.00   4158.00    435.00    158.35
    821.89    942.66      5.90      7.00     16.60      3.00     43.00    436.00   3762.00    712.00   -805.70
    821.90    126.06      6.60      7.00     20.60      3.40     54.00    236.00   6237.00    742.00    587.30
    821.90    841.95      6.10      6.70     18.10      3.50     50.00    416.00   4554.00    702.00   -419.45
    821.91     25.35      6.10      6.80     19.90      3.20     72.00    444.00   5148.00    683.00   -312.35
    821.92    732.46      6.60      7.00     16.40      3.40     57.00    512.00   4851.00    544.00    337.40
    821.93    631.85      6.10      6.90     14.10      3.00     22.00    268.00   3762.00    445.00   -129.45
    821.94    531.14      6.20      6.90     16.50      3.20     21.00    208.00   4653.00    475.00    112.35
    821.95    430.42      6.30      6.90     17.90      3.60     35.00    368.00   4950.00    603.00     30.65
    822.42   1548.06      6.50      7.00     16.40      3.60     35.00    320.00   4653.00    653.00    139.40
    822.43   1447.46      6.30      7.00     16.70      3.50     26.00    368.00   4455.00    663.00   -139.75
    822.44   1346.74      6.70      7.00     15.80      3.20     28.00    264.00   4455.00    811.00    103.70
    822.45   1246.03      6.30      7.00     16.80      3.50     39.00    280.00   4554.00    643.00    -67.80
    922.16   1143.98      6.50      7.00     13.80      3.20     30.00    292.00   3762.00    623.00    -48.30
    922.17   1043.27      6.40      7.00     15.60      3.00     40.00    320.00   4158.00    693.00   -139.20
    922.17    327.38      6.70      7.00     15.00      2.50     20.00    276.00   4653.00    514.00    518.10
    922.18    942.66      6.10      6.90     15.60      2.80     36.00    356.00   3762.00    702.00   -535.20
    922.19    226.66      6.00      6.60     18.90      3.50    107.00    488.00   4851.00    564.00   -338.85
    922.19    841.95      6.10      7.00     22.50      3.60     35.00    300.00   5643.00    950.00   -520.65
    922.20    126.06      6.30      7.00     21.90      3.20     85.00    408.00   6138.00    712.00    136.65
    922.21    732.46      6.40      7.00     16.00      2.80     53.00    472.00   4554.00    495.00    148.60
    922.21     25.35      6.30      7.00     19.90      3.20     60.00    352.00   5742.00    544.00    281.65
    922.22    631.85      5.70      6.40     16.30      3.20     43.00    268.00   3960.00    435.00   -526.55
    922.23    531.14      6.20      6.80     19.10      3.50     36.00    268.00   5346.00    564.00    102.05
    922.24    430.42      6.40      7.00     22.00      3.60     72.00    468.00   6336.00    693.00    307.60
    922.70   1548.06      6.30      7.00     17.20      3.20     26.00    332.00   4653.00    663.00    -77.00
    922.71   1447.46      6.20      6.80     14.30      3.60     22.00    272.00   3762.00    534.00   -183.55
    922.73   1346.74      6.30      7.00     14.90      3.00     54.00    408.00   3960.00    574.00   -147.85
    922.74   1246.03      6.30      7.00     17.20      3.20     28.00    252.00   4554.00    742.00   -176.00
   1013.34    732.46      7.20      7.00     19.60      3.20     82.00    424.00   6138.00    891.00    758.80
   1022.44   1143.98      6.40      7.00     18.70      3.50     23.00    260.00   5247.00    722.00    111.25
   1022.46   1043.27      6.40      7.00     17.00      3.20     40.00    284.00   4851.00    584.00    175.10
   1022.47    327.38      6.60      7.00     17.80      3.50     66.00    368.00   5148.00    732.00    255.70
   1022.47    942.66      6.50      7.00     17.00      2.60     38.00    300.00   4455.00    900.00   -220.90
   1022.48    226.66      7.50      7.00     16.10      2.60    103.00    524.00   4950.00    742.00    517.55
   1022.48    841.95      6.10      6.80     18.20      3.40     41.00    332.00   4653.00    693.00   -347.50
   1022.50    126.06      6.80      7.00     18.80      3.00     47.00    300.00   6039.00    613.00    876.20
   1022.51     25.35      6.10      6.90     19.00      3.00     42.00    336.00   5148.00    544.00    -68.90
   1022.51    631.85      6.90      7.00     23.60      3.60     93.00    412.00   7722.00    801.00   1260.80
   1022.53    531.14      6.50      7.00     16.00      3.40     74.00    380.00   4851.00    435.00    445.60
   1022.54    430.42      7.00      7.00     17.90      3.20     53.00    348.00   5841.00    693.00    921.65
   1023.07   1548.06      6.30      7.00     15.10      3.40     33.00    456.00   3960.00    594.00   -201.95
   1023.08   1447.46      6.50      7.00     16.30      3.80     41.00    224.00   4752.00    603.00    265.45
   1023.09   1346.74      6.30      7.00     16.00      3.40     51.00    320.00   4455.00    524.00     49.60
   1023.11   1246.03      6.70      7.00     15.90      2.70     20.00    328.00   4554.00    762.00    175.65
   1122.73   1143.98      6.10      6.80     18.30      3.40     23.00    284.00   4752.00    663.00   -275.55
   1122.74   1043.27      6.10      7.00     23.90      3.60     51.00    400.00   6237.00    831.00   -305.35
   1122.76    942.66      7.00      7.00     24.60      3.80     59.00    372.00   7227.00   1445.00    495.30
   1122.77    327.38      6.40      7.00     22.80      3.40     47.00    308.00   6732.00    673.00    487.20
   1122.77    841.95      7.00      7.00     22.50      3.60     76.00    404.00   6732.00   1237.00    568.35
   1122.78    226.66      6.70      7.00     17.80      2.60     27.00    364.00   5544.00    574.00    651.70
   1122.79    732.46      6.80      7.00     19.80      3.60     70.00    532.00   6237.00    663.00    803.70
   1122.80    126.06      6.70      7.00     16.80      2.80     20.00    340.00   5148.00    603.00    526.20
   1122.81    631.85      6.40      7.00     18.30      3.00     24.00    336.00   5049.00    722.00     21.45
   1122.81     25.35      6.50      7.00     20.10      3.50     53.00    312.00   6138.00    574.00    623.55
   1122.82    531.14      6.60      7.00     16.60      3.00     30.00    356.00   5049.00    534.00    481.30
   1122.84    430.42      6.50      7.00     21.10      3.40     34.00    280.00   6237.00    722.00    452.05
   1123.35   1548.06      5.90      6.40     16.10      3.80     46.00    304.00   4059.00    495.00   -373.45
   1123.36   1447.46      6.10      6.70     13.90      3.50     25.00    256.00   3663.00    465.00   -174.35
   1123.38   1346.74      5.80      6.40     20.90      3.50     82.00    400.00   5247.00    534.00   -483.85
   1123.39   1246.03      6.40      7.00     14.40      3.50     39.00    272.00   3960.00    594.00    -12.60
   1203.53    530.36      5.80      6.50     14.10      3.20     41.00    320.00   3267.00    524.00   -624.45
   1215.24   1550.73      7.30      7.00     17.40      3.20     87.00    332.00   5148.00    980.00    363.90
   1215.25   1450.01      7.50      7.00     21.50      3.40     70.00    340.00   6336.00   1257.00    442.85
   1215.27   1349.30      7.50      7.00     25.80      3.60    138.00    436.00   7821.00   1356.00    764.70
   1215.28   1248.59      6.60      7.00     18.80      3.40     60.00    344.00   5247.00    900.00     84.20
   1220.13   1144.54      5.70      6.50     17.30      3.00     82.00    448.00   3960.00    564.00   -797.05
   1220.15   1043.82      5.90      6.60     17.00      3.40    103.00    684.00   4059.00    534.00   -616.90
   1220.22    628.96      6.30      7.00     14.70      3.00     47.00    248.00   3960.00    574.00    -93.75
   1220.25    427.87      6.30      7.00     15.00      3.40     24.00    172.00   4257.00    485.00    122.10
   1220.27    328.71      6.80      7.00     13.60      3.20     28.00    192.00   3960.00    693.00    203.80
   1220.28    228.00      6.70      7.00     16.40      3.20     35.00    372.00   4950.00    623.00    436.40
   1220.30    127.28      6.70      7.00     18.60      3.50     57.00    440.00   5643.00    683.00    534.30
   1220.31     26.68      6.40      7.00     18.60      3.60     38.00    244.00   5346.00    653.00    237.30
   1315.52   1550.73      6.20      6.80     21.00      3.50     50.00    416.00   5346.00    900.00   -411.90
   1315.53   1450.01      6.40      7.00     18.50      3.60     56.00    412.00   5049.00    752.00    -32.65
   1315.55   1349.30      6.10      6.80     17.60      3.20     90.00    516.00   4455.00    643.00   -383.20
   1315.57   1248.59      6.50      7.00     15.60      3.20     40.00    392.00   4257.00    702.00    -40.20
   1320.42   1144.54      6.00      6.80     20.50      3.00     39.00    324.00   4752.00    990.00   -870.65
   1320.44   1043.82      5.90      6.50     23.30      3.50    111.00    460.00   5742.00    772.00   -638.05
   1320.51    628.96      6.30      7.00     14.90      3.40    146.00    608.00   3960.00    514.00   -147.85
   1320.53    528.58      7.00      7.00     11.50      3.20     93.00    476.00   3465.00    544.00    276.85
   1320.55    427.87      6.50      7.00     12.70      3.20     57.00    356.00   3465.00    554.00    -47.75
   1320.56    328.71      6.20      6.80     16.70      3.50     56.00    332.00   4158.00    772.00   -436.75
   1320.58    228.00      6.60      7.00     14.80      3.20     74.00    364.00   4257.00    603.00    176.20
   1320.60    127.28      6.50      7.00     18.50      3.20     32.00    352.00   5049.00    871.00    -32.65
   1320.62     26.68      6.10      6.80     16.30      3.40     54.00    372.00   4158.00    594.00   -328.55
   1415.80   1550.73      6.20      6.70     27.30      3.80     85.00    388.00   7227.00   1039.00   -235.05
   1415.82   1450.01      5.90      6.50     19.30      3.50     46.00    284.00   4653.00    732.00   -645.05
   1415.83   1349.30      5.90      6.40     20.70      3.80     76.00    312.00   5148.00    693.00   -528.75
   1415.85   1248.59      6.40      7.00     18.80      3.20     40.00    316.00   5148.00    792.00    -14.80
   1420.71   1144.54      6.70      7.00     16.00      2.80     60.00    372.00   4455.00    831.00     49.60
   1420.72   1043.82      6.30      6.90     18.70      3.50    146.00    484.00   4851.00    792.00   -284.75
   1420.80    628.96      6.00      6.60     18.00      3.60     80.00    276.00   4752.00    524.00   -194.40
   1420.82    528.58      6.30      6.90     18.20      3.60     64.00    360.00   5148.00    554.00    147.50
   1420.84    427.87      6.50      7.00     14.40      3.50     64.00    300.00   4257.00    455.00    284.40
   1420.86    328.71      6.30      7.00     20.40      3.80     49.00    340.00   5643.00    722.00     47.40
   1420.88    228.00      6.40      7.00     17.50      3.60     56.00    436.00   4950.00    594.00    138.85
   1420.90    127.28      6.70      7.00     14.40      3.00     34.00    296.00   4356.00    534.00    383.40
   1420.92     26.68      6.40      7.00     15.30      3.60     36.00    300.00   4356.00    524.00    139.95
   1516.08   1550.73      6.20      6.90     24.90      3.40     49.00    344.00   6732.00    871.00    -80.85
   1516.10   1450.01      6.20      6.80     19.30      3.50     23.00    300.00   5148.00    712.00   -150.05
   1516.12   1349.30      6.30      6.90     20.30      3.50     54.00    392.00   5643.00    693.00     74.45
   1516.14   1248.59      6.00      6.70     22.40      3.40     53.00    360.00   5742.00    742.00   -394.60
   1520.99   1144.54      5.80      6.50     16.10      3.20     56.00    428.00   3762.00    554.00   -670.45
   1521.01   1043.82      6.20      6.90     16.00      3.40     74.00    336.00   4257.00    574.00   -148.40
   1521.10    628.96      5.90      6.50     17.60      3.50     45.00    328.00   4356.00    584.00   -482.20
   1521.12    528.58      6.70      7.00     16.40      3.40     34.00    352.00   5049.00    554.00    535.40
   1521.14    427.87      6.30      6.90     23.40      3.50     80.00    388.00   6435.00    841.00     27.90
   1521.16    328.71      6.30      7.00     17.00      3.40    100.00    496.00   4653.00    574.00    -22.90
   1521.18    228.00      6.10      6.80     17.70      3.20     62.00    388.00   4653.00    574.00   -212.25
   1521.20    127.28      6.30      6.80     20.50      3.80     68.00    332.00   5643.00    742.00     20.35
   1521.22     26.68      6.40      7.00     15.70      3.50     53.00    300.00   4554.00    485.00    229.75
