TIME	Discharge	H-Well	Concentration	Net-Inflow	Net-Outflow	Node0000040	Node0000334
  0.0000000    	  0.0000000    	  0.0000000    	  0.0000000    	  0.0000000    	  0.0000000    	  0.0000000    	  0.0000000    
  2988.8896    	-0.71850081E-10	  157.32578    	  175.00000    	 -3991.7694    	  3991.7694    	  3991.7694    	 -3991.7694    
  6874.4463    	 0.29876901E-09	  157.32583    	  175.00000    	 -3991.8692    	  3991.8692    	  3991.8692    	 -3991.8692    
  11925.670    	-0.11004886E-09	  157.32583    	  175.00000    	 -3991.8603    	  3991.8603    	  3991.8603    	 -3991.8603    
  18492.260    	-0.19645086E-09	  157.32584    	  175.00000    	 -3991.8558    	  3991.8558    	  3991.8558    	 -3991.8558    
  27028.826    	 0.13915269E-09	  157.32584    	  175.00000    	 -3991.8570    	  3991.8570    	  3991.8570    	 -3991.8570    
  38126.363    	 0.77761797E-10	  157.32585    	  175.00000    	 -3991.8593    	  3991.8593    	  3991.8593    	 -3991.8593    
  52553.160    	-0.22737368E-11	  157.32585    	  175.00000    	 -3991.8613    	  3991.8613    	  3991.8613    	 -3991.8613    
  71308.000    	 0.28512659E-09	  157.32585    	  175.00000    	 -3991.8637    	  3991.8637    	  3991.8637    	 -3991.8637    
  95689.281    	 0.65028871E-10	  157.32586    	  175.00000    	 -3991.8653    	  3991.8653    	  3991.8653    	 -3991.8653    
  127384.95    	 0.23601388E-09	  157.32586    	  175.00000    	 -3991.8674    	  3991.8674    	  3991.8674    	 -3991.8674    
  168589.33    	-0.12278178E-09	  157.32586    	  175.00000    	 -3991.8687    	  3991.8687    	  3991.8687    	 -3991.8687    
  222155.00    	-0.24601832E-09	  157.32586    	  175.00000    	 -3991.8703    	  3991.8703    	  3991.8703    	 -3991.8703    
  291790.38    	 0.47384674E-09	  157.32586    	  175.00000    	 -3991.8713    	  3991.8713    	  3991.8713    	 -3991.8713    
  382316.38    	-0.18962965E-09	  157.32587    	  175.00000    	 -3991.8725    	  3991.8725    	  3991.8725    	 -3991.8725    
  500000.16    	-0.35288394E-09	  157.32587    	  175.00000    	 -3991.8733    	  3991.8733    	  3991.8733    	 -3991.8733    
  502989.03    	 -96168.352    	  140.00000    	  338.60086    	 -96168.352    	  0.0000000    	 -28435.577    	 -67732.775    
  506874.59    	 -96168.280    	  140.00000    	  338.60081    	 -96168.280    	  0.0000000    	 -28435.574    	 -67732.706    
  511925.81    	 -96168.252    	  140.00000    	  338.60079    	 -96168.252    	  0.0000000    	 -28435.575    	 -67732.677    
  518492.41    	 -96168.245    	  140.00000    	  338.60078    	 -96168.245    	  0.0000000    	 -28435.578    	 -67732.667    
  527029.00    	 -96168.242    	  140.00000    	  338.60077    	 -96168.242    	  0.0000000    	 -28435.580    	 -67732.662    
  538126.56    	 -96168.242    	  140.00000    	  338.60076    	 -96168.242    	  0.0000000    	 -28435.582    	 -67732.659    
  552553.38    	 -96168.242    	  140.00000    	  338.60076    	 -96168.242    	  0.0000000    	 -28435.584    	 -67732.658    
  571308.19    	 -96168.243    	  140.00000    	  338.60076    	 -96168.243    	  0.0000000    	 -28435.586    	 -67732.657    
  595689.50    	 -96168.244    	  140.00000    	  338.60076    	 -96168.244    	  0.0000000    	 -28435.587    	 -67732.656    
  627385.19    	 -96168.245    	  140.00000    	  338.60075    	 -96168.245    	  0.0000000    	 -28435.589    	 -67732.656    
  668589.56    	 -96168.246    	  140.00000    	  338.60075    	 -96168.246    	  0.0000000    	 -28435.590    	 -67732.656    
  722155.25    	 -96168.247    	  140.00000    	  338.60075    	 -96168.247    	  0.0000000    	 -28435.591    	 -67732.656    
  791790.62    	 -96168.247    	  140.00000    	  338.60075    	 -96168.247    	  0.0000000    	 -28435.592    	 -67732.656    
  882316.62    	 -96168.249    	  140.00000    	  338.60075    	 -96168.249    	  0.0000000    	 -28435.593    	 -67732.656    
  1000000.4    	 -96168.250    	  140.00000    	  338.60075    	 -96168.250    	  0.0000000    	 -28435.593    	 -67732.656    
  1000000.8    	 -96102.632    	  140.00000    	  343.40701    	 -96102.632    	  0.0000000    	 -28395.769    	 -67706.863    
  1000001.2    	 -95997.420    	  140.00000    	  343.46203    	 -95997.420    	  0.0000000    	 -28344.429    	 -67652.992    
  1000001.9    	 -95846.599    	  140.00000    	  343.52042    	 -95846.599    	  0.0000000    	 -28278.372    	 -67568.227    
  1000002.7    	 -95642.265    	  140.00000    	  343.58709    	 -95642.265    	  0.0000000    	 -28193.440    	 -67448.825    
  1000003.7    	 -95373.875    	  140.00000    	  343.66719    	 -95373.875    	  0.0000000    	 -28084.714    	 -67289.161    
  1000005.0    	 -95026.699    	  140.00000    	  343.76583    	 -95026.699    	  0.0000000    	 -27946.007    	 -67080.693    
  1000006.8    	 -94580.500    	  140.00000    	  343.88817    	 -94580.500    	  0.0000000    	 -27769.570    	 -66810.929    
  1000009.0    	 -94010.163    	  140.00000    	  344.03950    	 -94010.163    	  0.0000000    	 -27546.390    	 -66463.773    
  1000011.9    	 -93283.731    	  140.00000    	  344.22529    	 -93283.731    	  0.0000000    	 -27265.498    	 -66018.233    
  1000015.8    	 -92362.480    	  140.00000    	  344.45180    	 -92362.480    	  0.0000000    	 -26914.075    	 -65448.405    
  1000020.7    	 -91199.689    	  140.00000    	  344.72549    	 -91199.689    	  0.0000000    	 -26477.469    	 -64722.220    
  1000027.1    	 -89740.485    	  140.00000    	  345.04837    	 -89740.485    	  0.0000000    	 -25939.329    	 -63801.157    
  1000035.5    	 -87921.229    	  140.00000    	  345.39615    	 -87921.229    	  0.0000000    	 -25282.235    	 -62638.994    
  1000046.4    	 -85669.831    	  140.00000    	  345.79476    	 -85669.831    	  0.0000000    	 -24488.611    	 -61181.220    
  1000060.5    	 -82906.674    	  140.00000    	  346.24278    	 -82906.674    	  0.0000000    	 -23541.492    	 -59365.182    
  1000061.6    	 -82602.286    	  140.00000    	  346.32464    	 -82602.286    	  0.0000000    	 -23423.738    	 -59178.548    
  1000062.9    	 -82189.824    	  140.00000    	  346.42062    	 -82189.824    	  0.0000000    	 -23272.580    	 -58917.244    
  1000064.8    	 -81652.213    	  140.00000    	  346.53800    	 -81652.213    	  0.0000000    	 -23079.437    	 -58572.776    
  1000067.1    	 -80960.037    	  140.00000    	  346.68388    	 -80960.037    	  0.0000000    	 -22833.346    	 -58126.691    
  1000070.2    	 -80073.745    	  140.00000    	  346.86502    	 -80073.745    	  0.0000000    	 -22521.313    	 -57552.432    
  1000074.2    	 -78943.224    	  140.00000    	  347.08849    	 -78943.224    	  0.0000000    	 -22127.703    	 -56815.521    
  1000079.4    	 -77507.286    	  140.00000    	  347.36244    	 -77507.286    	  0.0000000    	 -21634.154    	 -55873.132    
  1000086.1    	 -75692.565    	  140.00000    	  347.69564    	 -75692.565    	  0.0000000    	 -21019.860    	 -54672.705    
  1000094.9    	 -73412.441    	  140.00000    	  348.09744    	 -73412.441    	  0.0000000    	 -20261.682    	 -53150.759    
  1000106.3    	 -70566.781    	  140.00000    	  348.57593    	 -70566.781    	  0.0000000    	 -19334.863    	 -51231.917    
  1000121.1    	 -67042.606    	  140.00000    	  349.13960    	 -67042.606    	  0.0000000    	 -18214.585    	 -48828.021    
  1000140.4    	 -62714.969    	  140.00000    	  349.79252    	 -62714.969    	  0.0000000    	 -16876.290    	 -45838.679    
  1000165.5    	 -57448.956    	  140.00000    	  350.53455    	 -57448.956    	  0.0000000    	 -15297.065    	 -42151.890    
  1000198.1    	-0.28194336E-10	  144.32926    	  393.96849    	 -2766.8235    	  2766.8235    	  2766.8235    	 -2766.8235    
  1000240.4    	 0.12596502E-09	  143.88548    	  385.20691    	 -1793.4386    	  1793.4386    	  1793.4386    	 -1793.4386    
  1000255.1    	-0.18894752E-09	  144.41090    	  382.42407    	 -1181.1637    	  1181.1637    	  1181.1637    	 -1181.1637    
  1000269.7    	 0.65892891E-09	  144.91397    	  379.78740    	 -724.79066    	  724.79066    	  724.79066    	 -724.79066    
  1000284.3    	 0.19394975E-09	  145.38577    	  377.61244    	 -346.97822    	  346.97822    	  346.97822    	 -346.97822    
  1000298.9    	 -71387.544    	  140.00000    	  370.01616    	 -71387.544    	  0.0000000    	 -23578.995    	 -47808.549    
  1000313.6    	 -74509.675    	  140.00000    	  372.36702    	 -74509.675    	  0.0000000    	 -24066.337    	 -50443.338    
  1000328.2    	 -78101.055    	  140.00000    	  373.46982    	 -78101.055    	  0.0000000    	 -24969.866    	 -53131.189    
  1000342.8    	 -81746.996    	  140.00000    	  374.03966    	 -81746.996    	  0.0000000    	 -26024.675    	 -55722.321    
  1000357.4    	 -85154.582    	  140.00000    	  335.24305    	 -85154.582    	  0.0000000    	 -27101.581    	 -58053.001    
  1000372.1    	 -88454.363    	  140.00000    	  336.44461    	 -88454.363    	  0.0000000    	 -28152.444    	 -60301.919    
  1000386.7    	 -91634.424    	  140.00000    	  336.99267    	 -91634.424    	  0.0000000    	 -29158.895    	 -62475.529    
  1000401.3    	 -94696.646    	  140.00000    	  337.26212    	 -94696.646    	  0.0000000    	 -30118.556    	 -64578.090    
  1000415.9    	 -97647.593    	  140.00000    	  337.41081    	 -97647.593    	  0.0000000    	 -31033.568    	 -66614.025    
  1000430.6    	 -100495.18    	  140.00000    	  337.50674    	 -100495.18    	  0.0000000    	 -31907.531    	 -68587.647    
  1000445.2    	 -103247.29    	  140.00000    	  337.58004    	 -103247.29    	  0.0000000    	 -32744.297    	 -70502.993    
  1000459.8    	 -105910.99    	  140.00000    	  337.64458    	 -105910.99    	  0.0000000    	 -33547.360    	 -72363.634    
  1000474.4    	 -108492.63    	  140.00000    	  337.70674    	 -108492.63    	  0.0000000    	 -34319.790    	 -74172.845    
  1000489.1    	 -110997.91    	  140.00000    	  337.76945    	 -110997.91    	  0.0000000    	 -35064.315    	 -75933.593    
  1000503.7    	 -113431.30    	  140.00000    	  337.83391    	 -113431.30    	  0.0000000    	 -35782.816    	 -77648.481    
  1000518.3    	 -115798.21    	  140.00000    	  337.90071    	 -115798.21    	  0.0000000    	 -36478.246    	 -79319.962    
  1000532.9    	 -118102.19    	  140.00000    	  337.96964    	 -118102.19    	  0.0000000    	 -37151.968    	 -80950.223    
  1000547.6    	 -120346.69    	  140.00000    	  337.96746    	 -120346.69    	  0.0000000    	 -37805.460    	 -82541.226    
  1000562.2    	 -122534.97    	  140.00000    	  337.95123    	 -122534.97    	  0.0000000    	 -38440.178    	 -84094.795    
  1000576.8    	 -124607.89    	  140.00000    	  332.27370    	 -124607.89    	  0.0000000    	 -39056.154    	 -85551.737    
  1000591.4    	 -126624.41    	  140.00000    	  332.40793    	 -126624.41    	  0.0000000    	 -39653.510    	 -86970.901    
  1000606.1    	 -128588.67    	  140.00000    	  332.41849    	 -128588.67    	  0.0000000    	 -40233.480    	 -88355.191    
  1000620.7    	 -130000.00    	  140.04060    	  332.31320    	 -130000.00    	  0.0000000    	 -40628.182    	 -89371.818    
  1000635.3    	 -130000.00    	  140.19296    	  332.00111    	 -130000.00    	  0.0000000    	 -40554.490    	 -89445.510    
  1000649.9    	 -130000.00    	  140.34553    	  331.65796    	 -130000.00    	  0.0000000    	 -40501.777    	 -89498.223    
  1000664.6    	 -130000.00    	  140.49685    	  331.30376    	 -130000.00    	  0.0000000    	 -40460.825    	 -89539.175    
  1000679.2    	 -130000.00    	  140.64630    	  330.94854    	 -130000.00    	  0.0000000    	 -40426.720    	 -89573.280    
  1000693.8    	 -130000.00    	  140.79355    	  330.59740    	 -130000.00    	  0.0000000    	 -40396.815    	 -89603.185    
  1000708.4    	 -130000.00    	  140.93854    	  330.32252    	 -130000.00    	  0.0000000    	 -40369.253    	 -89630.747    
  1000723.1    	 -130000.00    	  141.08139    	  330.26891    	 -130000.00    	  0.0000000    	 -40342.799    	 -89657.201    
  1000737.7    	 -130000.00    	  141.22216    	  330.21504    	 -130000.00    	  0.0000000    	 -40317.041    	 -89682.959    
  1000752.3    	 -130000.00    	  141.36088    	  330.16111    	 -130000.00    	  0.0000000    	 -40291.849    	 -89708.151    
  1000766.9    	 -130000.00    	  141.49762    	  330.10718    	 -130000.00    	  0.0000000    	 -40267.126    	 -89732.874    
  1000781.6    	 -130000.00    	  141.63241    	  330.05346    	 -130000.00    	  0.0000000    	 -40242.869    	 -89757.131    
  1000796.2    	 -130000.00    	  141.76528    	  330.00025    	 -130000.00    	  0.0000000    	 -40218.975    	 -89781.025    
  1000810.8    	 -130000.00    	  141.89629    	  329.94755    	 -130000.00    	  0.0000000    	 -40195.497    	 -89804.503    
  1000825.4    	 -130000.00    	  142.02545    	  329.89543    	 -130000.00    	  0.0000000    	 -40172.432    	 -89827.568    
  1000840.1    	 -130000.00    	  142.15279    	  329.84403    	 -130000.00    	  0.0000000    	 -40149.712    	 -89850.288    
  1000854.7    	 -130000.00    	  142.27835    	  329.79331    	 -130000.00    	  0.0000000    	 -40127.378    	 -89872.622    
  1000869.3    	 -130000.00    	  142.40215    	  329.74331    	 -130000.00    	  0.0000000    	 -40105.394    	 -89894.606    
  1000883.9    	 -130000.00    	  142.52422    	  329.69408    	 -130000.00    	  0.0000000    	 -40083.727    	 -89916.273    
  1000898.6    	 -130000.00    	  142.64458    	  329.64562    	 -130000.00    	  0.0000000    	 -40062.384    	 -89937.616    
  1000913.2    	 -130000.00    	  142.76326    	  329.59792    	 -130000.00    	  0.0000000    	 -40041.365    	 -89958.635    
  1000927.8    	 -130000.00    	  142.88028    	  329.55100    	 -130000.00    	  0.0000000    	 -40020.635    	 -89979.365    
  1000942.4    	 -130000.00    	  142.99568    	  329.50486    	 -130000.00    	  0.0000000    	 -40000.191    	 -89999.809    
  1000957.1    	 -130000.00    	  143.10956    	  329.52821    	 -130000.00    	  0.0000000    	 -39979.534    	 -90020.466    
  1000971.7    	 -130000.00    	  143.22200    	  329.57755    	 -130000.00    	  0.0000000    	 -39958.762    	 -90041.238    
