TIME	Discharge	H-Well	Concentration	Net-Inflow	Net-Outflow	Node0000031	Node0000325
  0.0000000    	  0.0000000    	  0.0000000    	  0.0000000    	  0.0000000    	  0.0000000    	  0.0000000    	  0.0000000    
  2988.8896    	 0.35652192E-09	  177.18741    	 -1.0000000    	 -16088.663    	  16088.663    	 -16088.663    	  16088.663    
  6874.4463    	 0.21282176E-09	  177.18747    	 -1.0000000    	 -16088.541    	  16088.541    	 -16088.541    	  16088.541    
  11925.670    	 0.14733814E-09	  177.18747    	 -1.0000000    	 -16088.581    	  16088.581    	 -16088.581    	  16088.581    
  18492.260    	 0.72759576E-10	  177.18749    	 -1.0000000    	 -16088.602    	  16088.602    	 -16088.602    	  16088.602    
  27028.826    	 0.24738256E-09	  177.18750    	 -1.0000000    	 -16088.608    	  16088.608    	 -16088.608    	  16088.608    
  38126.363    	 0.94587449E-09	  177.18751    	 -1.0000000    	 -16088.611    	  16088.611    	 -16088.611    	  16088.611    
  52553.160    	-0.47293724E-10	  177.18752    	 -1.0000000    	 -16088.615    	  16088.615    	 -16088.615    	  16088.615    
  71308.000    	-0.24556357E-09	  177.18752    	 -1.0000000    	 -16088.616    	  16088.616    	 -16088.616    	  16088.616    
  95689.281    	 0.35288394E-09	  177.18753    	 -1.0000000    	 -16088.619    	  16088.619    	 -16088.619    	  16088.619    
  127384.95    	 0.65483619E-10	  177.18754    	 -1.0000000    	 -16088.619    	  16088.619    	 -16088.619    	  16088.619    
  168589.33    	-0.52750693E-09	  177.18754    	 -1.0000000    	 -16088.621    	  16088.621    	 -16088.621    	  16088.621    
  222155.00    	-0.47293724E-10	  177.18755    	 -1.0000000    	 -16088.621    	  16088.621    	 -16088.621    	  16088.621    
  291790.38    	 0.28558134E-09	  177.18755    	 -1.0000000    	 -16088.623    	  16088.623    	 -16088.623    	  16088.623    
  382316.38    	 0.10550139E-09	  177.18755    	 -1.0000000    	 -16088.623    	  16088.623    	 -16088.623    	  16088.623    
  500000.16    	-0.12914825E-09	  177.18755    	 -1.0000000    	 -16088.624    	  16088.624    	 -16088.624    	  16088.624    
  502989.03    	 -20000.000    	  160.63204    	  338.60086    	 -20144.154    	  144.15361    	 -20144.154    	  144.15361    
  506874.59    	 -20000.000    	  160.63204    	  338.60081    	 -20144.166    	  144.16638    	 -20144.166    	  144.16638    
  511925.81    	 -20000.000    	  160.63205    	  338.60079    	 -20144.170    	  144.16974    	 -20144.170    	  144.16974    
  518492.41    	 -20000.000    	  160.63206    	  338.60078    	 -20144.175    	  144.17528    	 -20144.175    	  144.17528    
  527029.00    	 -20000.000    	  160.63207    	  338.60077    	 -20144.178    	  144.17770    	 -20144.178    	  144.17770    
  538126.56    	 -20000.000    	  160.63207    	  338.60076    	 -20144.181    	  144.18092    	 -20144.181    	  144.18092    
  552553.38    	 -20000.000    	  160.63207    	  338.60076    	 -20144.182    	  144.18225    	 -20144.182    	  144.18225    
  571308.19    	 -20000.000    	  160.63208    	  338.60076    	 -20144.184    	  144.18446    	 -20144.184    	  144.18446    
  595689.50    	 -20000.000    	  160.63208    	  338.60076    	 -20144.185    	  144.18530    	 -20144.185    	  144.18530    
  627385.19    	 -20000.000    	  160.63208    	  338.60075    	 -20144.187    	  144.18694    	 -20144.187    	  144.18694    
  668589.56    	 -20000.000    	  160.63209    	  338.60075    	 -20144.188    	  144.18751    	 -20144.188    	  144.18751    
  722155.25    	 -20000.000    	  160.63209    	  338.60075    	 -20144.189    	  144.18876    	 -20144.189    	  144.18876    
  791790.62    	 -20000.000    	  160.63209    	  338.60075    	 -20144.189    	  144.18917    	 -20144.189    	  144.18917    
  882316.62    	 -20000.000    	  160.63210    	  338.60075    	 -20144.190    	  144.19011    	 -20144.190    	  144.19011    
  1000000.4    	 -20000.000    	  160.63210    	  338.60075    	 -20144.190    	  144.19036    	 -20144.190    	  144.19036    
  1000000.8    	 -20000.000    	  160.62676    	  343.40701    	 -20127.348    	  127.34770    	 -20127.348    	  127.34770    
  1000001.2    	 -20000.000    	  160.61792    	  343.46203    	 -20115.873    	  115.87272    	 -20115.873    	  115.87272    
  1000001.9    	 -20000.000    	  160.60508    	  343.52042    	 -20108.259    	  108.25893    	 -20108.259    	  108.25893    
  1000002.7    	 -20000.000    	  160.58756    	  343.58709    	 -20102.927    	  102.92694    	 -20102.927    	  102.92694    
  1000003.7    	 -20000.000    	  160.56435    	  343.66719    	 -20098.471    	  98.470844    	 -20098.471    	  98.470844    
  1000005.0    	 -20000.000    	  160.53400    	  343.76583    	 -20093.449    	  93.449497    	 -20093.449    	  93.449497    
  1000006.8    	 -20000.000    	  160.49455    	  343.88817    	 -20087.048    	  87.047649    	 -20087.048    	  87.047649    
  1000009.0    	 -20000.000    	  160.44332    	  344.03950    	 -20078.311    	  78.311481    	 -20078.311    	  78.311481    
  1000011.9    	 -20000.000    	  160.37684    	  344.22529    	 -20066.310    	  66.309945    	 -20066.310    	  66.309945    
  1000015.8    	 -20000.000    	  160.29063    	  344.45180    	 -20049.564    	  49.564223    	 -20049.564    	  49.564223    
  1000020.7    	 -20000.000    	  160.17896    	  344.72549    	 -20026.220    	  26.219977    	 -20026.220    	  26.219977    
  1000027.1    	 -20000.000    	  160.03436    	  345.04837    	 -20000.000    	  0.0000000    	 -19994.216    	 -5.7843534    
  1000035.5    	 -20000.000    	  159.84741    	  345.39615    	 -20000.000    	  0.0000000    	 -19950.169    	 -49.831315    
  1000046.4    	 -20000.000    	  159.60617    	  345.79476    	 -20000.000    	  0.0000000    	 -19889.873    	 -110.12748    
  1000060.5    	 -20000.000    	  159.29561    	  346.24278    	 -20000.000    	  0.0000000    	 -19807.608    	 -192.39206    
  1000061.6    	 -20000.000    	  159.26404    	  346.32464    	 -20000.000    	  0.0000000    	 -19789.761    	 -210.23923    
  1000062.9    	 -20000.000    	  159.22118    	  346.42062    	 -20000.000    	  0.0000000    	 -19776.351    	 -223.64900    
  1000064.8    	 -20000.000    	  159.16495    	  346.53800    	 -20000.000    	  0.0000000    	 -19761.949    	 -238.05088    
  1000067.1    	 -20000.000    	  159.09179    	  346.68388    	 -20000.000    	  0.0000000    	 -19743.797    	 -256.20272    
  1000070.2    	 -20000.000    	  158.99686    	  346.86502    	 -20000.000    	  0.0000000    	 -19720.139    	 -279.86126    
  1000074.2    	 -20000.000    	  158.87377    	  347.08849    	 -20000.000    	  0.0000000    	 -19688.922    	 -311.07809    
  1000079.4    	 -20000.000    	  158.71430    	  347.36244    	 -20000.000    	  0.0000000    	 -19647.533    	 -352.46652    
  1000086.1    	 -20000.000    	  158.50795    	  347.69564    	 -20000.000    	  0.0000000    	 -19592.648    	 -407.35160    
  1000094.9    	 -20000.000    	  158.24131    	  348.09744    	 -20000.000    	  0.0000000    	 -19519.701    	 -480.29870    
  1000106.3    	 -20000.000    	  157.89762    	  348.57593    	 -20000.000    	  0.0000000    	 -19421.900    	 -578.10006    
  1000121.1    	 -20000.000    	  157.45544    	  349.13960    	 -20000.000    	  0.0000000    	 -19291.761    	 -708.23887    
  1000140.4    	 -20000.000    	  156.88865    	  349.79252    	 -20000.000    	  0.0000000    	 -19117.929    	 -882.07077    
  1000165.5    	 -20000.000    	  156.16548    	  350.53455    	 -20000.000    	  0.0000000    	 -18885.989    	 -1114.0107    
  1000198.1    	 -20000.000    	  155.29931    	  393.96849    	 -20000.000    	  0.0000000    	 -18389.740    	 -1610.2595    
  1000240.4    	 -20000.000    	  154.18161    	  385.20691    	 -20000.000    	  0.0000000    	 -17939.815    	 -2060.1850    
  1000255.1    	 -20000.000    	  154.59914    	  382.42407    	 -20000.000    	  0.0000000    	 -17997.974    	 -2002.0256    
  1000269.7    	 -20000.000    	  155.03190    	  379.78740    	 -20000.000    	  0.0000000    	 -17992.918    	 -2007.0816    
  1000284.3    	 -20000.000    	  155.46442    	  377.61244    	 -20000.000    	  0.0000000    	 -17998.887    	 -2001.1126    
  1000298.9    	 -20000.000    	  155.84855    	  370.01616    	 -20000.000    	  0.0000000    	 -18218.943    	 -1781.0565    
  1000313.6    	 -20000.000    	  156.26522    	  372.36702    	 -20000.000    	  0.0000000    	 -18276.836    	 -1723.1639    
  1000328.2    	 -20000.000    	  156.68245    	  373.46982    	 -20000.000    	  0.0000000    	 -18334.372    	 -1665.6284    
  1000342.8    	 -20000.000    	  157.08872    	  374.03966    	 -20000.000    	  0.0000000    	 -18429.660    	 -1570.3402    
  1000357.4    	 -20000.000    	  157.48612    	  335.24305    	 -20000.000    	  0.0000000    	 -18544.386    	 -1455.6139    
  1000372.1    	 -20000.000    	  157.87904    	  336.44461    	 -20000.000    	  0.0000000    	 -18657.557    	 -1342.4434    
  1000386.7    	 -20000.000    	  158.26790    	  336.99267    	 -20000.000    	  0.0000000    	 -18769.465    	 -1230.5346    
  1000401.3    	 -20000.000    	  158.65269    	  337.26212    	 -20000.000    	  0.0000000    	 -18881.882    	 -1118.1177    
  1000415.9    	 -20000.000    	  159.03345    	  337.41081    	 -20000.000    	  0.0000000    	 -18995.683    	 -1004.3169    
  1000430.6    	 -20000.000    	  159.41019    	  337.50674    	 -20000.000    	  0.0000000    	 -19111.368    	 -888.63179    
  1000445.2    	 -20000.000    	  159.78290    	  337.58004    	 -20000.000    	  0.0000000    	 -19229.046    	 -770.95411    
  1000459.8    	 -20000.000    	  160.15159    	  337.64458    	 -20000.000    	  0.0000000    	 -19348.852    	 -651.14848    
  1000474.4    	 -20000.000    	  160.51622    	  337.70674    	 -20000.000    	  0.0000000    	 -19470.628    	 -529.37226    
  1000489.1    	 -20000.000    	  160.87677    	  337.76945    	 -20000.000    	  0.0000000    	 -19594.262    	 -405.73791    
  1000503.7    	 -20000.000    	  161.23331    	  337.83391    	 -20000.000    	  0.0000000    	 -19719.322    	 -280.67752    
  1000518.3    	 -20000.000    	  161.58562    	  337.90071    	 -20000.000    	  0.0000000    	 -19846.359    	 -153.64093    
  1000532.9    	 -20000.000    	  161.93380    	  337.96964    	 -20000.000    	  0.0000000    	 -19974.738    	 -25.261980    
  1000547.6    	 -20000.000    	  162.27783    	  337.96746    	 -20104.391    	  104.39092    	 -20104.391    	  104.39092    
  1000562.2    	 -20000.000    	  162.61771    	  337.95123    	 -20235.113    	  235.11297    	 -20235.113    	  235.11297    
  1000576.8    	 -20000.000    	  162.93910    	  332.27370    	 -20413.895    	  413.89540    	 -20413.895    	  413.89540    
  1000591.4    	 -20000.000    	  163.25387    	  332.40793    	 -20576.153    	  576.15281    	 -20576.153    	  576.15281    
  1000606.1    	 -20000.000    	  163.56261    	  332.41849    	 -20724.367    	  724.36670    	 -20724.367    	  724.36670    
  1000620.7    	 -20000.000    	  163.86607    	  332.31320    	 -20861.293    	  861.29313    	 -20861.293    	  861.29313    
  1000635.3    	 -20000.000    	  164.16530    	  332.00111    	 -20987.071    	  987.07089    	 -20987.071    	  987.07089    
  1000649.9    	 -20000.000    	  164.45981    	  331.65796    	 -21108.153    	  1108.1528    	 -21108.153    	  1108.1528    
  1000664.6    	 -20000.000    	  164.74978    	  331.30376    	 -21226.050    	  1226.0501    	 -21226.050    	  1226.0501    
  1000679.2    	 -20000.000    	  165.03535    	  330.94854    	 -21341.650    	  1341.6496    	 -21341.650    	  1341.6496    
  1000693.8    	 -20000.000    	  165.31663    	  330.59740    	 -21455.471    	  1455.4711    	 -21455.471    	  1455.4711    
  1000708.4    	 -20000.000    	  165.59370    	  330.32252    	 -21567.863    	  1567.8631    	 -21567.863    	  1567.8631    
  1000723.1    	 -20000.000    	  165.86675    	  330.26891    	 -21678.398    	  1678.3985    	 -21678.398    	  1678.3985    
  1000737.7    	 -20000.000    	  166.13580    	  330.21504    	 -21787.472    	  1787.4720    	 -21787.472    	  1787.4720    
  1000752.3    	 -20000.000    	  166.40109    	  330.16111    	 -21894.485    	  1894.4853    	 -21894.485    	  1894.4853    
  1000766.9    	 -20000.000    	  166.66302    	  330.10718    	 -21998.738    	  1998.7384    	 -21998.738    	  1998.7384    
  1000781.6    	 -20000.000    	  166.92170    	  330.05346    	 -22100.726    	  2100.7263    	 -22100.726    	  2100.7263    
  1000796.2    	 -20000.000    	  167.17724    	  330.00025    	 -22201.108    	  2201.1081    	 -22201.108    	  2201.1081    
  1000810.8    	 -20000.000    	  167.42969    	  329.94755    	 -22300.165    	  2300.1649    	 -22300.165    	  2300.1649    
  1000825.4    	 -20000.000    	  167.67913    	  329.89543    	 -22398.167    	  2398.1673    	 -22398.167    	  2398.1673    
  1000840.1    	 -20000.000    	  167.92560    	  329.84403    	 -22495.307    	  2495.3070    	 -22495.307    	  2495.3070    
  1000854.7    	 -20000.000    	  168.16913    	  329.79331    	 -22591.675    	  2591.6753    	 -22591.675    	  2591.6753    
  1000869.3    	 -20000.000    	  168.40976    	  329.74331    	 -22687.315    	  2687.3148    	 -22687.315    	  2687.3148    
  1000883.9    	 -20000.000    	  168.64750    	  329.69408    	 -22782.287    	  2782.2867    	 -22782.287    	  2782.2867    
  1000898.6    	 -20000.000    	  168.88240    	  329.64562    	 -22876.629    	  2876.6289    	 -22876.629    	  2876.6289    
  1000913.2    	 -20000.000    	  169.11446    	  329.59792    	 -22970.333    	  2970.3331    	 -22970.333    	  2970.3331    
  1000927.8    	 -20000.000    	  169.34372    	  329.55100    	 -23063.419    	  3063.4187    	 -23063.419    	  3063.4187    
  1000942.4    	 -20000.000    	  169.57020    	  329.50486    	 -23155.865    	  3155.8647    	 -23155.865    	  3155.8647    
  1000957.1    	 -20000.000    	  169.79419    	  329.52821    	 -23246.674    	  3246.6745    	 -23246.674    	  3246.6745    
  1000971.7    	 -20000.000    	  170.01585    	  329.57755    	 -23336.086    	  3336.0865    	 -23336.086    	  3336.0865    
