101
100
44
18
7
1.5927184713051825
4034.8899515591065
4850.126600851641
40.88080897737431
1
-9.057650778561777
1.948954325817212E-4
1
0.4004885676905374
0.0018141440064878053
7399.655716731868
5299.60429185242
-9.559056864390422
-9.193911986798026
-9.007552976723634
-9.067216934724584
-9.467714113700891
-9.354315574135091
-9.533915093075136
-9.343219662134514
-9.298463433955396
-9.758021665626776
-9.278418847399841
-9.250514620975585
-9.053226332013915
-9.362592824085947
-9.808810647896655
-9.205250375768914
-9.040200551703036
-9.560368103979636
-9.461785432535281
-9.001724079725832
-9.857343130845953
-9.81669450751044
-9.327537211989183
-9.797979324501771
-10.267062027634832
-10.206011825392936
-9.423003006899387
-10.195350243681494
-9.919524608564275
-9.99528052952312


18
7
1.5708303348926116
4018.2339438869103
4848.4480114223115
40.84671417663577
1
-9.108089003610733
1.9326989002788135E-4
1
0.400487411143687
0.0018150987030980724
7399.656067159014
5299.604228221051
-9.562167965247031
-9.194333392522712
-9.007443357981218
-9.07058617985065
-9.46911793590847
-9.354136867213384
-9.534215437555092
-9.34318853403134
-9.299644392411329
-9.758025427918474
-9.278593362510689
-9.249148161068888
-9.053127580498053
-9.363853889951866
-9.807042252080679
-9.206907767699605
-9.041147216228833
-9.560069255221876
-9.461750969111467
-9.00058377771984
-9.856440571276963
-9.815736305406794
-9.324399108989759
-9.798026356042019
-10.265630541610275
-10.208300380950227
-9.43006220315883
-10.199005795764869
-9.920077712473512
-9.995127062961071


18
8
1.2893508212564475
3804.0391467456884
4826.861498653166
40.40825803087207
1
-9.75672015191158
1.7236555542281422E-4
1
0.40047253805267496
0.0018273760177338555
7399.660573621359
5299.603409927227
-9.602176449271674
-9.199752633164874
-9.006033670572524
-9.113914376528985
-9.487170966316016
-9.351838711881305
-9.538077841212848
-9.34278822935594
-9.314831414528468
-9.75807381065958
-9.280837611522916
-9.231575606572237
-9.051857644669267
-9.380071086332189
-9.784300837059568
-9.228221682496265
-9.053321238963134
-9.556226086420317
-9.461307772505307
-8.985919593981421
-9.844833734417106
-9.803413910433756
-9.284043379777907
-9.798631177522727
-10.247221756943791
-10.237731004601947
-9.520842847628344
-10.246015874791489
-9.927190580212798
-9.993153496439426


13
1
9.669996739344233
4171.467598595613
5379.2577327535855
54.39529544579156
1
-9.688870451820332
9.842610770833845E-4
1
0.40093231420825065
0.001177365566192164
7399.532821782162
5299.625108938219
-8.491118758463296
-9.086926949387287
-9.04130021898369
-8.960088092831205
-8.998915652388956
-9.414788222127191
-9.426248611104198
-9.35837798002308
-8.878199169176769
-9.755415447253206
-9.221360465105683
-9.60240527139997
-9.075848019347315
-8.930039438325345
-10.516460765764077
-8.0
-8.926901028277818
-9.666790087212064
-9.471196887799564
-9.403328574315172
-10.180114115811334
-10.136742041369672
-10.46166023434279
-9.785125712213521
-10.779951166818815
-9.425567040606584
-9.277389743512476
-8.9576258940176
-9.714457499990681
-10.116780546424609


18
8
1.2674626848438768
3787.383139073492
4825.182909223836
40.37416323013353
1
-9.807158376960535
1.7074001286897437E-4
1
0.40047138150582456
0.0018283307143441225
7399.660924048505
5299.6033462958585
-9.605287550128285
-9.200174038889559
-9.005924051830108
-9.117283621655051
-9.488574788523595
-9.351660004959598
-9.538378185692805
-9.342757101252765
-9.316012372984401
-9.758077572951278
-9.281012126633764
-9.23020914666554
-9.051758893153405
-9.381332152198107
-9.782532441243593
-9.229879074426956
-9.054267903488931
-9.555927237662557
-9.461273309081495
-8.984779291975428
-9.843931174848116
-9.80245570833011
-9.280905276778483
-9.798678209062976
-10.245790270919233
-10.24001956015924
-9.527902043887787
-10.249671426874864
-9.927743684122035
-9.993000029877377


13
1
9.669996739344233
4171.467598595613
5379.2577327535855
54.39529544579156
1
-9.688870451820332
9.842610770833845E-4
1
0.40093231420825065
0.001177365566192164
7399.532821782162
5299.625108938219
-8.491118758463296
-9.086926949387287
-9.04130021898369
-8.960088092831205
-8.998915652388956
-9.414788222127191
-9.426248611104198
-9.35837798002308
-8.878199169176769
-9.755415447253206
-9.221360465105683
-9.60240527139997
-9.075848019347315
-8.930039438325345
-10.516460765764077
-8.0
-8.926901028277818
-9.666790087212064
-9.471196887799564
-9.403328574315172
-10.180114115811334
-10.136742041369672
-10.46166023434279
-9.785125712213521
-10.779951166818815
-9.425567040606584
-9.277389743512476
-8.9576258940176
-9.714457499990681
-10.116780546424609


5
2
9.561995408054175
4041.625481797908
5203.838243308965
56.46089207300218
1
-9.797355625591049
9.794057865689404E-4
1
0.40092032792289645
3.267155424936062E-4
7399.550256255017
5299.6146140319715
-8.693183068036069
-9.116523755147647
-9.118014396084344
-8.990127766524155
-9.15462483737994
-9.40079975646438
-9.43716292416817
-9.36702679793883
-8.922148642520218
-9.752548869568171
-9.239563437205653
-9.71187820008983
-9.041474958549871
-9.009477673268524
-10.165883563633908
-8.93299829574927
-8.943101962039115
-9.662914295532385
-9.463095482150413
-9.353162420666719
-10.152518723024096
-10.060294604349746
-10.187097932912954
-9.80004531938079
-10.735109914768916
-9.469394688059639
-9.308020773557518
-9.359601494405315
-9.672075034693686
-10.4593194000834


13
1
9.669996739344233
4171.467598595613
5379.2577327535855
54.39529544579156
1
-9.688870451820332
9.842610770833845E-4
1
0.40093231420825065
0.001177365566192164
7399.532821782162
5299.625108938219
-8.491118758463296
-9.086926949387287
-9.04130021898369
-8.960088092831205
-8.998915652388956
-9.414788222127191
-9.426248611104198
-9.35837798002308
-8.878199169176769
-9.755415447253206
-9.221360465105683
-9.60240527139997
-9.075848019347315
-8.930039438325345
-10.516460765764077
-8.0
-8.926901028277818
-9.666790087212064
-9.471196887799564
-9.403328574315172
-10.180114115811334
-10.136742041369672
-10.46166023434279
-9.785125712213521
-10.779951166818815
-9.425567040606584
-9.277389743512476
-8.9576258940176
-9.714457499990681
-10.116780546424609


18
8
1.347418035541514
4007.9469370298093
4826.296003106494
40.57356645048183
1
-9.757318946559241
1.7596302304612345E-4
1
0.4004758949676243
0.001819690028998114
7399.660165375742
5299.603331114155
-9.600138919798804
-9.20000011350988
-9.005789535118803
-9.074847312217498
-9.488422395001633
-9.351876742506642
-9.53759323056966
-9.343164544085262
-9.312963041914339
-9.757967500893189
-9.280952213034924
-9.255184443580275
-9.050990720644155
-9.379159790745577
-9.782136842476076
-9.236397450311987
-9.037814834006129
-9.55688952703354
-9.461134915365331
-8.987467416328084
-9.846460122518929
-9.803505033617315
-9.27946986869318
-9.799038727404485
-10.24977973058142
-10.231625976627075
-9.587124692615063
-10.246091923012722
-9.925643054939972
-10.003236113787068


18
7
1.5585319037049081
4016.4998137914463
4845.333649377123
40.85026594734067
1
-9.214874820934392
1.94675165757954E-4
1
0.4004867334358384
0.0018129065476782359
7399.656424524855
5299.604064291099
-9.565861976717489
-9.195108264962272
-9.007216949509411
-9.071072284503389
-9.471271909743425
-9.353901641389212
-9.534472795994528
-9.343261060597314
-9.300697469624136
-9.75799788737945
-9.278870704310362
-9.241017021499085
-9.052728363221533
-9.36534312368433
-9.803104571544475
-9.216870905626811
-9.05009148268164
-9.546266558829325
-9.461650315865873
-8.999475562269012
-9.85568657187098
-9.814443148320567
-9.322730437600747
-9.798167505213359
-10.264433834304457
-10.210935650595447
-9.424568721195833
-10.20398562625764
-9.920367354620609
-9.994775213425381


17
8
1.5066282189768325
4009.1811777492803
4832.189951351302
40.86525566302712
1
-9.665548350850873
2.0060592126135807E-4
1
0.40048387327148316
0.001803654884433585
7399.657932733799
5299.603372449323
-9.581451998226601
-9.198378497904473
-9.006261426503183
-9.07312381630086
-9.480362433334257
-9.35290890606945
-9.535558938698323
-9.343567148093948
-9.30514182409616
-9.757881656664088
-9.280041183789617
-9.206700766175963
-9.05104352656699
-9.371628211347666
-9.786486181280576
-9.258918835316667
-9.08783941808942
-9.488014348362631
-9.46122552393539
-8.994798505131186
-9.852504430437165
-9.80898557274178
-9.315688060213898
-9.798763204126256
-10.259383310561637
-10.222057410985158
-9.401384304296238
-10.225002254147094
-9.921589745871776
-9.993290285218412


0
1
9.785112400612842
3983.6783609105787
5136.505077126278
57.920131171682385
1
-9.859927620999454
9.974629668126527E-4
1
0.4009301939613722
6.878618133250894E-4
7399.554506800992
5299.61019713783
-8.754727693141218
-9.127963056499702
-9.06023661710365
-8.99740557555292
-9.213468865674352
-9.396088192047843
-9.438751422737486
-9.37172801906985
-8.92909981238328
-9.751072685968886
-9.246434485379176
-9.775346703581947
-9.025621741568079
-9.033290489440063
-10.026000113700235
-9.488087306659562
-8.96208704774073
-9.66472680638417
-9.459495354055074
-9.342524628216157
-10.150125212491243
-10.034200970320924
-10.097365331584413
-9.80679227930196
-10.730836066530802
-9.46457530309356
-9.318600980276818
-9.421317730578709
-9.708161835023759
-10.385535940343129


18
7
1.5708303348926116
4018.2339438869103
4848.4480114223115
40.84671417663577
1
-9.108089003610733
1.9326989002788135E-4
1
0.400487411143687
0.0018150987030980724
7399.656067159014
5299.604228221051
-9.562167965247031
-9.194333392522712
-9.007443357981218
-9.07058617985065
-9.46911793590847
-9.354136867213384
-9.534215437555092
-9.34318853403134
-9.299644392411329
-9.758025427918474
-9.278593362510689
-9.249148161068888
-9.053127580498053
-9.363853889951866
-9.807042252080679
-9.206907767699605
-9.041147216228833
-9.560069255221876
-9.461750969111467
-9.00058377771984
-9.856440571276963
-9.815736305406794
-9.324399108989759
-9.798026356042019
-10.265630541610275
-10.208300380950227
-9.43006220315883
-10.199005795764869
-9.920077712473512
-9.995127062961071


17
8
1.4943297877891293
4007.4470476538168
4829.075589306114
40.868807433732016
1
-9.772334168174535
2.0201119699143075E-4
1
0.40048319556363465
0.0018014627290137484
7399.65829009964
5299.603208519371
-9.58514600969706
-9.199153370344035
-9.006035018031378
-9.0736099209536
-9.482516407169213
-9.352673680245278
-9.53581629713776
-9.343639674659922
-9.306194901308968
-9.757854116125065
-9.280318525589292
-9.198569626606162
-9.050644309290472
-9.373117445080132
-9.782548500744374
-9.268881973243875
-9.096783684542228
-9.474211651970082
-9.461124870689797
-8.99369028968036
-9.851750431031183
-9.807692415655554
-9.314019388824887
-9.798904353297596
-10.258186603255819
-10.22469268063038
-9.395890822333243
-10.229982084639866
-9.921879388018874
-9.992938435682724


13
1
9.669996739344233
4171.467598595613
5379.2577327535855
54.39529544579156
1
-9.688870451820332
9.842610770833845E-4
1
0.40093231420825065
0.001177365566192164
7399.532821782162
5299.625108938219
-8.491118758463296
-9.086926949387287
-9.04130021898369
-8.960088092831205
-8.998915652388956
-9.414788222127191
-9.426248611104198
-9.35837798002308
-8.878199169176769
-9.755415447253206
-9.221360465105683
-9.60240527139997
-9.075848019347315
-8.930039438325345
-10.516460765764077
-8.0
-8.926901028277818
-9.666790087212064
-9.471196887799564
-9.403328574315172
-10.180114115811334
-10.136742041369672
-10.46166023434279
-9.785125712213521
-10.779951166818815
-9.425567040606584
-9.277389743512476
-8.9576258940176
-9.714457499990681
-10.116780546424609


19
7
1.763110220301561
4020.5783443935347
4859.160299465957
41.19184654344904
1
-9.086678786600295
2.117045995357983E-4
1
0.4004976968931667
0.001796892116316409
7399.653308509871
5299.604580435871
-9.53871433852502
-9.191830139460809
-9.008077115988218
-9.068260479102928
-9.459553927057938
-9.355437811599227
-9.531754697301976
-9.343642136970283
-9.290045571402535
-9.757933038390524
-9.277418020219528
-9.25421786932048
-9.053307521777661
-9.354326470760562
-9.818306136294431
-9.199858848018767
-9.04239895245
-9.562603355173753
-9.461891275961017
-9.009672639837802
-9.86388010450479
-9.822628843061569
-9.349843483922106
-9.797866207450392
-10.27743259178241
-10.190273122474048
-9.391174291016434
-10.172732230626782
-9.915173889620542
-9.999773552453217


18
7
1.5635359266261781
4017.213707968641
4846.562510063372
40.8485661506815
1
-9.173647981596506
1.943757716636845E-4
1
0.40048699386752584
0.0018138281705375897
7399.656277435424
5299.604129957954
-9.564340885576652
-9.194794724250814
-9.007310754951703
-9.070871988364399
-9.470368500708403
-9.3539987012249
-9.534366564058463
-9.343230603123203
-9.300264904228028
-9.758009394626063
-9.27875612164665
-9.243018660537253
-9.052894616641245
-9.364731489630831
-9.804612811246503
-9.213964930581586
-9.04748835597406
-9.550301947388936
-9.461692109136951
-8.999930396372049
-9.855995185772255
-9.814977021291728
-9.323779962461199
-9.798104135210046
-10.264924282038042
-10.209983468813155
-9.426927721574
-10.201922700435075
-9.920249931367218
-9.994918476764704


18
8
1.2465354420362598
4010.140706205957
4824.847476208979
40.33346606640448
1
-9.75416948863194
1.6596364173319069E-4
1
0.40047030282477347
0.0018368677026033627
7399.661201050729
5299.603356866355
-9.607524510072851
-9.200185617142852
-9.00587955413282
-9.075389897229176
-9.48956783309421
-9.351538744601214
-9.5386404177157
-9.342694686744045
-9.317000653094095
-9.758092061919772
-9.281112230143604
-9.241190624561002
-9.051786593166781
-9.38222547251353
-9.78185658275747
-9.229337289892278
-9.043421062420997
-9.555662236205201
-9.461270006742645
-8.98386963521923
-9.843166795221858
-9.80182519495645
-9.274990271837767
-9.798718685429783
-10.244569521399791
-10.240653445765311
-9.550007866604757
-10.252186661942421
-9.92827822048877
-9.994885066935103


17
8
1.4100016475847377
4007.1425810825544
4825.228244174297
40.70496891789717
1
-9.771943138894756
1.9387685563881273E-4
1
0.40047862281788726
0.0018110565333276944
7399.659413195975
5299.603093896453
-9.594395042707333
-9.19999749516978
-9.00584619616774
-9.074471216996434
-9.48589087294119
-9.352175774708556
-9.536844039339826
-9.343391798994974
-9.310194262694619
-9.757910694966746
-9.280737699809157
-9.193167390319237
-9.05075325039636
-9.376888800392727
-9.778612765328958
-9.270715273742638
-9.09825183556272
-9.472257402297139
-9.461107365359533
-8.989950696225776
-9.848616039780968
-9.80508038317569
-9.304953808437972
-9.798887060172913
-10.253216716546776
-10.232567793055066
-9.396801370565987
-10.239884944056286
-9.924043449069929
-9.989442797664257


17
8
1.4943297877891293
4007.4470476538168
4829.075589306114
40.868807433732016
1
-9.772334168174535
2.0201119699143075E-4
1
0.40048319556363465
0.0018014627290137484
7399.65829009964
5299.603208519371
-9.58514600969706
-9.199153370344035
-9.006035018031378
-9.0736099209536
-9.482516407169213
-9.352673680245278
-9.53581629713776
-9.343639674659922
-9.306194901308968
-9.757854116125065
-9.280318525589292
-9.198569626606162
-9.050644309290472
-9.373117445080132
-9.782548500744374
-9.268881973243875
-9.096783684542228
-9.474211651970082
-9.461124870689797
-8.99369028968036
-9.851750431031183
-9.807692415655554
-9.314019388824887
-9.798904353297596
-10.258186603255819
-10.22469268063038
-9.395890822333243
-10.229982084639866
-9.921879388018874
-9.992938435682724


18
8
1.347418035541514
4007.9469370298093
4826.296003106494
40.57356645048183
1
-9.757318946559241
1.7596302304612345E-4
1
0.4004758949676243
0.001819690028998114
7399.660165375742
5299.603331114155
-9.600138919798804
-9.20000011350988
-9.005789535118803
-9.074847312217498
-9.488422395001633
-9.351876742506642
-9.53759323056966
-9.343164544085262
-9.312963041914339
-9.757967500893189
-9.280952213034924
-9.255184443580275
-9.050990720644155
-9.379159790745577
-9.782136842476076
-9.236397450311987
-9.037814834006129
-9.55688952703354
-9.461134915365331
-8.987467416328084
-9.846460122518929
-9.803505033617315
-9.27946986869318
-9.799038727404485
-10.24977973058142
-10.231625976627075
-9.587124692615063
-10.246091923012722
-9.925643054939972
-10.003236113787068


5
3
8.901920619343342
4035.242858422442
5168.7947091902
55.24528487163814
1
-9.80809381634775
9.159110170475804E-4
1
0.40088489774936537
4.6813197875438954E-4
7399.5595186753835
5299.613338511039
-8.77125428303068
-9.124618483721793
-9.022739222584104
-8.997733473338219
-9.185305047069875
-9.396508082489458
-9.445480041693829
-9.365350406224998
-8.954598549807972
-9.752905041393747
-9.24336769985167
-9.682357874442772
-9.041315431942495
-9.041238714016055
-10.130104788532627
-9.05960644756283
-8.954039983554475
-9.654324089537006
-9.462720368007481
-9.322537348923557
-10.12727312771423
-10.03762790269827
-10.108009725472751
-9.800358186545054
-10.69506159807139
-9.531800594782021
-9.315755875322768
-9.358045368088165
-9.731790517398984
-10.041418328490504


18
8
1.347418035541514
4007.9469370298093
4826.296003106494
40.57356645048183
1
-9.757318946559241
1.7596302304612345E-4
1
0.4004758949676243
0.001819690028998114
7399.660165375742
5299.603331114155
-9.600138919798804
-9.20000011350988
-9.005789535118803
-9.074847312217498
-9.488422395001633
-9.351876742506642
-9.53759323056966
-9.343164544085262
-9.312963041914339
-9.757967500893189
-9.280952213034924
-9.255184443580275
-9.050990720644155
-9.379159790745577
-9.782136842476076
-9.236397450311987
-9.037814834006129
-9.55688952703354
-9.461134915365331
-8.987467416328084
-9.846460122518929
-9.803505033617315
-9.27946986869318
-9.799038727404485
-10.24977973058142
-10.231625976627075
-9.587124692615063
-10.246091923012722
-9.925643054939972
-10.003236113787068


13
1
9.669996739344233
4171.467598595613
5379.2577327535855
54.39529544579156
1
-9.688870451820332
9.842610770833845E-4
1
0.40093231420825065
0.001177365566192164
7399.532821782162
5299.625108938219
-8.491118758463296
-9.086926949387287
-9.04130021898369
-8.960088092831205
-8.998915652388956
-9.414788222127191
-9.426248611104198
-9.35837798002308
-8.878199169176769
-9.755415447253206
-9.221360465105683
-9.60240527139997
-9.075848019347315
-8.930039438325345
-10.516460765764077
-8.0
-8.926901028277818
-9.666790087212064
-9.471196887799564
-9.403328574315172
-10.180114115811334
-10.136742041369672
-10.46166023434279
-9.785125712213521
-10.779951166818815
-9.425567040606584
-9.277389743512476
-8.9576258940176
-9.714457499990681
-10.116780546424609


6
3
8.567227290907491
4034.057291973428
5153.651962930831
54.594854989286205
1
-9.805822161351044
8.83127269207863E-4
1
0.4008667784013365
5.281618242570941E-4
7399.563974779008
5299.612897058596
-8.80794218608448
-9.127952834604846
-9.021991282914108
-9.001144607254975
-9.198706620067261
-9.394533189045903
-9.449559252233735
-9.364365845639034
-8.97046835449645
-9.753129866006683
-9.245029601219208
-9.663410503334482
-9.041750404273316
-9.056196234832658
-10.114750935003942
-9.067253607502089
-8.957748215850769
-9.650007821638482
-9.462651606098394
-9.30770078519859
-10.114836361100641
-10.02726876648051
-10.071350185617934
-9.800296994993925
-10.675340959847423
-9.562799290379434
-9.327776633242216
-9.397334036170014
-9.740379348322445
-10.03973943029402


12
4
10.0
3766.1473784993377
4838.888104512323
62.61287945891469
1
-10.180886348922446
9.907883066647533E-4
1
0.4008889211718827
1.6710995045581169E-4
7399.5799433445245
5299.594211431664
-9.064833326504367
-9.122122313229667
-8.988759089557362
-9.049419868413121
-9.49966519376695
-9.373547740965417
-9.453984916241168
-9.388853318607046
-8.986645740344404
-9.745563332742579
-9.276916591877534
-9.618792595633154
-8.962062367494017
-9.152032124342567
-9.806509024643336
-9.429489845475
-8.950102576280052
-9.666032387752178
-9.444881096908771
-9.273960231731486
-10.118989383437661
-9.913241078303624
-9.656939612210238
-9.833908159929276
-10.677887988686761
-9.50025459784947
-9.34914932627051
-9.9095830015024
-9.696567365114586
-9.949145892521468


13
1
9.669996739344233
4171.467598595613
5379.2577327535855
54.39529544579156
1
-9.688870451820332
9.842610770833845E-4
1
0.40093231420825065
0.001177365566192164
7399.532821782162
5299.625108938219
-8.491118758463296
-9.086926949387287
-9.04130021898369
-8.960088092831205
-8.998915652388956
-9.414788222127191
-9.426248611104198
-9.35837798002308
-8.878199169176769
-9.755415447253206
-9.221360465105683
-9.60240527139997
-9.075848019347315
-8.930039438325345
-10.516460765764077
-8.0
-8.926901028277818
-9.666790087212064
-9.471196887799564
-9.403328574315172
-10.180114115811334
-10.136742041369672
-10.46166023434279
-9.785125712213521
-10.779951166818815
-9.425567040606584
-9.277389743512476
-8.9576258940176
-9.714457499990681
-10.116780546424609


18
7
1.8078459338873083
4021.0179431506326
4861.632068342622
41.274426694403466
1
-8.086376552349446
2.1546950079992316E-4
1
0.4005001111900477
0.001782855485215875
7399.652682041915
5299.604665020684
-9.53343224464639
-9.19125098003882
-9.009773210193623
-9.067745590669922
-9.457515661279302
-9.355727797173813
-9.531193214730006
-9.343756412225975
-9.287849486309621
-9.757908709896215
-9.277161195828548
-9.258593713195493
-9.053315241284745
-9.352173797281916
-9.820784142064891
-9.19572756689189
-9.039753475239356
-9.563187934281155
-9.461916126896298
-9.011746871426272
-9.865590936262327
-9.824160495605241
-9.354550641289435
-9.797854584439909
-10.28014458754811
-10.185805959251402
-9.390651394118336
-10.168398817521222
-9.914029761086779
-9.995569446829645


12
1
9.67599737156526
4157.065586019128
5360.531227123571
54.6597939707351
1
-9.701914134798818
9.855240438799919E-4
1
0.4009320189031097
0.0011438652153591801
7399.773400986064
5299.62396025474
-8.511621511643229
-9.090125610771626
-9.03949503767183
-8.963245923863022
-9.015452193512322
-9.41333924190428
-9.42724006996127
-9.359392218162503
-8.882231433519587
-9.755084702569592
-9.223295103373687
-9.615649013713313
-9.072004855643929
-8.938075829201955
-10.47895678158068
-8.116880798830778
-8.929750355391018
-9.666595351888319
-9.470300034881816
-9.398545692235048
-10.17771171868103
-10.128798090893948
-10.433487737200071
-9.786784320250613
-10.776022731461692
-9.42882736647583
-9.280565969815529
-8.990407993206947
-9.714047725727324
-10.140092000700317


4
1
9.81409916842515
4039.1061597163853
5210.696890635812
57.005952023253286
1
-9.809798066305072
9.993280557312816E-4
1
0.4009342119276276
8.585280277119501E-4
7399.547295433494
5299.614668977787
-8.670347144552897
-9.115265014186058
-9.05703538308807
-8.985609083061627
-9.147867850975173
-9.401956295434521
-9.43430976028228
-9.367988136409943
-8.91115726848319
-9.752307181609666
-9.238751336170823
-9.727665653474181
-9.04030586526987
-9.00013102910204
-10.1730245348312
-9.050333276891472
-8.951582178439724
-9.666146848638576
-9.462948292593818
-9.363183782134506
-10.161275208667249
-10.066295403169253
-10.211499512094864
-9.800433023932802
-10.748975105909516
-9.447299177879177
-9.30581076158458
-9.279718796680658
-9.708400821946661
-10.32619717100531


4
1
9.855964387225878
4040.0270250582844
5213.577867140799
57.07443076566012
1
-9.809462696737413
0.0010
1
0.40093642116093137
8.554677963208974E-4
7399.546647348772
5299.61479799164
-8.66466576874144
-9.114557432368755
-9.072503993188175
-8.983744358671505
-9.145373015286353
-9.402279248391679
-9.43374726807189
-9.368060461583408
-8.908951967104104
-9.752295765405854
-9.238442694371553
-9.728502086354665
-9.040446334854256
-8.997828166385041
-10.176013129389807
-9.031528652033684
-8.9506849307197
-9.666703821563164
-9.463002747548424
-9.36530021824773
-10.162967801288461
-10.068020216886003
-10.217460558771103
-9.800357324009768
-10.75166192583245
-9.44318097488254
-9.305241943555288
-9.287506307015374
-9.707339067906336
-10.32241409170079


18
8
1.2719379973180427
3858.598832223978
4825.767172985142
40.36823002877908
1
-9.760204234735575
1.7386995766149925E-4
1
0.40047150229447037
0.0018299065140456932
7399.6607641388455
5299.603362075095
-9.60363672454873
-9.200037770283455
-9.006036477604859
-9.170795528657592
-9.487272228526578
-9.3517695210909
-9.538255753435246
-9.342713624119805
-9.31555695839381
-9.758092997942434
-9.280880636139619
-9.2144925645636
-9.051973369677372
-9.380696771582976
-9.783689206017698
-9.229427861091823
-9.067769229966865
-9.556007607826032
-9.461324954137215
-8.985248918867015
-9.844234744498378
-9.803059350450516
-9.28751119245132
-9.798531415598324
-10.24628369588968
-10.24088505704926
-9.488518323547082
-10.247181331707187
-9.927647118887094
-9.99232963777542


12
4
9.970656181695727
3848.7301329509296
4948.74725603777
60.90694902029168
1
-10.078050223529237
9.884173438971377E-4
1
0.40089767718290237
3.7512712921324416E-4
7399.5704839438085
5299.600462465239
-8.949093602104282
-9.115747135296948
-8.999469124635167
-9.031316824327932
-9.397338139189033
-9.381899023502182
-9.44845127249497
-9.382584733043839
-8.96509482606509
-9.747585758281295
-9.265629093912844
-9.619557555057224
-8.985348879381235
-9.107329102412514
-9.946609153301665
-9.119244054755693
-8.946985831863353
-9.66597299561105
-9.45025761887578
-9.299790981549718
-10.130973904821388
-9.958610220939189
-9.820202601673493
-9.823934267265845
-10.69796093210985
-9.486201763660537
-9.336442595818141
-9.716488631045124
-9.700567626921613
-9.963540961693536


13
1
9.669996739344233
4171.467598595613
5379.2577327535855
54.39529544579156
1
-9.688870451820332
9.842610770833845E-4
1
0.40093231420825065
0.001177365566192164
7399.532821782162
5299.625108938219
-8.491118758463296
-9.086926949387287
-9.04130021898369
-8.960088092831205
-8.998915652388956
-9.414788222127191
-9.426248611104198
-9.35837798002308
-8.878199169176769
-9.755415447253206
-9.221360465105683
-9.60240527139997
-9.075848019347315
-8.930039438325345
-10.516460765764077
-8.0
-8.926901028277818
-9.666790087212064
-9.471196887799564
-9.403328574315172
-10.180114115811334
-10.136742041369672
-10.46166023434279
-9.785125712213521
-10.779951166818815
-9.425567040606584
-9.277389743512476
-8.9576258940176
-9.714457499990681
-10.116780546424609


13
1
9.669996739344233
4171.467598595613
5379.2577327535855
54.39529544579156
1
-9.688870451820332
9.842610770833845E-4
1
0.40093231420825065
0.001177365566192164
7399.532821782162
5299.625108938219
-8.491118758463296
-9.086926949387287
-9.04130021898369
-8.960088092831205
-8.998915652388956
-9.414788222127191
-9.426248611104198
-9.35837798002308
-8.878199169176769
-9.755415447253206
-9.221360465105683
-9.60240527139997
-9.075848019347315
-8.930039438325345
-10.516460765764077
-8.0
-8.926901028277818
-9.666790087212064
-9.471196887799564
-9.403328574315172
-10.180114115811334
-10.136742041369672
-10.46166023434279
-9.785125712213521
-10.779951166818815
-9.425567040606584
-9.277389743512476
-8.9576258940176
-9.714457499990681
-10.116780546424609


12
1
9.67534608292538
4158.628732507191
5362.563739687615
54.63108618158637
1
-9.700498416882247
9.853869656694172E-4
1
0.40093205095454637
0.0011475012318864072
7399.776330996027
5299.62408492902
-8.50939621108481
-9.089778438716131
-9.039690966040382
-8.962903183398032
-9.01365737240351
-9.413496509392743
-9.427132460318363
-9.359282136132144
-8.881793784974779
-9.755120600496213
-9.223085124178194
-9.61421158202271
-9.072421979835017
-8.937203586096434
-10.483027339140138
-8.104194946124847
-8.92944109891407
-9.666616487811913
-9.470397376311096
-9.399064810329596
-10.177972466865855
-10.129660300826172
-10.436545486228876
-9.786604300457235
-10.77644911075413
-9.428473501562479
-9.280221232789051
-8.986849933321427
-9.71409220126137
-10.137561853077603


18
8
1.6039614360340548
4018.7730325274174
4850.457388304774
40.90387148199325
1
-9.088454572251507
1.9642000105442762E-4
1
0.40048917329244194
0.0018122606057961064
7399.655575704145
5299.604297279546
-9.557933470216227
-9.193854863364061
-9.007569124095667
-9.070154236925188
-9.467320622040292
-9.354374538727175
-9.533781997080315
-9.343257604061025
-9.297951361535812
-9.758012493047339
-9.278372929009265
-9.249551665624281
-9.053193436063028
-9.36213607788105
-9.809178880276981
-9.205003206726758
-9.04161019323252
-9.56051020047941
-9.461783326382612
-9.002195874577396
-9.857746440881716
-9.816999173136143
-9.32913159336363
-9.797982923774727
-10.26770264807237
-10.205177098226637
-9.417855636092556
-10.194178484890212
-9.919235175429478
-9.995417135785052


18
8
1.2893508212564475
3804.0391467456884
4826.861498653166
40.40825803087207
1
-9.75672015191158
1.7236555542281422E-4
1
0.40047253805267496
0.0018273760177338555
7399.660573621359
5299.603409927227
-9.602176449271674
-9.199752633164874
-9.006033670572524
-9.113914376528985
-9.487170966316016
-9.351838711881305
-9.538077841212848
-9.34278822935594
-9.314831414528468
-9.75807381065958
-9.280837611522916
-9.231575606572237
-9.051857644669267
-9.380071086332189
-9.784300837059568
-9.228221682496265
-9.053321238963134
-9.556226086420317
-9.461307772505307
-8.985919593981421
-9.844833734417106
-9.803413910433756
-9.284043379777907
-9.798631177522727
-10.247221756943791
-10.237731004601947
-9.520842847628344
-10.246015874791489
-9.927190580212798
-9.993153496439426


4
1
9.81409916842515
4039.1061597163853
5210.696890635812
57.005952023253286
1
-9.809798066305072
9.993280557312816E-4
1
0.4009342119276276
8.585280277119501E-4
7399.547295433494
5299.614668977787
-8.670347144552897
-9.115265014186058
-9.05703538308807
-8.985609083061627
-9.147867850975173
-9.401956295434521
-9.43430976028228
-9.367988136409943
-8.91115726848319
-9.752307181609666
-9.238751336170823
-9.727665653474181
-9.04030586526987
-9.00013102910204
-10.1730245348312
-9.050333276891472
-8.951582178439724
-9.666146848638576
-9.462948292593818
-9.363183782134506
-10.161275208667249
-10.066295403169253
-10.211499512094864
-9.800433023932802
-10.748975105909516
-9.447299177879177
-9.30581076158458
-9.279718796680658
-9.708400821946661
-10.32619717100531


19
8
1.6756370952926685
4020.6665830485445
4855.79742701891
41.01549630406843
1
-8.95862502312692
2.0244432899503263E-4
1
0.4004929464627758
0.0018076827820457779
7399.654428409376
5299.604495389284
-9.547758557047231
-9.19252508490966
-9.565602638082792
-9.069068980478015
-9.46267997287558
-9.354959316838112
-9.53279643833942
-9.343359650378785
-9.294084713524619
-9.75800009558167
-9.27780224047411
-9.250865178200788
-9.053517119006374
-9.358016792274162
-9.814900170666437
-9.20020712095753
-9.041401390894217
-9.56148759223304
-9.46189601879947
-9.00592571033135
-9.86069879566397
-9.820134391082275
-9.340355646613698
-9.79781723224246
-10.272387394097933
-10.198020825941285
-9.392060252486761
-10.182188873426625
-9.917424665236835
-9.995562057828856


17
8
1.4943297877891293
4007.4470476538168
4829.075589306114
40.868807433732016
1
-9.772334168174535
2.0201119699143075E-4
1
0.40048319556363465
0.0018014627290137484
7399.65829009964
5299.603208519371
-9.58514600969706
-9.199153370344035
-9.006035018031378
-9.0736099209536
-9.482516407169213
-9.352673680245278
-9.53581629713776
-9.343639674659922
-9.306194901308968
-9.757854116125065
-9.280318525589292
-9.198569626606162
-9.050644309290472
-9.373117445080132
-9.782548500744374
-9.268881973243875
-9.096783684542228
-9.474211651970082
-9.461124870689797
-8.99369028968036
-9.851750431031183
-9.807692415655554
-9.314019388824887
-9.798904353297596
-10.258186603255819
-10.22469268063038
-9.395890822333243
-10.229982084639866
-9.921879388018874
-9.992938435682724


18
8
1.2893508212564475
3804.0391467456884
4826.861498653166
40.40825803087207
1
-9.75672015191158
1.7236555542281422E-4
1
0.40047253805267496
0.0018273760177338555
7399.660573621359
5299.603409927227
-9.602176449271674
-9.199752633164874
-9.006033670572524
-9.113914376528985
-9.487170966316016
-9.351838711881305
-9.538077841212848
-9.34278822935594
-9.314831414528468
-9.75807381065958
-9.280837611522916
-9.231575606572237
-9.051857644669267
-9.380071086332189
-9.784300837059568
-9.228221682496265
-9.053321238963134
-9.556226086420317
-9.461307772505307
-8.985919593981421
-9.844833734417106
-9.803413910433756
-9.284043379777907
-9.798631177522727
-10.247221756943791
-10.237731004601947
-9.520842847628344
-10.246015874791489
-9.927190580212798
-9.993153496439426


12
3
10.0
3848.2453110203105
4954.788927755959
61.91595954117201
1
-10.093665118832345
0.0010
1
0.40091861397775996
3.0365783721590254E-4
7399.566048727247
5299.600320015417
-8.916937706832078
-9.111606169273303
-8.999146488727666
-9.02446462092783
-9.392919925844526
-9.38337920271562
-9.444039426452946
-9.384543490471707
-8.94787758974008
-9.74706956662553
-9.264879827779312
-9.63945727895029
-8.982075802239233
-9.093899304070392
-9.954612960206017
-9.113831028759781
-8.941052077207843
-9.67137529130698
-9.449713911270573
-9.315243564090888
-10.14506060758186
-9.966252005459442
-9.84637225891988
-9.825182239186756
-10.720150586857873
-9.449126258451253
-9.328971535460752
-9.69041716482838
-9.6894118388433
-9.962126653573305


12
4
10.0
3766.1473784993377
4838.888104512323
62.61287945891469
1
-10.180886348922446
9.907883066647533E-4
1
0.4008889211718827
1.6710995045581169E-4
7399.5799433445245
5299.594211431664
-9.064833326504367
-9.122122313229667
-8.988759089557362
-9.049419868413121
-9.49966519376695
-9.373547740965417
-9.453984916241168
-9.388853318607046
-8.986645740344404
-9.745563332742579
-9.276916591877534
-9.618792595633154
-8.962062367494017
-9.152032124342567
-9.806509024643336
-9.429489845475
-8.950102576280052
-9.666032387752178
-9.444881096908771
-9.273960231731486
-10.118989383437661
-9.913241078303624
-9.656939612210238
-9.833908159929276
-10.677887988686761
-9.50025459784947
-9.34914932627051
-9.9095830015024
-9.696567365114586
-9.949145892521468


18
7
1.5635359266261781
4017.213707968641
4846.562510063372
40.8485661506815
1
-9.173647981596506
1.943757716636845E-4
1
0.40048699386752584
0.0018138281705375897
7399.656277435424
5299.604129957954
-9.564340885576652
-9.194794724250814
-9.007310754951703
-9.070871988364399
-9.470368500708403
-9.3539987012249
-9.534366564058463
-9.343230603123203
-9.300264904228028
-9.758009394626063
-9.27875612164665
-9.243018660537253
-9.052894616641245
-9.364731489630831
-9.804612811246503
-9.213964930581586
-9.04748835597406
-9.550301947388936
-9.461692109136951
-8.999930396372049
-9.855995185772255
-9.814977021291728
-9.323779962461199
-9.798104135210046
-10.264924282038042
-10.209983468813155
-9.426927721574
-10.201922700435075
-9.920249931367218
-9.994918476764704


13
1
9.669996739344233
4171.467598595613
5379.2577327535855
54.39529544579156
1
-9.688870451820332
9.842610770833845E-4
1
0.40093231420825065
0.001177365566192164
7399.532821782162
5299.625108938219
-8.491118758463296
-9.086926949387287
-9.04130021898369
-8.960088092831205
-8.998915652388956
-9.414788222127191
-9.426248611104198
-9.35837798002308
-8.878199169176769
-9.755415447253206
-9.221360465105683
-9.60240527139997
-9.075848019347315
-8.930039438325345
-10.516460765764077
-8.0
-8.926901028277818
-9.666790087212064
-9.471196887799564
-9.403328574315172
-10.180114115811334
-10.136742041369672
-10.46166023434279
-9.785125712213521
-10.779951166818815
-9.425567040606584
-9.277389743512476
-8.9576258940176
-9.714457499990681
-10.116780546424609


17
8
1.4943297877891293
4007.4470476538168
4829.075589306114
40.868807433732016
1
-9.772334168174535
2.0201119699143075E-4
1
0.40048319556363465
0.0018014627290137484
7399.65829009964
5299.603208519371
-9.58514600969706
-9.199153370344035
-9.006035018031378
-9.0736099209536
-9.482516407169213
-9.352673680245278
-9.53581629713776
-9.343639674659922
-9.306194901308968
-9.757854116125065
-9.280318525589292
-9.198569626606162
-9.050644309290472
-9.373117445080132
-9.782548500744374
-9.268881973243875
-9.096783684542228
-9.474211651970082
-9.461124870689797
-8.99369028968036
-9.851750431031183
-9.807692415655554
-9.314019388824887
-9.798904353297596
-10.258186603255819
-10.22469268063038
-9.395890822333243
-10.229982084639866
-9.921879388018874
-9.992938435682724


4
1
9.81409916842515
4039.1061597163853
5210.696890635812
57.005952023253286
1
-9.809798066305072
9.993280557312816E-4
1
0.4009342119276276
8.585280277119501E-4
7399.547295433494
5299.614668977787
-8.670347144552897
-9.115265014186058
-9.05703538308807
-8.985609083061627
-9.147867850975173
-9.401956295434521
-9.43430976028228
-9.367988136409943
-8.91115726848319
-9.752307181609666
-9.238751336170823
-9.727665653474181
-9.04030586526987
-9.00013102910204
-10.1730245348312
-9.050333276891472
-8.951582178439724
-9.666146848638576
-9.462948292593818
-9.363183782134506
-10.161275208667249
-10.066295403169253
-10.211499512094864
-9.800433023932802
-10.748975105909516
-9.447299177879177
-9.30581076158458
-9.279718796680658
-9.708400821946661
-10.32619717100531


5
3
8.886043568361835
4035.2022832777157
5168.114838434664
55.21431677102568
1
-9.80830217729409
9.144112467350046E-4
1
0.400884038849683
4.2810626820362254E-4
7399.5597286994525
5299.613316145393
-8.772975432409657
-9.12477133643547
-9.022705023497931
-8.997892697210602
-9.185947231131179
-9.396415530564159
-9.445673464444607
-9.365303087889014
-8.955347950947607
-9.752915918498395
-9.243444997394795
-9.681933336333307
-9.041338318304414
-9.041938837336883
-10.129377411737288
-9.056251289508445
-8.95340973713495
-9.654115524344071
-9.46271771739765
-9.321838836983341
-10.126686343165844
-10.037137990806679
-10.106049923292067
-9.800356105849723
-10.69413162124796
-9.533239290996882
-9.315925438182402
-9.359890685068583
-9.732197443786012
-10.018802108845037


13
2
8.944644854730091
4157.216003716022
5331.064516805294
53.190666744498174
1
-9.694836060128148
9.138140993266012E-4
1
0.4008925351243699
0.0012333471647100823
7399.543920375385
5299.623210898405
-8.5877750825101
-9.096781807552597
-9.038205295837626
-8.970089898644186
-9.041578467716038
-9.409305190733836
-9.435952818471321
-9.357052057514963
-8.916090885876095
-9.755637870733148
-9.226554166265657
-9.57214334288
-9.073681588833114
-8.969182389763908
-10.45246098148678
-8.107757853981742
-8.936567688201142
-9.657211736404854
-9.47031993956899
-9.367084318127372
-10.151034600740712
-10.107698868550422
-10.358626782787107
-9.786338296936188
-10.733744232149915
-9.49581886869508
-9.304384601363418
-9.069921769569474
-9.732863314550988
-10.106884614991307


18
8
1.6039614360340548
4018.7730325274174
4850.457388304774
40.90387148199325
1
-9.088454572251507
1.9642000105442762E-4
1
0.40048917329244194
0.0018122606057961064
7399.655575704145
5299.604297279546
-9.557933470216227
-9.193854863364061
-9.007569124095667
-9.070154236925188
-9.467320622040292
-9.354374538727175
-9.533781997080315
-9.343257604061025
-9.297951361535812
-9.758012493047339
-9.278372929009265
-9.249551665624281
-9.053193436063028
-9.36213607788105
-9.809178880276981
-9.205003206726758
-9.04161019323252
-9.56051020047941
-9.461783326382612
-9.002195874577396
-9.857746440881716
-9.816999173136143
-9.32913159336363
-9.797982923774727
-10.26770264807237
-10.205177098226637
-9.417855636092556
-10.194178484890212
-9.919235175429478
-9.558593980518635


18
8
1.289308525756726
3803.9444316291783
4826.860736660293
40.4081558992453
1
-9.75672000139522
1.7236239315269805E-4
1
0.4004725356532988
0.0018273807657450808
7399.660574046163
5299.603409923397
-9.602179446063413
-9.19975272793624
-9.006033717861756
-9.113932677643605
-9.487171293222726
-9.351838577790005
-9.538078271752825
-9.342788026948451
-9.314833084591667
-9.758073864607796
-9.28083766879667
-9.231564032437914
-9.051858000043984
-9.380072339835893
-9.784300479397913
-9.228220186221783
-9.053328624020613
-9.556225575753114
-9.461307833910691
-8.985918107336746
-9.844832363604423
-9.803413251243725
-9.284043308519806
-9.798631014581423
-10.247219590934959
-10.23773532376417
-9.52081273162782
-10.246018225214762
-9.927191687756709
-9.993148617805945


18
8
1.1975585676318692
4011.231270207242
4821.551562569785
40.20610754478813
1
-9.76981896560707
1.7561171212358154E-4
1
0.4004672130509784
0.0018418687608644968
7399.661637035833
5299.6031945624545
-9.61051448085511
-9.201089407373257
-9.005988817414957
-9.331090559280224
-9.488563004273416
-9.351426005730389
-9.539065068160326
-9.342428390928527
-9.318799316335658
-9.758164247960044
-9.281126477364412
-9.164965416514855
-9.052334436846168
-9.383586351952674
-9.780818058577662
-9.233401992323603
-9.10871486950327
-9.555065839809117
-9.461368660476426
-8.98223979798404
-9.841607786962632
-9.80128145203313
-9.294510714979147
-9.798244991919395
-10.24215125696634
-10.25210832108538
-9.398317782123392
-10.25341930413288
-9.92958328017372
-9.990007700070734


17
8
1.4943297877891293
4007.4470476538168
4829.075589306114
40.868807433732016
1
-9.772334168174535
2.0201119699143075E-4
1
0.40048319556363465
0.0018014627290137484
7399.65829009964
5299.603208519371
-9.58514600969706
-9.199153370344035
-9.006035018031378
-9.0736099209536
-9.482516407169213
-9.352673680245278
-9.53581629713776
-9.343639674659922
-9.306194901308968
-9.757854116125065
-9.280318525589292
-9.198569626606162
-9.050644309290472
-9.373117445080132
-9.782548500744374
-9.268881973243875
-9.096783684542228
-9.474211651970082
-9.461124870689797
-8.99369028968036
-9.851750431031183
-9.807692415655554
-9.314019388824887
-9.798904353297596
-10.258186603255819
-10.22469268063038
-9.395890822333243
-10.229982084639866
-9.921879388018874
-9.992938435682724


18
8
1.2893508212564475
3804.0391467456884
4826.861498653166
40.40825803087207
1
-9.75672015191158
1.7236555542281422E-4
1
0.40047253805267496
0.0018273760177338555
7399.660573621359
5299.603409927227
-9.602176449271674
-9.199752633164874
-9.006033670572524
-9.113914376528985
-9.487170966316016
-9.351838711881305
-9.538077841212848
-9.34278822935594
-9.314831414528468
-9.75807381065958
-9.280837611522916
-9.231575606572237
-9.051857644669267
-9.380071086332189
-9.784300837059568
-9.228221682496265
-9.053321238963134
-9.556226086420317
-9.461307772505307
-8.985919593981421
-9.844833734417106
-9.803413910433756
-9.284043379777907
-9.798631177522727
-10.247221756943791
-10.237731004601947
-9.520842847628344
-10.246015874791489
-9.927190580212798
-9.993153496439426


0
1
9.785112400612842
3983.6783609105787
5136.505077126278
57.920131171682385
1
-9.859927620999454
9.974629668126527E-4
1
0.4009301939613722
6.878618133250894E-4
7399.554506800992
5299.61019713783
-8.754727693141218
-9.127963056499702
-9.06023661710365
-8.99740557555292
-9.213468865674352
-9.396088192047843
-9.438751422737486
-9.37172801906985
-8.92909981238328
-9.751072685968886
-9.246434485379176
-9.775346703581947
-9.025621741568079
-9.033290489440063
-10.026000113700235
-9.488087306659562
-8.96208704774073
-9.66472680638417
-9.459495354055074
-9.342524628216157
-10.150125212491243
-10.034200970320924
-10.097365331584413
-9.80679227930196
-10.730836066530802
-9.46457530309356
-9.318600980276818
-9.421317730578709
-9.708161835023759
-10.385535940343129


12
4
10.0
3766.1473784993377
4838.888104512323
62.61287945891469
1
-10.180886348922446
9.907883066647533E-4
1
0.4008889211718827
1.6710995045581169E-4
7399.5799433445245
5299.594211431664
-9.064833326504367
-9.122122313229667
-8.988759089557362
-9.049419868413121
-9.49966519376695
-9.373547740965417
-9.453984916241168
-9.388853318607046
-8.986645740344404
-9.745563332742579
-9.276916591877534
-9.618792595633154
-8.962062367494017
-9.152032124342567
-9.806509024643336
-9.429489845475
-8.950102576280052
-9.666032387752178
-9.444881096908771
-9.273960231731486
-10.118989383437661
-9.913241078303624
-9.656939612210238
-9.833908159929276
-10.677887988686761
-9.50025459784947
-9.34914932627051
-9.9095830015024
-9.696567365114586
-9.949145892521468


4
1
9.81409916842515
4039.1061597163853
5210.696890635812
57.005952023253286
1
-9.809798066305072
9.993280557312816E-4
1
0.4009342119276276
8.585280277119501E-4
7399.547295433494
5299.614668977787
-8.670347144552897
-9.115265014186058
-9.05703538308807
-8.985609083061627
-9.147867850975173
-9.401956295434521
-9.43430976028228
-9.367988136409943
-8.91115726848319
-9.752307181609666
-9.238751336170823
-9.727665653474181
-9.04030586526987
-9.00013102910204
-10.1730245348312
-9.050333276891472
-8.951582178439724
-9.666146848638576
-9.462948292593818
-9.363183782134506
-10.161275208667249
-10.066295403169253
-10.211499512094864
-9.800433023932802
-10.748975105909516
-9.447299177879177
-9.30581076158458
-9.279718796680658
-9.708400821946661
-10.32619717100531


18
7
1.4915767683274406
4015.801230878954
4841.752153669117
40.728627828627694
1
-9.206707038838891
1.8784831311625906E-4
1
0.40048308047240677
0.0018194368338757955
7399.65737524334
5299.6039452938885
-9.573898227089005
-9.19584137381598
-9.007006810485509
-9.07186096939619
-9.47454839493107
-9.353457255892598
-9.53532602475711
-9.343097349664086
-9.304016088094876
-9.758031993881382
-9.27926825640435
-9.239116498424412
-9.05268685610448
-9.359718164151861
-9.79865349623238
-9.224293434754587
-9.049305128185834
-9.547597406063032
-9.461606649152358
-8.99634205944809
-9.85311331717799
-9.812098753454132
-9.313907435470535
-9.798216741909098
-10.260348154244411
-10.2170919647044
-9.43395374769387
-10.21297575595224
-9.922076375916737
-9.994162333260238


18
8
1.2465354420362598
4010.140706205957
4824.847476208979
40.33346606640448
1
-9.75416948863194
1.6596364173319069E-4
1
0.40047030282477347
0.0018368677026033627
7399.661201050729
5299.603356866355
-9.607524510072851
-9.200185617142852
-9.00587955413282
-9.075389897229176
-9.48956783309421
-9.351538744601214
-9.5386404177157
-9.342694686744045
-9.317000653094095
-9.758092061919772
-9.281112230143604
-9.241190624561002
-9.051786593166781
-9.38222547251353
-9.78185658275747
-9.229337289892278
-9.043421062420997
-9.555662236205201
-9.461270006742645
-8.98386963521923
-9.843166795221858
-9.80182519495645
-9.274990271837767
-9.798718685429783
-10.244569521399791
-10.240653445765311
-9.550007866604757
-10.252186661942421
-9.92827822048877
-9.994885066935103


5
1
9.781320575596098
4055.8652509296157
5231.460278901758
56.64602784902615
1
-9.794315156422515
9.968551007114987E-4
1
0.4009332182021069
9.006874822074363E-4
7399.545648410037
5299.615971730926
-8.64915729575251
-9.111850002337091
-9.049761822560281
-8.982949693655225
-9.12950257381668
-9.403501803107968
-9.433460770211948
-9.366724149664181
-8.907654141370804
-9.75271193960492
-9.2366129881727
-9.711226665110646
-9.044842283253091
-8.991871695077414
-10.21630594399961
-8.921241918742663
-8.948703116120535
-9.666040986857348
-9.46399369173924
-9.367643937824354
-10.163131133841281
-10.074796497785785
-10.241743026291804
-9.798484431169108
-10.752059357183358
-9.4458924223384
-9.302338007574441
-9.235536854476088
-9.709541933022177
-10.30047024761506


18
8
1.1975585676318692
4011.231270207242
4821.551562569785
40.20610754478813
1
-9.76981896560707
1.7561171212358154E-4
1
0.4004672130509784
0.0018418687608644968
7399.661637035833
5299.6031945624545
-9.61051448085511
-9.201089407373257
-9.005988817414957
-9.331090559280224
-9.488563004273416
-9.351426005730389
-9.539065068160326
-9.342428390928527
-9.318799316335658
-9.758164247960044
-9.281126477364412
-9.164965416514855
-9.052334436846168
-9.383586351952674
-9.780818058577662
-9.233401992323603
-9.10871486950327
-9.555065839809117
-9.461368660476426
-8.98223979798404
-9.841607786962632
-9.80128145203313
-9.294510714979147
-9.798244991919395
-10.24215125696634
-10.25210832108538
-9.398317782123392
-10.25341930413288
-9.92958328017372
-9.990007700070734


13
1
9.669996739344233
4171.467598595613
5379.2577327535855
54.39529544579156
1
-9.688870451820332
9.842610770833845E-4
1
0.40093231420825065
0.001177365566192164
7399.532821782162
5299.625108938219
-8.491118758463296
-9.086926949387287
-9.04130021898369
-8.960088092831205
-8.998915652388956
-9.414788222127191
-9.426248611104198
-9.35837798002308
-8.878199169176769
-9.755415447253206
-9.221360465105683
-9.60240527139997
-9.075848019347315
-8.930039438325345
-10.516460765764077
-8.0
-8.926901028277818
-9.666790087212064
-9.471196887799564
-9.403328574315172
-10.180114115811334
-10.136742041369672
-10.46166023434279
-9.785125712213521
-10.779951166818815
-9.425567040606584
-9.277389743512476
-8.9576258940176
-9.714457499990681
-10.116780546424609


4
1
9.538285891238523
4038.0566109787583
5198.045551764696
56.47098061598935
1
-9.808556079893332
9.728957634760398E-4
1
0.40091926003464523
8.897877776209265E-4
7399.5509750790725
5299.61428904579
-8.700674147792828
-9.118046043487613
-9.055344641772963
-8.988526447520147
-9.158961970387242
-9.40032250019552
-9.437674859638417
-9.367180947085037
-8.924253379581572
-9.75249107110432
-9.240129353061969
-9.710125298394564
-9.040648600746765
-9.012496108112096
-10.160079647816064
-9.057578505624146
-8.956395833893176
-9.659783898756357
-9.462887843325571
-9.350934498964458
-10.151013981536487
-10.057722312472482
-10.181746652047435
-9.800382346126923
-10.732704704756632
-9.473070979938552
-9.308797055510237
-9.311221500620048
-9.71547796798565
-10.315149126313793


13
1
9.669996739344233
4171.467598595613
5379.2577327535855
54.39529544579156
1
-9.688870451820332
9.842610770833845E-4
1
0.40093231420825065
0.001177365566192164
7399.532821782162
5299.625108938219
-8.491118758463296
-9.086926949387287
-9.04130021898369
-8.960088092831205
-8.998915652388956
-9.414788222127191
-9.426248611104198
-9.35837798002308
-8.878199169176769
-9.755415447253206
-9.221360465105683
-9.60240527139997
-9.075848019347315
-8.930039438325345
-10.516460765764077
-8.0
-8.926901028277818
-9.666790087212064
-9.471196887799564
-9.403328574315172
-10.180114115811334
-10.136742041369672
-10.46166023434279
-9.785125712213521
-10.779951166818815
-9.425567040606584
-9.277389743512476
-8.9576258940176
-9.714457499990681
-10.116780546424609


18
8
1.2893508212564475
3804.0391467456884
4826.861498653166
40.40825803087207
1
-9.75672015191158
1.7236555542281422E-4
1
0.40047253805267496
0.0018273760177338555
7399.660573621359
5299.603409927227
-9.602176449271674
-9.199752633164874
-9.006033670572524
-9.113914376528985
-9.487170966316016
-9.351838711881305
-9.538077841212848
-9.34278822935594
-9.314831414528468
-9.75807381065958
-9.280837611522916
-9.231575606572237
-9.051857644669267
-9.380071086332189
-9.784300837059568
-9.228221682496265
-9.053321238963134
-9.556226086420317
-9.461307772505307
-8.985919593981421
-9.844833734417106
-9.803413910433756
-9.284043379777907
-9.798631177522727
-10.247221756943791
-10.237731004601947
-9.520842847628344
-10.246015874791489
-9.927190580212798
-9.993153496439426


18
6
1.2213636043331335
4010.149717653088
4823.930398954188
40.28328337181812
1
-9.608574915019146
1.629240941026917E-4
1
0.4004689463177032
0.0018398321352978617
7399.661527035556
5299.603336035635
-9.61016599070626
-9.200368155583147
-9.00583282506576
-9.079813417059382
-9.490527696511943
-9.351398065677705
-9.53894359984937
-9.342615502659056
-9.318171980691648
-9.758110689924917
-9.28122662436532
-9.242147344936777
-9.051838415991238
-9.383299793561575
-9.780869668446085
-9.229293313668755
-9.04141853320338
-9.555340749624003
-9.461269510982937
-8.982782819696787
-9.842247426601322
-9.801091122994658
-9.271633985914512
-9.798715059165426
-10.243110118144745
-10.242694036485501
-9.554045361614781
-10.254990444090382
-9.928924935695113
-9.993618284857734


13
1
9.669996739344233
4171.467598595613
5379.2577327535855
54.39529544579156
1
-9.688870451820332
9.842610770833845E-4
1
0.40093231420825065
0.001177365566192164
7399.532821782162
5299.625108938219
-8.491118758463296
-9.086926949387287
-9.04130021898369
-8.960088092831205
-8.998915652388956
-9.414788222127191
-9.426248611104198
-9.35837798002308
-8.878199169176769
-9.755415447253206
-9.221360465105683
-9.60240527139997
-9.075848019347315
-8.930039438325345
-10.516460765764077
-8.0
-8.926901028277818
-9.666790087212064
-9.471196887799564
-9.403328574315172
-10.180114115811334
-10.136742041369672
-10.46166023434279
-9.785125712213521
-10.779951166818815
-9.425567040606584
-9.277389743512476
-8.9576258940176
-9.714457499990681
-10.116780546424609


18
8
1.197953998858233
4011.2133042759883
4821.591077996735
40.207389531130396
1
-9.767140501655597
1.7540095502975318E-4
1
0.40046724184269145
0.001841834929984269
7399.661635208592
5299.603196912501
-9.6105086920009
-9.2010774264852
-9.005986226188288
-9.326916533852222
-9.48859564025172
-9.351425541611412
-9.539063050420813
-9.342431499086771
-9.318788895511437
-9.75816335829456
-9.281128140930482
-9.166247504208817
-9.052326197323692
-9.383581591861882
-9.780818915881678
-9.233333742068012
-9.107596993772734
-9.55507040640259
-9.461367013480192
-8.982248818249142
-9.841618412171488
-9.801278290431405
-9.294130704095622
-9.798252800320194
-10.242167184841454
-10.251951938125279
-9.400904610638287
-10.253445402718988
-9.929572344254241
-9.990067676368529


18
8
1.4369811280806108
4008.7934916811178
4831.0438829019395
40.73831616235298
1
-9.757405769970644
1.8470426657525872E-4
1
0.4004807674366918
0.0018106999483846241
7399.658907563392
5299.603492246398
-9.58954396331297
-9.198989574304592
-9.006056542708448
-9.073816137204119
-9.484216777902747
-9.352459781878125
-9.536462402306729
-9.343391359079517
-9.30855765394574
-9.757919352054333
-9.28043529162616
-9.259738209038225
-9.051015395354096
-9.37485237910202
-9.787647293050707
-9.230498779446622
-9.036805464883614
-9.558054987030218
-9.461186336979132
-8.991623033818204
-9.849884508772684
-9.806576439667253
-9.290366570518962
-9.798993944827862
-10.255214046825344
-10.223193200434714
-9.584005292183686
-10.234346259716917
-9.923354195324938
-10.005918940833292


4
1
9.8181443859463
4046.841327167267
5221.050650181478
56.87837472547931
1
-9.802802289670359
9.995883362296453E-4
1
0.4009347726506306
8.823451695601352E-4
7399.546289058779
5299.61529304065
-8.658571506930794
-9.113492952410006
-9.056588638283234
-8.983962836111195
-9.13871297121125
-9.402775212355145
-9.43368990880718
-9.367466221067023
-8.908653315871824
-9.752479460334502
-9.237679122462952
-9.721011575290241
-9.042355092519552
-8.995503495917937
-10.193542371391901
-8.989242979324034
-8.950116182588479
-9.666345021123533
-9.463430163755405
-9.366066848364717
-10.162831234512694
-10.070774307575915
-10.227427386142518
-9.79954556482017
-10.751506480238199
-9.444888226617989
-9.304025836232148
-9.259958108214473
-9.708434173512247
-10.317916212225663


13
1
9.669996739344233
4171.467598595613
5379.2577327535855
54.39529544579156
1
-9.688870451820332
9.842610770833845E-4
1
0.40093231420825065
0.001177365566192164
7399.532821782162
5299.625108938219
-8.491118758463296
-9.086926949387287
-9.04130021898369
-8.960088092831205
-8.998915652388956
-9.414788222127191
-9.426248611104198
-9.35837798002308
-8.878199169176769
-9.755415447253206
-9.221360465105683
-9.60240527139997
-9.075848019347315
-8.930039438325345
-10.516460765764077
-8.0
-8.926901028277818
-9.666790087212064
-9.471196887799564
-9.403328574315172
-10.180114115811334
-10.136742041369672
-10.46166023434279
-9.785125712213521
-10.779951166818815
-9.425567040606584
-9.277389743512476
-8.9576258940176
-9.714457499990681
-10.116780546424609


19
8
1.6756370952926685
4020.6665830485445
4855.79742701891
41.01549630406843
1
-8.95862502312692
2.0244432899503263E-4
1
0.4004929464627758
0.0018076827820457779
7399.654428409376
5299.604495389284
-9.547758557047231
-9.19252508490966
-9.565602638082792
-9.069068980478015
-9.46267997287558
-9.354959316838112
-9.53279643833942
-9.343359650378785
-9.294084713524619
-9.75800009558167
-9.27780224047411
-9.250865178200788
-9.053517119006374
-9.358016792274162
-9.814900170666437
-9.20020712095753
-9.041401390894217
-9.56148759223304
-9.46189601879947
-9.00592571033135
-9.86069879566397
-9.820134391082275
-9.340355646613698
-9.79781723224246
-10.272387394097933
-10.198020825941285
-9.392060252486761
-10.182188873426625
-9.917424665236835
-9.995562057828856


13
1
9.669996739344233
4171.467598595613
5379.257732753585
54.39529544579156
1
-9.68887045182033
9.885305533048367E-4
1
0.4009323142082506
0.0011773655661921638
7399.532821782162
5299.625108938219
-8.491118758463296
-9.086926949387285
-9.04130021898369
-8.960088092831205
-8.998915652388956
-9.414788222127191
-9.426248611104196
-9.35837798002308
-8.878199169176769
-9.755415447253206
-9.221360465105683
-9.60240527139997
-9.075848019347315
-8.930039438325345
-10.516460765764077
-8.0
-8.926901028277818
-9.666790087212064
-9.471196887799564
-9.40332857431517
-10.180114115811334
-10.13674204136967
-10.46166023434279
-9.78512571221352
-10.779951166818815
-9.425567040606584
-9.277389743512476
-8.9576258940176
-9.71445749999068
-10.116780546424609


13
1
9.669996739344233
4171.467598595613
5379.2577327535855
54.39529544579156
1
-9.688870451820332
9.842610770833845E-4
1
0.40093231420825065
0.001177365566192164
7399.532821782162
5299.625108938219
-8.491118758463296
-9.086926949387287
-9.04130021898369
-8.960088092831205
-8.998915652388956
-9.414788222127191
-9.426248611104198
-9.35837798002308
-8.878199169176769
-9.755415447253206
-9.221360465105683
-9.60240527139997
-9.075848019347315
-8.930039438325345
-10.516460765764077
-8.0
-8.926901028277818
-9.666790087212064
-9.471196887799564
-9.403328574315172
-10.180114115811334
-10.136742041369672
-10.46166023434279
-9.785125712213521
-10.779951166818815
-9.425567040606584
-9.277389743512476
-8.9576258940176
-9.714457499990681
-10.116780546424609


13
1
9.669996739344233
4171.467598595613
5379.2577327535855
54.39529544579156
1
-9.688870451820332
9.842610770833845E-4
1
0.40093231420825065
0.001177365566192164
7399.532821782162
5299.625108938219
-8.491118758463296
-9.086926949387287
-9.04130021898369
-8.960088092831205
-8.998915652388956
-9.414788222127191
-9.426248611104198
-9.35837798002308
-8.878199169176769
-9.755415447253206
-9.221360465105683
-9.60240527139997
-9.075848019347315
-8.930039438325345
-10.516460765764077
-8.0
-8.926901028277818
-9.666790087212064
-9.471196887799564
-9.403328574315172
-10.180114115811334
-10.136742041369672
-10.46166023434279
-9.785125712213521
-10.779951166818815
-9.425567040606584
-9.277389743512476
-8.9576258940176
-9.714457499990681
-10.116780546424609


12
4
10.0
3766.1473784993377
4838.888104512323
62.61287945891469
1
-10.180886348922446
9.907883066647533E-4
1
0.4008889211718827
1.6710995045581169E-4
7399.5799433445245
5299.594211431664
-9.064833326504367
-9.122122313229667
-8.988759089557362
-9.049419868413121
-9.49966519376695
-9.373547740965417
-9.453984916241168
-9.388853318607046
-8.986645740344404
-9.745563332742579
-9.276916591877534
-9.618792595633154
-8.962062367494017
-9.152032124342567
-9.806509024643336
-9.429489845475
-8.950102576280052
-9.666032387752178
-9.444881096908771
-9.273960231731486
-10.118989383437661
-9.913241078303624
-9.656939612210238
-9.833908159929276
-10.677887988686761
-9.50025459784947
-9.34914932627051
-9.9095830015024
-9.696567365114586
-9.949145892521468


14
11
6.983350148546253
3699.977228141636
4698.594921002134
56.59184464814268
1
-9.854768483408732
7.307826589252922E-4
1
0.4008706892190994
4.653000298429999E-4
7399.6206994872655
5299.590529033881
-9.411040172815744
-9.318537236569796
-8.981736220450745
-9.084627981638015
-9.557653421493683
-9.355155410285448
-9.487921770925897
-9.379758845875502
-9.132049990744964
-9.747575166543815
-9.292940751344661
-9.419021254115036
-8.96753107500687
-9.302756824401754
-9.699354229166577
-9.276512743690809
-9.05655764680165
-9.619967089773619
-9.444221940926713
-9.132907427636926
-10.00033027071709
-9.798394762817049
-9.314797782355388
-9.833424440447594
-10.49608002353601
-9.789737894739043
-9.382754861081441
-10.222340743649832
-9.776245135068631
-9.924769795980312


18
8
1.394728707200327
4009.174786310731
4829.805381272064
40.647230476695654
1
-9.71906533072997
1.803012211640792E-4
1
0.40047844442218455
0.0018166724778192797
7399.6594074695495
5299.603469441164
-9.593423392995053
-9.199213880649623
-9.03255442616182
-9.074135367637213
-9.485333505093548
-9.352262983891862
-9.536940981628474
-9.343231767514734
-9.310409164504323
-9.75795933153784
-9.280575409249023
-9.25630141935441
-9.051205570838208
-9.376443507052523
-9.786492128311647
-9.229966930292262
-9.037563011828562
-9.55752682286851
-9.461209442551342
-8.989929319622865
-9.848408206216893
-9.8055652511795
-9.28686866673197
-9.798927632707402
-10.252874380806258
-10.226957433672357
-9.576666041124737
-10.238144831524155
-9.924447786793698
-10.00330351759654


18
8
1.6616072333969014
4020.0926296601797
4854.499264245298
40.99710340831314
1
-8.996604923150903
2.0133839995204077E-4
1
0.40049222216391067
0.0018081317689594251
7399.654677086631
5299.604444148698
-9.550039269795581
-9.192859154252044
-9.538979749219187
-9.069322019244984
-9.463811394869163
-9.35482464952142
-9.533003435967228
-9.343353263318102
-9.294900031978884
-9.757998059637108
-9.277940745326848
-9.251136689183907
-9.053401669618104
-9.358937107488988
-9.813481341867222
-9.201693463241027
-9.041209684521329
-9.561289773123534
-9.461861728011618
-9.005126776721731
-9.860084946879564
-9.819406740967716
-9.337684259881325
-9.797872690768559
-10.271412824119759
-10.199466053735856
-9.401280317922824
-10.184983572330724
-9.917775432354148
-9.995948702073088


13
1
9.669996739344233
4171.467598595613
5379.2577327535855
54.39529544579156
1
-9.688870451820332
9.842610770833845E-4
1
0.40093231420825065
0.001177365566192164
7399.532821782162
5299.625108938219
-8.491118758463296
-9.086926949387287
-9.04130021898369
-8.960088092831205
-8.998915652388956
-9.414788222127191
-9.426248611104198
-9.35837798002308
-8.878199169176769
-9.755415447253206
-9.221360465105683
-9.60240527139997
-9.075848019347315
-8.930039438325345
-10.516460765764077
-8.0
-8.926901028277818
-9.666790087212064
-9.471196887799564
-9.403328574315172
-10.180114115811334
-10.136742041369672
-10.46166023434279
-9.785125712213521
-10.779951166818815
-9.425567040606584
-9.277389743512476
-8.9576258940176
-9.714457499990681
-10.116780546424609


12
4
10.0
3766.1473784993377
4838.888104512323
62.61287945891469
1
-10.180886348922446
9.907883066647533E-4
1
0.4008889211718827
1.6710995045581169E-4
7399.5799433445245
5299.594211431664
-9.064833326504367
-9.122122313229667
-8.988759089557362
-9.049419868413121
-9.49966519376695
-9.373547740965417
-9.453984916241168
-9.388853318607046
-8.986645740344404
-9.745563332742579
-9.276916591877534
-9.618792595633154
-8.962062367494017
-9.152032124342567
-9.806509024643336
-9.429489845475
-8.950102576280052
-9.666032387752178
-9.444881096908771
-9.273960231731486
-10.118989383437661
-9.913241078303624
-9.656939612210238
-9.833908159929276
-10.677887988686761
-9.50025459784947
-9.34914932627051
-9.9095830015024
-9.696567365114586
-9.949145892521468


18
8
1.2719379973180427
3858.598832223978
4825.767172985142
40.36823002877908
1
-9.760204234735575
1.7386995766149925E-4
1
0.40047150229447037
0.0018299065140456932
7399.6607641388455
5299.603362075095
-9.60363672454873
-9.200037770283455
-9.006036477604859
-9.170795528657592
-9.487272228526578
-9.3517695210909
-9.538255753435246
-9.342713624119805
-9.31555695839381
-9.758092997942434
-9.280880636139619
-9.2144925645636
-9.051973369677372
-9.380696771582976
-9.783689206017698
-9.229427861091823
-9.067769229966865
-9.556007607826032
-9.461324954137215
-8.985248918867015
-9.844234744498378
-9.803059350450516
-9.28751119245132
-9.798531415598324
-10.24628369588968
-10.24088505704926
-9.488518323547082
-10.247181331707187
-9.927647118887094
-9.99232963777542


14
11
6.983350148546253
3699.977228141636
4698.594921002134
56.59184464814268
1
-9.854768483408732
7.307826589252922E-4
1
0.4008706892190994
4.653000298429999E-4
7399.6206994872655
5299.590529033881
-9.411040172815744
-9.318537236569796
-8.981736220450745
-9.084627981638015
-9.557653421493683
-9.355155410285448
-9.487921770925897
-9.379758845875502
-9.132049990744964
-9.747575166543815
-9.292940751344661
-9.419021254115036
-8.96753107500687
-9.302756824401754
-9.699354229166577
-9.276512743690809
-9.05655764680165
-9.619967089773619
-9.444221940926713
-9.132907427636926
-10.00033027071709
-9.798394762817049
-9.314797782355388
-9.833424440447594
-10.49608002353601
-9.789737894739043
-9.382754861081441
-10.222340743649832
-9.776245135068631
-9.924769795980312


13
12
7.837153607888617
3617.900649783806
4654.532908948417
60.400458945234774
1
-10.072789792349568
8.571522759585166E-4
1
0.400962134284798
1.325700747338983E-4
7399.613243392
5299.586837386027
-9.385632476816507
-9.351242397734781
-8.97485488253562
-9.089478466493425
-9.585513857253716
-9.354693770518871
-9.477528929419867
-9.388797657107908
-9.094793410742636
-9.744971718352414
-9.29723566697285
-9.458034247003459
-8.945685386578102
-9.292498923104258
-9.66447788015661
-9.306685821323697
-9.061376976141261
-9.633794359112468
-9.439691310975086
-9.161492241962758
-10.032766747220448
-9.790200525042849
-9.298786150336747
-9.842500475088162
-10.548082372773143
-9.69351082096519
-9.381380918881863
-10.242883619089309
-9.7424228242274
-9.906002851308438


13
12
7.837153607888617
3617.900649783806
4654.532908948417
60.400458945234774
1
-10.072789792349568
8.571522759585166E-4
1
0.400962134284798
1.325700747338983E-4
7399.613243392
5299.586837386027
-9.385632476816507
-9.351242397734781
-8.97485488253562
-9.089478466493425
-9.585513857253716
-9.354693770518871
-9.477528929419867
-9.388797657107908
-9.094793410742636
-9.744971718352414
-9.29723566697285
-9.458034247003459
-8.945685386578102
-9.292498923104258
-9.66447788015661
-9.306685821323697
-9.061376976141261
-9.633794359112468
-9.439691310975086
-9.161492241962758
-10.032766747220448
-9.790200525042849
-9.298786150336747
-9.842500475088162
-10.548082372773143
-9.69351082096519
-9.381380918881863
-10.242883619089309
-9.7424228242274
-9.906002851308438


13
1
9.669996739344233
4171.467598595613
5379.2577327535855
54.39529544579156
1
-9.688870451820332
9.842610770833845E-4
1
0.40093231420825065
0.001177365566192164
7399.532821782162
5299.625108938219
-8.491118758463296
-9.086926949387287
-9.04130021898369
-8.960088092831205
-8.998915652388956
-9.414788222127191
-9.426248611104198
-9.35837798002308
-8.878199169176769
-9.755415447253206
-9.221360465105683
-9.60240527139997
-9.075848019347315
-8.930039438325345
-10.516460765764077
-8.0
-8.926901028277818
-9.666790087212064
-9.471196887799564
-9.403328574315172
-10.180114115811334
-10.136742041369672
-10.46166023434279
-9.785125712213521
-10.779951166818815
-9.425567040606584
-9.277389743512476
-8.9576258940176
-9.714457499990681
-10.116780546424609


18
6
1.227160858238195
4010.0931744163845
4824.0839670863825
40.29588478462312
1
-9.608820558931818
1.6352230921278324E-4
1
0.40046925423341206
0.0018390718248249803
7399.661459285943
5299.603336805138
-9.609642974920407
-9.200327612895723
-9.00583614166045
-9.07559591767402
-9.490383139527724
-9.351424398635345
-9.53887853571806
-9.342637830922211
-9.317920013293598
-9.758105065587698
-9.28120826424485
-9.24235991745413
-9.051810589754377
-9.38308500414521
-9.780912799570942
-9.23014962908045
-9.041538982567488
-9.553555465648639
-9.461265943935295
-8.983012910344385
-9.842448810955412
-9.801227322434444
-9.27217107218597
-9.798724271299163
-10.243428828397981
-10.24219428380908
-9.553559966686313
-10.254486296560865
-9.928774864694592
-9.993666323990377


18
8
1.6039614360340548
4018.7730325274174
4850.457388304774
40.90387148199325
1
-9.088454572251507
1.9642000105442762E-4
1
0.40048917329244194
0.0018122606057961064
7399.655575704145
5299.604297279546
-9.557933470216227
-9.193854863364061
-9.007569124095667
-9.070154236925188
-9.467320622040292
-9.354374538727175
-9.533781997080315
-9.343257604061025
-9.297951361535812
-9.758012493047339
-9.278372929009265
-9.249551665624281
-9.053193436063028
-9.36213607788105
-9.809178880276981
-9.205003206726758
-9.04161019323252
-9.56051020047941
-9.461783326382612
-9.002195874577396
-9.857746440881716
-9.816999173136143
-9.32913159336363
-9.797982923774727
-10.26770264807237
-10.205177098226637
-9.417855636092556
-10.194178484890212
-9.919235175429478
-9.995417135785052


17
8
1.4933564617366573
4008.1921292106554
4829.704353113318
40.8536930907691
1
-9.752917228498639
2.0338752820361954E-4
1
0.40048300914262547
0.0018032717467590558
7399.6582107073555
5299.603258917784
-9.584154627115586
-9.198920120300736
-9.006127272296554
-9.073453571098794
-9.481651274303745
-9.352744927724586
-9.535771682103817
-9.343584975567717
-9.306016876182714
-9.75787174641474
-9.28022152002167
-9.189655440683596
-9.050845379016051
-9.372735000748468
-9.782996004800074
-9.27571116088497
-9.102562217779534
-9.465353689936517
-9.461171326012115
-8.993907004316783
-9.851849202047317
-9.808094874139865
-9.317364564301098
-9.79879344564253
-10.258349595455062
-10.22527341944622
-9.402164331873406
-10.228356378356027
-9.921918448060987
-9.993078074232807


14
1
9.928951059515061
4196.087832293756
5422.145507532709
54.48222841333549
1
-9.667847272162282
0.0010
1
0.40094738275275904
0.002518111880362165
7399.841821686986
5299.627368639766
-8.427932518881985
-9.079031589775933
-9.044871422960178
-8.952151567385098
-8.960857420542132
-9.418758438798987
-9.421337452495433
-9.357499479257712
-8.858818554616464
-9.755779176002028
-9.216842839983387
-9.594423894229124
-9.081824687747051
-8.904817516066743
-10.590896733606307
-8.0
-8.922174307472176
-9.67059155823544
-9.472727993533383
-9.423108244941632
-10.194050720864762
-10.158148870978682
-10.538337669267456
-9.782438454447528
-10.802245351385624
-9.395393283031414
-9.269243398937238
-8.872094733417558
-9.708235945216138
-10.178930633201874


12
1
9.67599737156526
4157.065586019128
5360.531227123571
54.6597939707351
1
-9.701914134798818
9.855240438799919E-4
1
0.4009320189031097
0.0011438652153591801
7399.773400986064
5299.62396025474
-8.511621511643229
-9.090125610771626
-9.03949503767183
-8.963245923863022
-9.015452193512322
-9.41333924190428
-9.42724006996127
-9.359392218162503
-8.882231433519587
-9.755084702569592
-9.223295103373687
-9.615649013713313
-9.072004855643929
-8.938075829201955
-10.47895678158068
-8.116880798830778
-8.929750355391018
-9.666595351888319
-9.470300034881816
-9.398545692235048
-10.17771171868103
-10.128798090893948
-10.433487737200071
-9.786784320250613
-10.776022731461692
-9.42882736647583
-9.280565969815529
-8.990407993206947
-9.714047725727324
-10.140092000700317


5
3
8.886043568361835
4035.2022832777157
5168.114838434664
55.21431677102568
1
-9.80830217729409
9.144112467350046E-4
1
0.400884038849683
4.2810626820362254E-4
7399.5597286994525
5299.613316145393
-8.772975432409657
-9.12477133643547
-9.022705023497931
-8.997892697210602
-9.185947231131179
-9.396415530564159
-9.445673464444607
-9.365303087889014
-8.955347950947607
-9.752915918498395
-9.243444997394795
-9.681933336333307
-9.041338318304414
-9.041938837336883
-10.129377411737288
-9.056251289508445
-8.95340973713495
-9.654115524344071
-9.46271771739765
-9.321838836983341
-10.126686343165844
-10.037137990806679
-10.106049923292067
-9.800356105849723
-10.69413162124796
-9.533239290996882
-9.315925438182402
-9.359890685068583
-9.732197443786012
-10.018802108845037


12
4
9.977650749777506
3842.573058105904
4940.556550570932
61.03413709316186
1
-10.08571731728293
9.885941144022136E-4
1
0.40089702436603336
3.5961811226211613E-4
7399.5711892028985
5299.59999641053
-8.957722742054944
-9.11622244576513
-8.998670622720272
-9.032666522556038
-9.404967278443241
-9.381276381741536
-9.448863841183643
-9.383052096366137
-8.966701585164827
-9.74743497346559
-9.266470649395501
-9.61950052241816
-8.983612720330578
-9.110661999863682
-9.936163788725546
-9.14237487143162
-8.94721820518117
-9.665977423676697
-9.449856764625075
-9.29786513321746
-10.130080381765255
-9.955227659910355
-9.808030297029221
-9.824677885034866
-10.696464365231733
-9.487249492722865
-9.337389964199717
-9.730885056775334
-9.700269381706748
-9.962467716814743


18
7
1.5708303348926116
4018.2339438869103
4848.4480114223115
40.84671417663577
1
-9.108089003610733
1.9326989002788135E-4
1
0.400487411143687
0.0018150987030980724
7399.656067159014
5299.604228221051
-9.562167965247031
-9.194333392522712
-9.007443357981218
-9.07058617985065
-9.46911793590847
-9.354136867213384
-9.534215437555092
-9.34318853403134
-9.299644392411329
-9.758025427918474
-9.278593362510689
-9.249148161068888
-9.053127580498053
-9.363853889951866
-9.807042252080679
-9.206907767699605
-9.041147216228833
-9.560069255221876
-9.461750969111467
-9.00058377771984
-9.856440571276963
-9.815736305406794
-9.324399108989759
-9.798026356042019
-10.265630541610275
-10.208300380950227
-9.43006220315883
-10.199005795764869
-9.920077712473512
-9.995127062961071


12
4
9.977650749777506
3842.573058105904
4940.556550570932
61.03413709316186
1
-10.08571731728293
9.885941144022136E-4
1
0.40089702436603336
3.5961811226211613E-4
7399.5711892028985
5299.59999641053
-8.957722742054944
-9.11622244576513
-8.998670622720272
-9.032666522556038
-9.404967278443241
-9.381276381741536
-9.448863841183643
-9.383052096366137
-8.966701585164827
-9.74743497346559
-9.266470649395501
-9.61950052241816
-8.983612720330578
-9.110661999863682
-9.936163788725546
-9.14237487143162
-8.94721820518117
-9.665977423676697
-9.449856764625075
-9.29786513321746
-10.130080381765255
-9.955227659910355
-9.808030297029221
-9.824677885034866
-10.696464365231733
-9.487249492722865
-9.337389964199717
-9.730885056775334
-9.700269381706748
-9.962467716814743


12
4
9.977650749777506
3842.573058105904
4940.556550570932
61.03413709316186
1
-10.08571731728293
9.885941144022136E-4
1
0.40089702436603336
3.5961811226211613E-4
7399.5711892028985
5299.59999641053
-8.957722742054944
-9.11622244576513
-8.998670622720272
-9.032666522556038
-9.404967278443241
-9.381276381741536
-9.448863841183643
-9.383052096366137
-8.966701585164827
-9.74743497346559
-9.266470649395501
-9.61950052241816
-8.983612720330578
-9.110661999863682
-9.936163788725546
-9.14237487143162
-8.94721820518117
-9.665977423676697
-9.449856764625075
-9.29786513321746
-10.130080381765255
-9.955227659910355
-9.808030297029221
-9.824677885034866
-10.696464365231733
-9.487249492722865
-9.337389964199717
-9.730885056775334
-9.700269381706748
-9.962467716814743


17
8
1.4943297877891293
4007.4470476538168
4829.075589306114
40.868807433732016
1
-9.772334168174535
2.0201119699143075E-4
1
0.40048319556363465
0.0018014627290137484
7399.65829009964
5299.603208519371
-9.58514600969706
-9.199153370344035
-9.006035018031378
-9.0736099209536
-9.482516407169213
-9.352673680245278
-9.53581629713776
-9.343639674659922
-9.306194901308968
-9.757854116125065
-9.280318525589292
-9.198569626606162
-9.050644309290472
-9.373117445080132
-9.782548500744374
-9.268881973243875
-9.096783684542228
-9.474211651970082
-9.461124870689797
-8.99369028968036
-9.851750431031183
-9.807692415655554
-9.314019388824887
-9.798904353297596
-10.258186603255819
-10.22469268063038
-9.395890822333243
-10.229982084639866
-9.921879388018874
-9.992938435682724


13
1
9.669996739344233
4171.467598595613
5379.2577327535855
54.39529544579156
1
-9.688870451820332
9.842610770833845E-4
1
0.40093231420825065
0.001177365566192164
7399.532821782162
5299.625108938219
-8.491118758463296
-9.086926949387287
-9.04130021898369
-8.960088092831205
-8.998915652388956
-9.414788222127191
-9.426248611104198
-9.35837798002308
-8.878199169176769
-9.755415447253206
-9.221360465105683
-9.60240527139997
-9.075848019347315
-8.930039438325345
-10.516460765764077
-8.0
-8.926901028277818
-9.666790087212064
-9.471196887799564
-9.403328574315172
-10.180114115811334
-10.136742041369672
-10.46166023434279
-9.785125712213521
-10.779951166818815
-9.425567040606584
-9.277389743512476
-8.9576258940176
-9.714457499990681
-10.116780546424609


14
11
6.983350148546253
3699.977228141636
4698.594921002134
56.59184464814268
1
-9.854768483408732
7.307826589252922E-4
1
0.4008706892190994
4.653000298429999E-4
7399.6206994872655
5299.590529033881
-9.411040172815744
-9.318537236569796
-8.981736220450745
-9.084627981638015
-9.557653421493683
-9.355155410285448
-9.487921770925897
-9.379758845875502
-9.132049990744964
-9.747575166543815
-9.292940751344661
-9.419021254115036
-8.96753107500687
-9.302756824401754
-9.699354229166577
-9.276512743690809
-9.05655764680165
-9.619967089773619
-9.444221940926713
-9.132907427636926
-10.00033027071709
-9.798394762817049
-9.314797782355388
-9.833424440447594
-10.49608002353601
-9.789737894739043
-9.382754861081441
-10.222340743649832
-9.776245135068631
-9.924769795980312




0.535299, 0.2504429, 3.0, 0
0.5325572, 0.2508155, 3.0, 0
0.5034804, 0.2610722, 3.0, 0
1.842417, 0.1607731, 3.0, 0
0.5017321, 0.2614805, 3.0, 0
1.842417, 0.1607731, 3.0, 0
1.418144, 0.1668635, 3.0, 0
1.842417, 0.1607731, 3.0, 0
0.5109099, 0.2593783, 3.0, 0
0.5294445, 0.2514839, 3.0, 0
0.5217922, 0.2544268, 3.0, 0
1.291826, 0.1689401, 3.0, 0
0.5325572, 0.2508155, 3.0, 0
0.5213069, 0.2551524, 3.0, 0
1.842417, 0.1607731, 3.0, 0
0.5471127, 0.2484846, 3.0, 0
0.5303101, 0.2512416, 3.0, 0
0.5099185, 0.2605291, 3.0, 0
0.5189833, 0.2562907, 3.0, 0
0.5213069, 0.2551524, 3.0, 0
0.5109099, 0.2593783, 3.0, 0
1.287247, 0.17445, 3.0, 0
0.5109099, 0.2593783, 3.0, 0
1.842417, 0.1607731, 3.0, 0
1.236571, 0.1782616, 3.0, 0
1.064213, 0.1883369, 3.0, 0
1.842417, 0.1607731, 3.0, 0
0.5502667, 0.2476237, 3.0, 0
1.792896, 0.1618702, 3.0, 0
1.441598, 0.1667269, 3.0, 0
1.446944, 0.1663553, 3.0, 0
0.4939277, 0.2635362, 3.0, 0
1.159587, 0.1813863, 3.0, 0
1.842417, 0.1607731, 3.0, 0
1.842417, 0.1607731, 3.0, 0
1.798616, 0.1618179, 3.0, 0
0.5356889, 0.2504387, 3.0, 0
0.5034804, 0.2610722, 3.0, 0
1.441598, 0.1667269, 3.0, 0
0.5408203, 0.2494996, 3.0, 0
0.5213069, 0.2551524, 3.0, 0
0.5034804, 0.2610722, 3.0, 0
1.201802, 0.1807101, 3.0, 0
1.064213, 0.1883369, 3.0, 0
0.5303101, 0.2512416, 3.0, 0
1.842417, 0.1607731, 3.0, 0
0.5213069, 0.2551524, 3.0, 0
1.441598, 0.1667269, 3.0, 0
1.284905, 0.1747451, 3.0, 0
1.700069, 0.1633389, 3.0, 0
0.5964156, 0.240564, 3.0, 0
0.5034773, 0.2610739, 3.0, 0
0.48369, 0.267412, 3.0, 0
0.5213069, 0.2551524, 3.0, 0
0.5034804, 0.2610722, 3.0, 0
1.291826, 0.1689401, 3.0, 0
1.064213, 0.1883369, 3.0, 0
1.441598, 0.1667269, 3.0, 0
0.5258382, 0.2522725, 3.0, 0
0.5099185, 0.2605291, 3.0, 0
1.463374, 0.1658574, 3.0, 0
0.48369, 0.267412, 3.0, 0
1.842417, 0.1607731, 3.0, 0
1.402562, 0.1683839, 3.0, 0
1.842417, 0.1607731, 3.0, 0
0.5034804, 0.2610722, 3.0, 0
0.5084755, 0.2608179, 3.0, 0
1.842417, 0.1607731, 3.0, 0
0.4835339, 0.2679858, 3.0, 0
0.5139191, 0.2581614, 3.0, 0
1.460275, 0.1659845, 3.0, 0
1.842417, 0.1607731, 3.0, 0
0.5408203, 0.2494996, 3.0, 0
1.842354, 0.1607764, 3.0, 0
1.842417, 0.1607731, 3.0, 0
1.842417, 0.1607731, 3.0, 0
1.064213, 0.1883369, 3.0, 0
0.7965409, 0.2097314, 3.0, 0
0.5115387, 0.2586368, 3.0, 0
0.5374231, 0.249668, 3.0, 0
1.842417, 0.1607731, 3.0, 0
1.064213, 0.1883369, 3.0, 0
0.4939277, 0.2635362, 3.0, 0
0.7965409, 0.2097314, 3.0, 0
0.8636935, 0.204185, 3.0, 0
0.8636935, 0.204185, 3.0, 0
1.842417, 0.1607731, 3.0, 0
0.5092856, 0.2606555, 3.0, 0
0.5356889, 0.2504387, 3.0, 0
0.5204457, 0.2552551, 3.0, 0
1.928168, 0.1595956, 3.0, 0
1.792896, 0.1618702, 3.0, 0
1.284905, 0.1747451, 3.0, 0
1.150751, 0.1818417, 3.0, 0
0.5325572, 0.2508155, 3.0, 0
1.150751, 0.1818417, 3.0, 0
1.150751, 0.1818417, 3.0, 0
0.5213069, 0.2551524, 3.0, 0
1.842417, 0.1607731, 3.0, 0
0.7965409, 0.2097314, 3.0, 0

