100
24
7
3
5.958874867635025
8.92321328821571
3.4964538925410653
90.72644172429656
1
2.3110627994487603
0.4135075395093768
3
6.945769174005613
150.3197169195562
3.3036766679370633
0.27459014843491336
2
3.816662413789768
81.17019157665881
7.216489316935202
1.9226484577240077
2
6.2199257958181775
87.37683963304829
8.856022062854572
9.488564115431453


7
3
10.885509172646515
4.455135415334642
5.59601509282253
14.004033811430252
0
2.6475598757699075
1.7826543979196356
1
6.146199145842103
156.42777230257525
3.559073392717603
3.744074777166897
2
8.638047386789651
52.29243260216872
0.35620099533581917
1.968775087747251
3
0.15285054952070776
64.54475162834665
7.015650222329332
6.982614020390909


6
14
10.286930928233993
3.666075454400273
5.350090537521086
113.99854862926628
0
2.5641724323619925
1.449542260008191
1
4.803532335924371
61.24742827336449
6.679430744481828
2.3742897789130115
1
7.035877019025469
74.0276875275351
5.346426816084905
6.9357599982527205
1
4.845895799515669
32.58976445278758
5.972579236250998
0.35521308126502227


9
20
4.476149580057534
6.638376868233715
2.4421168175067285
98.2404409508179
0
1.9186516427336087
0.7350673528496017
2
5.6572126463552665
155.0508013028714
7.382961458245957
3.8358597690071274
1
4.9259507267236256
149.53262763739463
9.432509554165577
3.3568484823752245
1
8.816397456319564
78.49289079066821
7.6954395052028595
0.26375153135452134


15
10
19.954474684162683
5.275604776423734
2.611066839043783
144.406902269671
0
1.3453127512133845
1.5035091218955636
3
7.396823100934579
46.25713654727083
3.2852295965742426
2.2392598377686124
1
4.236557574803696
71.09942221409321
5.198949132885879
1.6202396925612528
3
2.978095665430378
134.77068873785393
9.830096240327308
2.197232330138373


12
12
0.14821332540469134
7.283227977786602
8.169976172594255
77.6601230961913
0
1.3789976156351345
1.5223322293323078
3
2.1984004181442893
178.50742667465647
6.219645182229447
7.255603919043406
1
5.540006909971883
14.686374429573913
4.133551400460309
4.423372199601526
3
2.567100067466158
27.98536836783298
7.894169139352931
4.869519473891101


13
2
4.660988485783674
3.5125830363944424
1.6689967587509962
171.5011618240219
0
2.24309939809949
1.548551621592506
2
0.018564864713778162
100.00460826063745
8.44077330115264
5.932746013229735
2
6.504472602670424
74.83919926300565
9.136887693539888
4.485020101124812
1
6.4506659896071366
160.77056253555537
2.979363375767383
6.932900846478599


5
4
7.041682087981071
9.168119157122756
8.202984475657601
62.139469787737944
1
1.3016501935735545
1.1416595484345955
2
4.646460248864383
55.11938805591608
8.710453428941392
2.2066931472014204
1
1.166147396110051
90.00289918770385
0.9770691364984996
6.5152037773723706
3
8.818784325056212
37.37271229818922
9.961614061804433
7.01196255559444


18
7
1.0680067374108426
3.377923515441016
6.8636170139880495
6.378001433119939
0
1.175470776764722
0.20311523394410047
1
6.513507405994579
48.261719242414785
3.2667339727153264
9.108333125866762
2
5.021712205262902
28.224284566001153
3.689830088540008
8.442911047422045
3
8.258582641826191
122.70806292948107
1.219042322600029
2.057775574000492


6
7
5.54569707307712
5.627529924821032
1.8360426629831554
73.01399408962874
0
1.5223830782162588
1.2423974527766857
3
7.260970804276747
70.01787805708463
6.675616440433627
8.665470444346331
3
0.9411165660197718
123.24511327108215
3.9239282637126225
6.901632525658165
3
9.211540724603447
104.93529064428766
0.8577248441625307
9.022395803358986


19
10
17.623332797178882
5.557006483173414
5.640060745151264
57.755324808872224
0
1.481485046897953
1.36961892385818
3
1.0653364075203764
135.55316894659086
7.565614974611529
4.500180121030205
1
0.9006717991336366
130.98585892351383
9.231853551709206
1.9727085707839753
1
0.8135161538454494
131.54378283205583
4.445275032511954
4.853675847022454


10
5
4.62277952538172
2.6213257522390894
2.015834034909365
31.65253948748307
1
1.7814880632045924
1.014703847744915
1
7.721502210912026
45.28027300502474
4.245125513488743
2.1214693932308637
1
8.536456814443637
136.42009299032244
0.30585172343546185
6.186489093975361
1
8.117584615977936
68.95749803850278
9.25223764663339
9.810389311345428


2
9
4.385260421766954
7.1140157935552475
9.954130680121256
173.04648051365987
1
1.513116887461119
0.37312738065032014
3
2.4837827162307367
37.79319812040177
5.2026104656084895
1.913254800518145
2
7.51803648087372
120.8395035453928
2.159259966607947
2.7813054066119616
2
0.6996912939072308
115.6544794562445
0.0012944465529851623
9.097668008046924


1
3
4.133049528749753
7.054092798603179
1.3710990463492527
153.03153037173027
1
2.5655719800216827
0.5782180733178972
2
7.664723695754407
85.06685899314127
9.489592564813622
9.81764996187048
3
0.7424923386885207
179.509535939041
9.253154176876096
8.220254927149565
2
3.647115051481258
158.80199912559561
5.124283613251327
7.82275183410629


0
9
7.846790517256577
4.43627417319918
9.927572734555222
144.43449668572165
0
2.727054476084657
0.600022633990646
3
0.9917316406996857
79.92230446088568
1.9864646856882084
0.7135673994036817
1
5.348765579500676
39.71564867123783
9.568310016125025
3.9657988216395523
2
5.929745635416651
124.40728590688312
8.527032120850338
4.271049764570488


19
5
2.1584424962896542
8.344474423061419
3.4929077168524487
124.30914272525304
0
2.449353472496912
0.87073294097113
1
5.721513945387654
105.757531779957
8.551108988427805
9.490631651962456
2
8.552313858651496
129.20022604272242
2.6224758753139668
2.512171162285136
1
1.1541733731513326
150.98394048932082
1.861998155347272
6.502515460045712


19
15
10.759849454611437
7.428579884294454
1.7533495115963729
79.94628156637286
0
2.2764961480879817
0.6366760945337302
2
7.512332881873359
158.54396430640693
6.050331577120346
4.818405243196575
1
9.300077544122441
144.99006309442254
6.432957518332909
2.675601615691088
3
5.700590249035466
136.7339127137257
2.3087291678312516
7.26833398710043


18
7
7.326931993444498
7.244507193822869
2.464933415299329
128.39956667668952
0
1.9374599873772314
0.036866420404316536
1
3.0540707573359738
131.08852686254014
2.274105891409288
0.610928025662345
2
0.7457627780521958
72.61452073581002
8.424517461615507
9.142349202115408
2
9.242504519529156
10.24516324958576
0.8621299742468924
2.2479209181785844


20
2
16.959509843848796
1.9575416776261712
8.850913701000533
99.52685151986596
1
2.102947688799309
1.908120363580494
1
5.456109010944418
149.56136036315036
0.7326335487183289
0.18656729324616372
1
8.545433229726495
145.7142960769074
5.282583948607609
1.274550180460965
2
2.649267749819806
94.70489026817887
6.128544850512742
6.606234183551941


0
7
16.136744290928593
1.9089567967137773
9.643726141680979
112.5472053512713
0
1.8062246233374344
0.31673363174249114
3
1.3930190895300587
92.28914485606563
5.3362124297422495
8.123182014671427
2
9.97341612797614
16.040801258422036
6.751774659992073
6.173878196361948
3
8.271414048341711
35.62843510562518
8.629651164302922
4.871399941910343


0
10
1.1882078064380241
4.545915790778944
6.271480841238099
76.11354631275915
0
2.528018739256389
0.8167210799930109
2
5.008065623607124
0.8140832800780706
9.957921618452886
4.808598580385591
2
8.85852085934966
103.8461789432036
8.379732253943379
1.0030149797316046
1
7.608812467773384
162.10377169745337
0.6141661081139171
9.132648073747252


14
11
15.280578952634386
3.2146538431509746
1.6889862447381079
1.900890485467761
0
1.9454828980340553
1.434618725978435
1
3.5745222762698847
33.21845608625709
7.879115820545417
8.686399329426084
2
1.340569759531628
178.66394776350137
8.206272108941103
9.564936285637039
2
1.3616299648093577
151.55165622763778
6.377365565041026
0.5585619914064133


4
7
3.9199615142978184
2.3169413705427555
9.353304126780372
141.71024774604572
0
2.34521992461356
1.3808488043622136
1
9.914800339472388
49.71486339873713
6.117734252213969
1.197024079782476
1
7.447240725477543
120.48026565408158
2.397842343648059
8.140008682658518
1
6.86410991059554
128.0013605491489
8.08841637386315
9.235641797214129


6
10
8.969828901998708
7.329829577532446
5.843837502575329
138.0881094410187
1
2.7003697908307416
0.48764674306335154
1
6.577389705161719
0.5020273100526507
9.639420646495282
9.414183097632998
2
3.4912239579453166
71.29581509451758
4.8272976784750075
5.5808990513784265
2
7.901160116857756
143.8820792300202
2.1255192367211615
7.32717684088943


12
18
11.184592187485038
3.188676197067327
2.6269469690358433
158.46160164004473
0
1.4117597217784783
0.3735510298354696
3
6.771612285770596
125.88628171594782
0.4514568358720239
1.3765838151353837
2
0.28768918363883955
67.07831696617615
5.598984382117143
2.665296718494079
3
1.9077553696125316
115.32992305313721
0.9188662181974872
0.552434903295338


12
17
11.258796688572925
6.533452691039108
7.465100907355302
142.78922484289228
0
2.7131164949509854
0.3344554178434751
3
7.0601873625286675
158.6686356957783
6.579507899478988
9.114968540057225
3
2.192067305771359
140.10568509383978
3.5191378676842566
5.706448599083414
1
9.551151862756893
121.0105432261985
5.301409185012485
2.9861597363867465


17
14
19.391939205924857
7.318332977985903
5.9705558590349845
134.72724048984412
1
1.7403413046971068
0.9612237831622263
3
6.809611320284084
138.79749492808895
5.927181184592175
4.374466510007084
3
1.9581428322641614
81.69976916888976
7.511593608976859
9.42150593141324
3
1.6959140530778216
74.45740641841556
2.367441645029169
0.17838433542970988


7
14
3.3689147034007982
2.2845638890865487
3.8035678129682475
166.31168415895903
1
1.2648472962907271
0.4838672020635202
3
9.39834677694638
50.28699420270938
0.018395253593022076
2.0322566404819096
2
6.416460583353457
35.350757132588356
1.9788104083327407
4.057684019900379
2
8.751753266129112
119.9256683208763
3.8389925699559893
5.594555398637975


12
11
5.156082448204096
7.796615273735303
8.015135409409874
146.15598801583292
1
1.0909593672869629
0.842283829236683
1
0.18282758955574963
170.40095309930854
2.62256479137808
6.210544468503602
1
7.97304317683258
30.232190080802972
1.1082048984569404
1.7762343156734284
2
7.40418021364401
41.76167121155728
9.94003361735796
5.3759694957674125


18
15
16.012963084716365
2.5416131745133828
6.034273518560405
21.164246043472197
0
1.1173765490885021
0.4835610554021301
1
6.221273851020065
61.102466902348276
8.262595140220622
4.084849641060243
1
6.928422345667534
165.10659907790335
7.123800481984715
7.2942295052873956
3
9.72796970885009
117.28809100597076
3.778496995261349
6.42052295732508


15
8
0.11955785033621158
2.592053054072226
9.79982007714016
121.76008852466653
1
1.0626970432279135
0.8858402572422728
3
2.755320975338964
72.76910995365964
5.605690559903519
2.3876077481481195
2
9.616981331271091
92.62176522093638
7.483186759969847
7.7841600429693
1
9.683436462099273
83.20468685478855
1.2361080671712077
2.7837749628523167


5
12
16.71929067837986
3.331795018530012
7.53677101970057
160.6311993044735
0
1.8550054504299165
1.8087441843532615
2
1.4494596675653448
50.17378228804548
0.7369750955362775
1.6070840417229038
2
7.3666118542083
53.997617706228475
6.019793696129191
7.031344585086318
1
1.9955254585858972
85.5046841338465
1.3660287486940847
5.400320028485714


0
19
10.7775792975198
8.745339226890327
7.677149272587907
34.989431576366904
1
1.685522833203551
0.2703664914792405
1
5.3882902802771495
10.731155295460548
5.315925382504007
2.881598668030997
2
1.2786814155024706
134.1037497818474
3.030475971989329
8.849151272098439
2
8.415713118356692
102.90677607437974
2.2983144524806844
0.12547697184758122


8
20
2.156030112354972
8.570384369857711
8.425403451969732
2.346577177332909
0
1.726318971214312
0.25082417598834117
3
5.831588203798173
5.009766030635905
4.6156166551470035
2.589066319047441
1
7.828314579326133
166.92754319819235
9.308411332731406
4.752033061745278
1
6.366721846315903
93.80276146784779
7.653183016866592
9.097286829179458


20
1
3.3022552259848603
6.813665261791748
5.468339015188337
139.805747817675
0
2.5120874203838595
0.12237219043350933
1
5.727182450836263
149.50972396032606
0.4447805435606367
9.63184605618948
1
0.28498592739697903
21.432950777578807
9.121311657135468
0.8863751018103017
2
4.970047450684896
56.72080637540843
8.462095841728456
0.41882605771221715


13
17
15.455319502202816
7.130073233837116
6.329578847955993
76.86837763325865
1
1.9859827051650467
0.8060807517388129
2
4.981646764986667
21.70604490032821
3.952675180056194
0.4169061491831394
2
0.9534259516774968
177.8098767531157
7.134944590955921
9.219153173886966
1
3.456297418259516
94.30431508989112
5.59665249815434
1.1608306274301783


20
15
13.366807683530684
4.5650569812967134
1.8685569754294518
171.7568591301365
1
2.2095204635561396
1.6550750638891634
3
2.488802433536641
27.357618847796232
3.3167697759510393
6.531299236217073
1
9.234839661860864
164.11418840448707
4.281969990559045
7.984407156954506
1
6.958343697249646
30.8064385134644
7.705297545329537
8.684632715862794


13
15
8.537519760733375
6.160305407518022
7.424042513788967
81.25278972277776
1
1.7365396954880299
1.064337558431585
1
9.916034965239724
150.08177549902774
1.3132388258107097
0.11295160517974967
2
0.5084361940095794
163.29837106057917
7.576088122084538
6.387525412944031
3
4.6872864859281265
113.10021592768389
9.657838139027541
5.2854105274445216


15
20
0.9697908685230594
3.9227105196911967
7.102195002260696
34.05086775793194
0
2.651227695729738
0.8070727272938307
3
2.2484221743680566
133.19452389568113
7.7702704839971055
1.9167635412419581
1
0.8332739652009846
120.63277416587722
8.871498796567206
8.567341211882024
1
5.4912316347922205
5.204319310517187
6.497776976560333
1.1557507159022695


1
15
9.435434664371744
3.656613259933555
3.7091509144167767
37.62839376767857
0
1.2702074477947778
1.0976342051936416
1
0.09067463961821787
103.81635488774837
1.9041878469240858
7.076023348487839
2
2.470414296128125
41.517503395916215
7.567675687849728
1.8160435062912306
3
5.796879352557652
126.32444445679438
7.9024564803686514
0.6695216960368588


18
11
10.259312127583122
6.159328717733535
7.828142488691951
168.63039706823062
1
1.5086875533542
1.3810146827839378
1
8.726889953480924
109.243731136003
9.538381278375299
3.5591333319608887
2
5.225391473777165
129.6849547984728
2.259450990409152
4.056897957029605
2
4.933926525665195
22.410312692262373
8.151013698711612
6.986062091729445


2
8
14.618528013797956
8.27995400946015
6.541145324189744
56.770397092222595
1
1.9106746524528209
1.848898009784005
1
8.938118154371349
95.58614797783089
0.20505438558748312
8.321648410677208
1
8.610992325141423
135.79293329300413
6.332413620846733
5.5797827554214745
3
2.8422807886546653
161.22830598002
6.600150766333066
9.974679477295522


17
19
14.357247365340713
1.341456478005068
6.295060441472389
172.24679543117057
0
1.343248200418192
0.6822740990442888
2
4.5777402041652255
58.66885501044582
9.129782230488896
6.153627436111792
2
9.830350144849406
166.40841856024534
2.503619845454048
0.034534994849998446
1
5.162087910028244
40.94972334939288
3.6677166782737416
2.4594617218664827


0
11
6.317143253278392
7.426044425379738
1.4124247063089856
146.67485433165473
1
2.354898152805273
0.020615960992541815
1
1.904658840588489
97.20119413504142
9.098881701587091
6.222295800547551
1
2.580350369003633
163.3819716164436
1.3076156633031244
9.682110348525718
3
0.7065704819463703
82.25465462393487
7.324099855288546
9.784403544501945


19
1
5.183462489158057
5.023817226671984
7.746654377302873
157.5343622280628
0
1.1979244109873939
1.6576196284205458
1
5.67430232600107
98.2105527207746
7.209594419035063
1.310022837059931
2
1.6753483677592773
123.61273245136158
8.52777295651735
9.903555531890575
1
6.317679925412957
13.951496929541584
5.0914361947348
7.698841201981282


11
10
14.846721972410108
9.54469797695765
3.9818194304653467
66.13287231801144
1
1.5148997718293697
1.4635064500707646
1
6.987439825976182
44.74194395852121
1.503083141451218
4.74760931727139
1
8.49120062324134
69.20406103312622
6.572936949031563
7.966793326139976
1
4.104561289409302
142.11209386610838
6.550627018995932
3.563203281395598


16
6
8.280029265917964
7.193648067670275
1.076948325459595
179.08457453014776
0
2.689194369786004
1.5338875593078365
1
7.896810429331814
135.8232345209715
2.480238917778398
0.04288929370663053
3
2.2296078771900243
38.009820338818436
4.7993869854980815
1.051218747252578
3
6.064829577377983
12.722463815120202
1.3561714662948499
5.875073052685967


7
20
5.932023376440638
7.709160406722741
1.3548651581163746
123.30482904752648
0
1.8595632654548757
1.06519139704341
3
7.771563499934496
88.69596186157163
4.500302336943166
8.20464323201056
1
2.002771067898186
4.57124106110059
3.778108916705145
8.53010941526586
1
1.0886594637018876
137.84921796601128
7.758809971135657
7.115561263540878


20
18
2.6354478098287837
4.465036847964619
4.735557522840805
64.52028226139603
0
2.5987965100311503
0.9566533203388521
3
6.419512371932042
53.31180150201393
2.0622962676122003
7.761823848639308
2
4.738359534900221
1.4444471160480932
8.507381252176122
3.5108481121407076
2
9.345686835556448
35.321540656366395
6.635980995042131
4.915995560634735


20
18
13.031341744931044
8.435445069054202
3.6140754201864076
39.29461745846988
0
1.256431134321461
1.1388679076334352
1
8.967200717863065
169.0946534628724
5.969271652667678
2.4780957716113736
3
3.9047914169065754
170.91860037794513
5.570672919281142
8.632955963593073
2
9.054723426733794
51.928821879965966
6.030090039017485
6.544917969039787


20
14
5.5088625882242255
7.523257110567654
6.882962215424761
10.569952311623434
0
1.9655265375318085
1.6289036178712923
1
7.4977798760097105
113.96834649627885
4.375365538837814
1.7616853735343996
2
4.056827211559363
117.12466061773105
9.239853299413358
1.1239412367817403
2
0.6362838728865661
40.1339433037791
1.1945911612427962
1.715397507862988


9
14
14.660726647133766
8.751669509290068
7.599215703509241
16.72382818873176
1
1.31350147278898
0.31198017605617756
2
4.446700936789689
175.6499802372072
3.7156720120347906
8.770544576703701
3
6.2014756774452175
168.5347700328289
1.5237155098053778
2.1129581659167265
3
3.2479240706042867
18.30211721106689
5.1478812235315585
8.712655483416246


2
13
2.254281780124461
5.81910442219138
6.795781359144844
144.1418677226051
0
1.6770341940174103
0.44970819349570323
2
2.755217192345103
155.20887711017141
4.518924771801382
1.2128278107086798
1
8.984211705836358
140.8522771205059
1.161811813398711
5.2022794565728105
3
8.70239434209519
24.445427233196174
4.735006344999693
8.84200159727487


1
13
16.718199953620847
2.517391674031957
7.937576497914787
53.30599737697496
0
2.2210247955960103
0.9148914548687375
2
7.78170060011251
152.89117751895012
7.102992760476591
9.8426796638555
3
0.6955077267817944
10.292371731570904
6.563601976330156
9.296580606063053
3
7.768602562596101
153.4829461474443
7.19718033943361
4.1970834769274665


0
6
1.1447967093030154
6.51323260031572
4.522045549629583
128.39836241345913
1
2.5616201471263125
0.15289173800550504
3
5.970770248717503
86.21003674509694
2.1531887725744836
9.651336283144119
2
7.097676190857052
67.25335410318587
7.692912710389929
0.6900371574593833
1
3.8553925404226206
148.0164937727073
2.2491174460363004
3.748449256488203


6
18
19.807975902650156
6.992944813872949
1.324246913285159
20.420809536786507
0
2.0933011997945163
0.8695559428629753
3
5.280232751687973
10.301478540523107
1.1833899267891401
8.753538958177684
2
0.07202573427566028
100.37850702538718
1.8977115532128352
9.411234663742857
1
9.078131614689283
72.62201752875225
4.664175404743748
2.7524217918611793


10
15
13.196799265696914
3.670488766790636
1.7864709242434391
73.83002975449227
1
1.9800329772518193
0.4457058128176026
3
2.365836729654447
70.54582897119391
1.8799702241431382
9.96925996351017
1
2.0863293137288466
41.00863953764705
8.685191833441204
4.825890393508066
2
7.70811335665841
1.6566023645369476
2.367312377884531
0.4802853299207255


5
19
11.564680048944592
1.6587744313098014
2.0523884642488177
146.68831987684453
1
2.810476878484002
0.07819041218818712
1
1.5238374322297632
177.4548284125689
3.3285466078898738
0.10074177701930087
1
1.4826055775521352
178.0252042548459
8.442170732516342
5.4973887898785225
3
2.0047727670144164
70.58110871449183
5.035856004549094
1.2677857492947564


19
14
16.99420267957809
3.7042504466226203
5.145732292992509
54.329947904851835
0
2.917265754606268
1.647500600029641
2
0.39137544837582694
33.82432379615645
6.1235374075826465
1.9048473646247654
3
3.585210865515651
133.08406476561254
0.10080007056948337
8.305127478883284
1
5.430711510371983
80.79841031957
8.208084662174475
3.8849422120827737


19
9
3.9775670948841158
4.284773652857401
5.793507949629175
106.54317460942833
1
2.3603411784380466
1.3119464389708095
3
7.40466898371678
144.15260413909462
2.360531900711785
3.7607242880666005
3
2.6292462330806785
106.23990103309175
2.7495886988251517
1.8206780741258444
1
8.249538178907105
8.007292262767704
7.899621754908374
4.226170897060801


18
13
8.512657899882235
8.070760420411137
4.393736571178734
28.267884363057995
0
1.5743533091891144
0.8283968685440986
3
6.015015308956051
116.32438069786285
0.5114744936827242
2.032780624086911
1
9.509274806256695
161.96119513064508
6.1897385101736795
8.941757232891053
2
0.5065200833381134
64.07195959824902
0.7276425072118942
6.3207237200996556


2
1
15.714739392250097
5.249619305243059
9.627730633641708
133.80883461168992
0
1.6801234565651648
1.5995820453382563
3
0.6626077123907748
105.56033798537652
0.1826600203621176
1.128972918532407
2
0.3483532668549927
165.5359086241596
5.436791311198071
3.784012657555876
3
7.392047688843783
42.4071525507607
4.542892443137135
6.6634360068262986


4
15
15.943774219368601
7.213463890190341
7.216896782023529
164.5645387390143
1
1.460168852554502
0.4479578880383157
3
9.508164454750727
90.63237769197458
1.7555412757791022
6.254408783080921
1
0.8873747114240527
99.86770810278165
4.167590951497776
7.830619348438236
3
1.9879110253662535
16.87892595283141
4.569519264913113
6.8657900465682005


8
16
19.447367306614787
3.1101080251284303
7.3240748017231985
20.271780982014285
0
1.9982900034248932
0.11613358731191581
1
8.922368012728196
132.34442810537203
5.910350498615248
3.8602589936913145
3
1.6947241504653876
132.6628850384674
2.1125549733622853
0.33968871578708315
2
0.39638963692071316
144.221005747962
0.05271686424137001
9.627288939645286


16
9
19.51933699405336
3.7573425942580325
4.099404349383162
133.76573791680832
0
1.9832208454479945
1.4938611417688483
3
4.7331203481459125
84.27891961241534
8.032531449721903
4.787984082665782
3
9.196247616505326
164.00785329825771
1.3932604756603517
8.009492562570529
1
4.252154058255044
19.96682314264537
6.414181838830254
3.027142749666215


7
7
14.17390667600436
6.420491865917243
4.87072433823182
139.2557454068136
1
2.6763407953805203
0.5715877693600178
2
5.230607422734614
105.80885788631093
2.501986333495907
5.10887311464454
1
7.525531975296303
24.337298070025426
6.805341733253224
8.901496052103317
1
5.616979787434957
17.897117777750214
7.915382290650479
8.136270015567037


6
15
16.335526927264905
1.9532527106248594
7.478503703869414
64.11666943899077
1
1.5434499921031757
1.120570434256592
3
0.9301786954673852
87.37555242682039
1.8651328682478752
9.658894572027126
2
6.194498792908921
52.79293462745536
5.046701583588656
5.621205695483949
3
9.257275467988107
23.003223913152336
5.828640321522268
4.949607843363894


4
19
2.5443175361606563
1.8018143404219837
2.2553022764479973
174.1959224224101
1
1.5506064032140114
0.09955336837785733
3
6.093037057596548
58.031926692674915
5.889775007335929
3.268860020372535
3
8.584309949034811
165.97289973303347
7.8910335257376545
2.7568285590453345
1
7.304420884764671
147.96592563172996
7.116024575249589
1.6387370596248663


10
6
10.177138236112025
8.372259709450756
3.149764776730632
102.6360941037346
0
1.1240260333725747
0.7880075295853288
3
7.004743154200854
45.251499680210294
5.502786342489422
4.689899883225959
2
6.256585667052531
27.071760926895823
4.306656990565551
3.5757451505105777
1
1.2979190203453073
103.14998164556152
8.616057818190484
2.1248201169810113


7
6
13.184282920308734
5.261247033500012
4.495144382102872
52.21319844072562
0
1.7740450274008035
0.6459331737348555
1
2.0115302924468628
17.002951776430322
6.610605965805213
8.214252294947592
1
4.084935631408772
45.4111825935677
6.520666154566443
0.9787932271390853
2
6.6113615014442555
10.114245943577536
1.7382360564906019
6.971849292984952


11
4
6.341798382574049
7.849974311892599
2.9223578071380607
21.190567279173628
1
2.383144785727751
0.9002241845810459
3
8.314434034383819
176.09035669387268
8.802545523817804
7.991364211979654
3
1.2068022237393783
56.36114017712839
5.028389689657775
7.712365878624245
1
4.261203784523074
48.63743926595182
2.6653592644857693
2.6002091311247733


10
12
8.019428925523119
7.76142410245006
7.917572502213484
22.688351941224095
0
1.1580391534049879
0.8575958155629118
2
0.5212320784295155
76.75900036211216
3.936911412451054
0.039304857057416154
3
2.795615803224376
91.65186359390941
7.54816375861507
0.8383200849465822
2
5.098355966573697
107.25950837331993
3.0636763319767613
3.820551708382891


12
17
11.464186090957435
4.6808890189212935
9.524324696128076
127.5686582060841
0
2.2458246214658337
1.9440740106279
3
5.956198527366424
73.56683907897647
9.609936226892799
6.951491868893273
3
7.653263893822187
90.07631806478226
6.921418330652582
5.461699847001734
3
1.3825839311585775
67.33866028261792
6.3008408776150535
4.687982419659917


20
6
14.599541873367627
4.0397794931453745
6.690168081556021
60.836291884332454
0
2.0141925124482993
0.4710478091115937
2
1.727668892063643
152.52159826257932
2.5075256503742605
0.2987297848048287
1
6.622870776610101
78.58335245417231
2.9580739114234875
2.7162702392187166
2
0.7397237354343567
90.62396820449416
4.171680834125953
2.676560227871223


14
18
18.340249737881376
3.062712930230588
1.7578544173855333
61.55515924228284
1
1.9957038504363143
0.1278841939231521
3
8.553419481709117
14.48347022993115
6.6398153429304365
5.726561079804418
2
6.821891436038773
13.761468177141857
3.227252636247271
7.007865587918176
3
7.501708418595192
100.34364440071467
9.131779793712356
1.1741094739897961


2
14
3.422787333180326
5.6778825803690545
1.6010455785562157
36.280259244487645
0
1.4961269603227192
1.2011051893213929
1
6.343857529767668
140.8334579407851
1.4585429710420483
5.747929836655858
2
6.695517699432322
93.71320465122781
7.793300820837928
7.515547230556441
2
6.429408200311215
165.80891961185856
7.038870635179793
5.29734466264567


19
15
15.751427008862118
7.790709144772088
2.904555511124838
156.00532528187642
0
2.8668372151487467
1.5201276404151929
2
6.543024961391253
151.40732581468757
4.857230386270077
5.231158419427466
2
6.890395452146992
10.320156045184516
2.897125428224545
8.950577635883718
3
3.818280716400866
80.53354112524467
5.40204329542788
6.027306956683251


2
18
10.259929219864315
2.420773573456099
2.089125646486468
106.62606676466224
1
2.4412794530606208
0.1295654806731088
3
6.22741468469436
124.69519383105502
6.054179156632529
4.583234244814921
3
1.9486565791728216
111.89860993689972
8.582840801079787
6.573203955976494
2
0.9868370286841432
23.86891764628365
2.138761842430804
7.665114541344909


16
19
3.2888628412637577
9.202029646719307
7.380729416161308
142.91906824750967
0
2.135492929772833
0.6880945619480276
1
8.962597990284232
110.30673602024656
3.358279227206007
5.628413133239065
1
7.822260939312583
66.24580653937909
5.26972945925237
0.4672561510447226
2
5.147917225034892
56.15487208122512
9.839697927758413
3.608023207296329


20
19
3.4785486681610744
6.746300028346676
3.5244092869637282
76.0362911016798
1
2.712698702229959
1.5938797042901356
3
7.417666411807193
83.70203296649866
1.8176291453301896
5.182131416609047
1
0.2076533638269673
154.07684129357617
4.269515695904857
4.07255484413645
1
2.662780452509507
157.38600625461314
0.5413739876211798
5.445802442405857


19
6
11.177629527917377
6.370051566063842
8.64264437195197
64.5151951685104
0
1.7119495179728315
1.836564606298141
1
2.737484992773017
73.18801260860135
5.750969117013877
1.3202322416746137
2
8.70073113469186
62.85216388940993
7.248950109611582
1.9751356857681868
1
9.67800677584885
179.39374327557098
6.006619694211896
0.37742159335400816


16
9
16.36726268340642
1.6844527226147563
2.738250159428687
58.804513921844766
0
1.0408422251102205
1.5758240050611372
1
5.672757332186381
9.180547734646067
1.1619271180600699
7.3435045043456455
2
1.7721251462173648
130.9957394290907
9.637707978143178
1.9552824053714157
2
5.145211382894017
161.5439255124051
8.512841284815108
1.9480491518111742


15
12
5.100943020944106
5.548712936297353
2.3418085495012573
149.3056147430783
1
1.2322926879948677
0.44647851782478587
3
4.467905761746676
105.73216323218674
3.036076346276495
8.437533595415065
1
7.562792738371811
92.50378187875242
2.9816000583273636
6.293375329583581
3
1.2235712114217567
19.950084851620332
7.148102502085557
9.106365686724168


5
5
4.4599428667922165
7.886701429913894
6.803629338140685
107.92952879840773
0
1.3653731937027067
0.5901717630504628
2
4.5067606196458705
64.32536784596427
2.520806175439998
6.027865224283817
3
5.499923766432673
91.94417648448373
1.241094992422136
7.333549183401656
3
6.065164518940202
140.20232757385247
4.615019753198847
8.58218736797358


18
8
16.024384376478785
2.8668490220629654
9.73024361812567
13.169560664280365
1
1.6502122748094719
1.413610193001045
3
4.716063761865063
69.93161446650775
8.988005195404451
4.830481203100824
3
3.7331590874005327
99.8464691122472
6.0351547366116876
2.3051672522498556
1
3.9831231719274705
83.61184055224092
9.542467688078242
5.584403434163185


7
7
7.859933023041073
8.94533059384019
8.065427554601676
68.68957023725471
1
1.6769572315867476
1.0733653249289514
1
5.726785938440678
69.33589297292585
1.9795567108812284
7.597588308905028
3
7.391120941635449
158.48252041231615
5.830382788107615
2.4021048269099365
3
8.002595940879617
176.97101474992783
9.305098698470456
7.81922633794273


5
5
15.020116803551065
5.272528009782031
4.315758077525152
65.42781829880724
0
1.3287989214837947
1.687238445372246
3
4.793253489846146
121.72693014890267
8.03564751845611
2.5587194042056316
3
2.658256198291201
108.03776982294413
4.07548483832641
1.1198469232030772
3
9.794526451952416
135.8292088154601
8.35067417720208
7.8287519611608705


11
3
18.564270418865448
4.962775705875093
6.4206994851645645
17.21651386884965
1
1.3590593374357869
1.2721878918669278
1
2.470090249447746
111.55302483509317
7.405887205127776
8.557146443471517
1
1.6719923900416134
143.17311611878938
1.281041330602568
6.850397370696899
2
1.9922418463892788
31.284132659527273
7.035208655203736
8.649836381853381


0
14
13.09110517165812
8.72738673180849
2.7672208916029772
79.91691984977399
1
2.632341244841563
1.4088188375696054
2
6.046971150261714
173.64351965902193
5.643242364210488
2.8816072281749916
3
3.2402054195118613
129.9774399850803
6.0445927420011945
4.735001729129245
3
7.890855053461702
90.28885235413894
5.965926741796115
7.793281071933805


16
17
12.787902347561053
5.370959582745402
6.848946596954194
24.070117543864455
1
1.0297408159840489
1.6324354446801033
1
4.74118701447199
120.59587313266445
5.080782077816405
6.7933434516982665
1
4.379001545117975
113.31073508990917
0.02103811077075468
2.774681424845485
2
3.5294786652655263
139.47441233092889
0.8520313036160421
4.543333156603241


4
9
5.995333506680596
5.65096722877357
5.069834753481898
151.06339115204412
1
1.0181224423294868
1.5506556995883853
1
1.6480241764930892
122.42837637415872
1.1912351874582217
3.748452641805866
2
7.670809101460368
124.53788922889326
1.8383450958024106
7.198580969894514
3
7.156252574041357
42.48811377061644
2.8632862349437707
5.577497829752871


3
8
8.287905450315025
6.000627202095882
1.1923908319786554
142.81222823064405
0
2.8834560972344945
1.6875886466237335
3
7.448954692747163
28.498483608244396
8.829362109486937
5.31555005187527
2
9.442785095172013
99.65306055691944
4.958573132717894
2.0901278912543955
1
1.0761824662927089
140.84737005845892
9.496409125565762
3.9066619567837235


19
11
4.070026733629493
3.615051870243121
8.930409384047913
74.95795354055275
0
2.6282172937644455
0.054573975702697064
1
0.8776400438816723
121.68677387978738
3.3571370975454085
9.78874683387928
2
3.7655339195064306
177.79468779900247
4.484208419987191
8.271004848647033
2
0.8817920794283218
168.30923988853337
0.9492786690503463
6.135531919581733


16
2
6.687705410043161
4.400682315125381
6.186248592989107
83.58099494764168
1
1.5328495333150374
1.4474845450211
3
0.9437469138173737
154.84654532149483
1.6517438577641608
8.495937266056929
3
7.272136772055202
30.151146510197577
7.909812746732822
6.442933568412819
2
7.06658750729511
148.7555374340097
7.002953756698192
3.04338220187521


16
19
7.0558656393647095
1.2880002523384304
8.43263540046343
35.42974784685417
0
2.3812890513219562
0.4705909298192734
3
5.914575716178854
179.51900844820753
7.996384144170373
4.802399431115509
2
9.797496320449131
9.257001763700359
4.818982958471036
9.587273499171696
3
4.02133422515398
127.59360407299897
9.411504480685021
8.485118663782435


7
3
0.8012940375239164
8.407523824529644
4.7390028853209
11.66510114186956
0
1.3505524114015957
1.2869886975750875
3
4.054501495578605
16.914130780845827
9.853897918699772
0.8097107605740039
2
5.837991326130872
68.67989884137454
0.5266245625628307
9.622430346393253
2
1.4131463125579025
86.67268132027378
4.7996566110185
1.6126516626719978


10
13
3.9212075722606365
2.62908384900699
3.942357413545372
75.12055101959456
0
2.564386277370585
1.0955882159096906
2
1.122227129248815
161.157096590187
8.523196789444945
6.749971665219594
1
1.8314459200647781
143.09808253897498
8.666537014683163
3.3190778386371242
2
2.947388097649627
132.7159211746832
3.068247981687362
7.4165844592597


0
20
6.957449114247254
1.964380854867236
6.4626781744713275
131.07797359802078
1
2.3109797952777917
0.33466682929318003
1
9.625849797596363
64.80039114820588
9.678509609552986
8.075346117868156
3
4.257409432564633
98.76852496949896
7.7243113568606425
2.4731941410739857
3
7.512388893431323
149.26801108348477
6.30749760556664
0.5882111719949856


16
9
17.686306024284683
6.332823379029891
5.262847426891754
151.55899609774588
0
1.92473963015229
0.611983687672268
3
4.835738712024243
16.601505463665287
8.791439864243465
5.2429113653191
2
3.5577507260470123
64.3857141677415
6.515541473686373
3.336906881316888
2
7.706969708419033
82.15845241562486
3.2180868475267523
7.701830463718774


9
19
2.32395401174605
3.19064879522624
2.4531125949959782
133.1320107936064
0
2.332127314740585
1.3614568842932335
1
2.5552265587110523
41.566281618523426
6.435837602661499
1.1948223574400352
1
8.87756233684447
152.33101900647048
3.6093457629423242
0.30715505770738005
2
0.7507823042109774
48.48041063659217
4.0400543693799875
2.717368478587585



